# r (Angstroms), cation-water g(r), anion-water g(r), water-water g(r), cation-anion g(r)
2.500000000000000139e-02 0.000000000000000000e+00 0.000000000000000000e+00 5.716934931797096215e+04 0.000000000000000000e+00
7.500000000000001110e-02 0.000000000000000000e+00 0.000000000000000000e+00 0.000000000000000000e+00 0.000000000000000000e+00
1.250000000000000000e-01 0.000000000000000000e+00 0.000000000000000000e+00 0.000000000000000000e+00 0.000000000000000000e+00
1.750000000000000167e-01 0.000000000000000000e+00 0.000000000000000000e+00 0.000000000000000000e+00 0.000000000000000000e+00
2.250000000000000056e-01 0.000000000000000000e+00 0.000000000000000000e+00 0.000000000000000000e+00 0.000000000000000000e+00
2.750000000000000222e-01 0.000000000000000000e+00 0.000000000000000000e+00 0.000000000000000000e+00 0.000000000000000000e+00
3.250000000000000666e-01 0.000000000000000000e+00 0.000000000000000000e+00 0.000000000000000000e+00 0.000000000000000000e+00
3.750000000000000000e-01 0.000000000000000000e+00 0.000000000000000000e+00 0.000000000000000000e+00 0.000000000000000000e+00
4.250000000000000444e-01 0.000000000000000000e+00 0.000000000000000000e+00 0.000000000000000000e+00 0.000000000000000000e+00
4.749999999999999778e-01 0.000000000000000000e+00 0.000000000000000000e+00 0.000000000000000000e+00 0.000000000000000000e+00
5.250000000000000222e-01 0.000000000000000000e+00 0.000000000000000000e+00 0.000000000000000000e+00 0.000000000000000000e+00
5.750000000000000666e-01 0.000000000000000000e+00 0.000000000000000000e+00 0.000000000000000000e+00 0.000000000000000000e+00
6.250000000000000000e-01 0.000000000000000000e+00 0.000000000000000000e+00 0.000000000000000000e+00 0.000000000000000000e+00
6.750000000000000444e-01 0.000000000000000000e+00 0.000000000000000000e+00 0.000000000000000000e+00 0.000000000000000000e+00
7.250000000000000888e-01 0.000000000000000000e+00 0.000000000000000000e+00 0.000000000000000000e+00 0.000000000000000000e+00
7.750000000000000222e-01 0.000000000000000000e+00 0.000000000000000000e+00 0.000000000000000000e+00 0.000000000000000000e+00
8.250000000000000666e-01 0.000000000000000000e+00 0.000000000000000000e+00 0.000000000000000000e+00 0.000000000000000000e+00
8.750000000000000000e-01 0.000000000000000000e+00 0.000000000000000000e+00 0.000000000000000000e+00 0.000000000000000000e+00
9.250000000000000444e-01 0.000000000000000000e+00 0.000000000000000000e+00 0.000000000000000000e+00 0.000000000000000000e+00
9.750000000000000888e-01 0.000000000000000000e+00 0.000000000000000000e+00 0.000000000000000000e+00 0.000000000000000000e+00
1.024999999999999911e+00 0.000000000000000000e+00 0.000000000000000000e+00 0.000000000000000000e+00 0.000000000000000000e+00
1.075000000000000178e+00 0.000000000000000000e+00 0.000000000000000000e+00 0.000000000000000000e+00 0.000000000000000000e+00
1.125000000000000000e+00 0.000000000000000000e+00 0.000000000000000000e+00 0.000000000000000000e+00 0.000000000000000000e+00
1.175000000000000266e+00 0.000000000000000000e+00 0.000000000000000000e+00 0.000000000000000000e+00 0.000000000000000000e+00
1.225000000000000089e+00 0.000000000000000000e+00 0.000000000000000000e+00 0.000000000000000000e+00 0.000000000000000000e+00
1.274999999999999911e+00 0.000000000000000000e+00 0.000000000000000000e+00 0.000000000000000000e+00 0.000000000000000000e+00
1.325000000000000178e+00 0.000000000000000000e+00 0.000000000000000000e+00 0.000000000000000000e+00 0.000000000000000000e+00
1.375000000000000000e+00 0.000000000000000000e+00 0.000000000000000000e+00 0.000000000000000000e+00 0.000000000000000000e+00
1.425000000000000266e+00 0.000000000000000000e+00 0.000000000000000000e+00 0.000000000000000000e+00 0.000000000000000000e+00
1.475000000000000089e+00 0.000000000000000000e+00 0.000000000000000000e+00 0.000000000000000000e+00 0.000000000000000000e+00
1.524999999999999911e+00 0.000000000000000000e+00 0.000000000000000000e+00 0.000000000000000000e+00 0.000000000000000000e+00
1.575000000000000178e+00 0.000000000000000000e+00 0.000000000000000000e+00 0.000000000000000000e+00 0.000000000000000000e+00
1.625000000000000000e+00 0.000000000000000000e+00 0.000000000000000000e+00 0.000000000000000000e+00 0.000000000000000000e+00
1.675000000000000266e+00 0.000000000000000000e+00 0.000000000000000000e+00 0.000000000000000000e+00 0.000000000000000000e+00
1.725000000000000089e+00 0.000000000000000000e+00 0.000000000000000000e+00 0.000000000000000000e+00 0.000000000000000000e+00
1.774999999999999911e+00 0.000000000000000000e+00 0.000000000000000000e+00 0.000000000000000000e+00 0.000000000000000000e+00
1.825000000000000178e+00 0.000000000000000000e+00 0.000000000000000000e+00 0.000000000000000000e+00 0.000000000000000000e+00
1.875000000000000000e+00 0.000000000000000000e+00 0.000000000000000000e+00 0.000000000000000000e+00 0.000000000000000000e+00
1.925000000000000266e+00 0.000000000000000000e+00 0.000000000000000000e+00 0.000000000000000000e+00 0.000000000000000000e+00
1.975000000000000089e+00 0.000000000000000000e+00 0.000000000000000000e+00 0.000000000000000000e+00 0.000000000000000000e+00
2.025000000000000355e+00 0.000000000000000000e+00 0.000000000000000000e+00 0.000000000000000000e+00 0.000000000000000000e+00
2.075000000000000178e+00 0.000000000000000000e+00 0.000000000000000000e+00 0.000000000000000000e+00 0.000000000000000000e+00
2.125000000000000000e+00 0.000000000000000000e+00 0.000000000000000000e+00 0.000000000000000000e+00 0.000000000000000000e+00
2.174999999999999822e+00 0.000000000000000000e+00 0.000000000000000000e+00 0.000000000000000000e+00 0.000000000000000000e+00
2.225000000000000089e+00 0.000000000000000000e+00 0.000000000000000000e+00 0.000000000000000000e+00 0.000000000000000000e+00
2.275000000000000355e+00 0.000000000000000000e+00 0.000000000000000000e+00 0.000000000000000000e+00 0.000000000000000000e+00
2.325000000000000178e+00 0.000000000000000000e+00 0.000000000000000000e+00 0.000000000000000000e+00 0.000000000000000000e+00
2.375000000000000000e+00 0.000000000000000000e+00 0.000000000000000000e+00 1.140149093838915740e-05 0.000000000000000000e+00
2.425000000000000266e+00 0.000000000000000000e+00 0.000000000000000000e+00 8.121133614888494286e-04 0.000000000000000000e+00
2.475000000000000089e+00 1.944222558834451595e-04 0.000000000000000000e+00 1.764770816654031085e-02 0.000000000000000000e+00
2.525000000000000355e+00 7.471954008622099831e-03 0.000000000000000000e+00 1.480171673246011843e-01 0.000000000000000000e+00
2.575000000000000178e+00 8.998720617099434382e-02 0.000000000000000000e+00 6.049478844360174357e-01 0.000000000000000000e+00
2.625000000000000000e+00 4.410827553094605613e-01 0.000000000000000000e+00 1.465042890390892305e+00 0.000000000000000000e+00
2.675000000000000266e+00 1.269085218687428407e+00 0.000000000000000000e+00 2.410116160405071817e+00 0.000000000000000000e+00
2.725000000000000089e+00 2.398569872612848819e+00 0.000000000000000000e+00 3.002385900460151635e+00 0.000000000000000000e+00
2.775000000000000355e+00 3.557297182878957020e+00 0.000000000000000000e+00 3.088926989409980006e+00 0.000000000000000000e+00
2.825000000000000178e+00 4.156568025220510165e+00 0.000000000000000000e+00 2.792911666716787700e+00 0.000000000000000000e+00
2.875000000000000000e+00 4.271744449532914878e+00 0.000000000000000000e+00 2.338555238505228395e+00 0.000000000000000000e+00
2.925000000000000266e+00 3.936245439837195992e+00 4.176092343428082260e-04 1.888560922216230953e+00 0.000000000000000000e+00
2.975000000000000089e+00 3.380367482661053469e+00 4.306029196495112128e-03 1.519499472152079811e+00 0.000000000000000000e+00
3.025000000000000355e+00 2.796313550171902307e+00 3.774405071211783813e-02 1.249699011483270894e+00 0.000000000000000000e+00
3.075000000000000178e+00 2.252935990098416053e+00 2.079497579053214418e-01 1.066975219307545908e+00 0.000000000000000000e+00
3.125000000000000000e+00 1.833358953757732834e+00 6.673411957002803874e-01 9.485723370341975214e-01 1.341511906561235978e+00
3.175000000000000266e+00 1.466413624305703323e+00 1.478818831407870515e+00 8.765606765565180369e-01 3.898779374966823141e+00
3.225000000000000089e+00 1.209224494164860442e+00 2.437686650736889060e+00 8.363143174310131434e-01 8.359222355495719015e+00
3.275000000000000355e+00 1.030785880028084245e+00 3.195069795532488932e+00 8.183533799651681040e-01 1.332482016625768573e+01
3.325000000000000178e+00 8.837823484288449549e-01 3.502811657912276999e+00 8.122524265179779102e-01 1.928291569585120158e+01
3.375000000000000000e+00 7.818818250367973732e-01 3.442977616560136678e+00 8.155903627925158439e-01 1.965683111887107160e+01
3.425000000000000266e+00 7.042939935217338299e-01 3.090081012949040140e+00 8.231433257288029992e-01 1.989932575036180396e+01
3.475000000000000089e+00 6.394948486265168430e-01 2.586679733949361015e+00 8.339864959879432771e-01 1.361047025145886913e+01
3.525000000000000355e+00 6.240700286719704781e-01 2.051542757440463216e+00 8.467467645944281029e-01 1.303540529863123787e+01
3.575000000000000178e+00 5.760775936976629819e-01 1.612961350584414255e+00 8.601002481761964580e-01 1.090279496322008512e+01
3.625000000000000000e+00 5.779691588005491099e-01 1.287628640282170389e+00 8.743787884384862652e-01 8.610172508397704760e+00
3.675000000000000266e+00 5.503563112678495628e-01 1.015879619581097071e+00 8.902474096130061909e-01 6.966535585668980346e+00
3.725000000000000089e+00 5.740481799326571100e-01 8.280267332252306822e-01 9.053884803925603686e-01 4.377460702237665480e+00
3.775000000000000355e+00 5.829282539570406207e-01 7.128021617203726956e-01 9.211379617444925838e-01 4.095123217762721701e+00
3.825000000000000178e+00 5.907438575932818514e-01 6.379577803442951778e-01 9.385707801795587502e-01 3.988762439309742724e+00
3.875000000000000000e+00 6.120035402154253568e-01 5.827358748007686051e-01 9.557060291855377088e-01 2.379484993061529607e+00
3.925000000000000266e+00 6.432821216506949824e-01 5.604849635822062304e-01 9.711332012559914517e-01 2.164631583489900368e+00
3.975000000000000089e+00 6.732554486993764797e-01 5.478303404777282726e-01 9.895623457498416986e-01 1.582888985970321016e+00
4.025000000000000355e+00 6.775108685582366119e-01 5.503305514352169192e-01 1.006805998623890863e+00 1.323263415152805988e+00
4.075000000000000178e+00 7.205160404541466335e-01 5.736300310125687085e-01 1.024228684780956078e+00 1.434433685952909654e+00
4.125000000000000000e+00 7.606197511431662672e-01 5.860558734077235821e-01 1.039535451216404338e+00 1.049903033693521337e+00
4.175000000000000711e+00 7.807738002711629433e-01 6.163104645528914016e-01 1.055168337893790165e+00 9.565794350044878325e-01
4.224999999999999645e+00 8.178473983830931715e-01 6.687293582961122418e-01 1.068741603285306097e+00 1.134231177395381263e+00
4.275000000000000355e+00 8.514190829959694673e-01 7.119597000942186060e-01 1.080879165164788436e+00 1.433694590578746597e+00
4.325000000000000178e+00 8.850114599585052755e-01 7.462747713793985715e-01 1.091606625074542425e+00 5.730290028508306932e-01
4.375000000000000000e+00 9.236368651887401082e-01 7.884264833472464096e-01 1.098700398187922644e+00 8.088978204967408603e-01
4.425000000000000711e+00 9.500818320146251494e-01 8.469231388586196951e-01 1.103563720020414918e+00 7.907211149929658234e-01
4.474999999999999645e+00 9.961149079203378554e-01 8.970327276949343620e-01 1.107052812214897042e+00 8.326233632386846883e-01
4.525000000000000355e+00 1.024536796419681206e+00 9.439768178207679217e-01 1.106801156601919356e+00 7.561586438887166750e-01
4.575000000000000178e+00 1.036406116440144354e+00 9.922504589043174006e-01 1.105457826205784588e+00 1.081130790181329848e+00
4.625000000000000000e+00 1.072524879495640793e+00 1.032993515510700400e+00 1.100703949303654783e+00 1.224915503758713387e+00
4.675000000000000711e+00 1.115370599969030874e+00 1.068506289045962232e+00 1.095883111645983510e+00 1.198854465473845776e+00
4.724999999999999645e+00 1.131046099794300153e+00 1.105439924532472862e+00 1.087964670147847812e+00 1.066923969242807413e+00
4.775000000000000355e+00 1.122997253992152666e+00 1.150316085744229389e+00 1.078356089045141353e+00 1.514810938451668587e+00
4.825000000000001066e+00 1.125831708916615881e+00 1.155145180503348357e+00 1.068967052774947968e+00 1.381263059060690912e+00
4.875000000000000000e+00 1.139138812937863232e+00 1.191157029814793544e+00 1.057584873019324023e+00 1.453302783652194563e+00
4.925000000000000711e+00 1.147797179994827665e+00 1.194738235097285717e+00 1.045235197326855436e+00 1.620350228432123396e+00
4.974999999999999645e+00 1.148516815446786188e+00 1.217905170058578790e+00 1.032649715691970282e+00 1.539824790275563737e+00
5.025000000000000355e+00 1.125397325222285305e+00 1.197373700674473351e+00 1.019439516218307640e+00 1.792334382164578299e+00
5.075000000000001066e+00 1.123955306593930947e+00 1.202520272688849534e+00 1.008569590550451922e+00 1.572224159639333818e+00
5.125000000000000000e+00 1.110792330958196183e+00 1.199711944013224230e+00 9.948063313310603339e-01 2.131168696372421678e+00
5.175000000000000711e+00 1.112156817966963196e+00 1.193674070339541649e+00 9.831294608747124242e-01 1.867825749944515668e+00
5.224999999999999645e+00 1.084473403026682270e+00 1.187995482972871386e+00 9.707495340204103096e-01 2.486623917797211814e+00
5.275000000000000355e+00 1.072615433954040354e+00 1.186468468843016710e+00 9.578518315973091335e-01 2.011688962324018171e+00
5.325000000000001066e+00 1.052987155352811621e+00 1.158201867126197993e+00 9.470294303054648255e-01 2.562114737795034181e+00
5.375000000000000000e+00 1.034889574758200315e+00 1.152872922549706525e+00 9.355031563478988232e-01 2.226100901726529635e+00
5.425000000000000711e+00 1.023671112604913835e+00 1.138639867780062431e+00 9.250147281922014297e-01 2.266191583881845606e+00
5.474999999999999645e+00 1.004662108471768400e+00 1.113289262017675751e+00 9.156576118697667965e-01 2.542844852574277503e+00
5.525000000000000355e+00 9.943637985432299820e-01 1.084334877545061859e+00 9.074997260050717829e-01 1.989820047308511697e+00
5.575000000000001066e+00 9.778723178415628103e-01 1.068689253978735154e+00 9.015808800503402054e-01 2.950592439899695663e+00
5.625000000000000000e+00 9.588338046932701753e-01 1.053350810290757833e+00 8.985391822288331110e-01 2.296112043586914897e+00
5.675000000000000711e+00 9.487431046897437659e-01 1.025071530652699625e+00 8.989257894979755248e-01 2.033945459284190349e+00
5.724999999999999645e+00 9.324253326119229524e-01 1.016256402071615383e+00 9.003576047620647227e-01 2.143924186442067725e+00
5.775000000000000355e+00 9.308481833581503384e-01 9.826294258145809035e-01 9.053398862552718418e-01 2.106960899951311195e+00
5.825000000000001066e+00 9.292226522926033683e-01 9.772054032344682506e-01 9.113692780591996501e-01 2.000743821277466861e+00
5.875000000000000000e+00 9.285525546417966458e-01 9.555706390076281753e-01 9.190401185937314699e-01 2.553433260627757218e+00
5.925000000000000711e+00 9.361184156658951538e-01 9.446677521189015270e-01 9.283874406966958759e-01 1.832000668501371221e+00
5.974999999999999645e+00 9.340611770494313681e-01 9.082067746702996436e-01 9.379404716639536677e-01 1.668025959943982395e+00
6.025000000000000355e+00 9.354207723309753142e-01 8.923095908626682560e-01 9.480417183468543563e-01 2.034165335643101091e+00
6.075000000000001066e+00 9.555847554995705595e-01 8.914617299625184899e-01 9.585771418437820657e-01 1.678106355272624084e+00
6.125000000000000000e+00 9.502377801766371812e-01 8.722682496369532634e-01 9.683737596512004275e-01 1.619074127656304318e+00
6.175000000000000711e+00 9.613673390806328767e-01 8.628224235603302317e-01 9.785010358821104592e-01 1.905305815131050240e+00
6.224999999999999645e+00 9.826216501556450655e-01 8.577155043912791932e-01 9.879330504199469454e-01 2.305108497127815070e+00
6.275000000000000355e+00 9.788211164855019630e-01 8.556858374393513378e-01 9.967380708836010017e-01 1.119136655541039360e+00
6.325000000000001066e+00 9.937431903704297964e-01 8.482839564534160326e-01 1.004598629015244216e+00 1.607613309766422915e+00
6.375000000000000000e+00 1.009807557820472823e+00 8.503858527144488866e-01 1.013184191589907579e+00 1.435967564374112548e+00
6.425000000000000711e+00 1.006846436172280423e+00 8.581766073684590213e-01 1.019718883324957082e+00 1.067491493448747164e+00
6.474999999999999645e+00 1.011497551088088365e+00 8.706259147287817024e-01 1.025774020750374493e+00 1.249919741845026966e+00
6.525000000000000355e+00 1.024280481451094627e+00 8.723000396845499438e-01 1.031519427661192312e+00 1.622467443854147762e+00
6.575000000000001066e+00 1.030002231010488600e+00 8.941268999236474668e-01 1.036497578751705673e+00 1.515235849508569155e+00
6.625000000000000000e+00 1.027674472072495959e+00 9.073015327475700831e-01 1.040418970591256542e+00 1.546721718106576660e+00
6.675000000000000711e+00 1.043183295585064618e+00 9.185391171575251201e-01 1.043950139288845280e+00 1.416714873827920496e+00
6.724999999999999645e+00 1.039632193296653240e+00 9.409832699446784021e-01 1.045764753915665812e+00 1.237720074090447930e+00
6.775000000000000355e+00 1.046450780867397290e+00 9.510948021992176038e-01 1.047427952610701318e+00 1.037888203191070779e+00
6.825000000000001066e+00 1.032810779346829522e+00 9.718045279351957833e-01 1.047759663237369354e+00 9.715999805708651627e-01
6.875000000000000000e+00 1.042561881804894730e+00 9.831453037433613984e-01 1.047682089040731457e+00 1.285091383010263044e+00
6.925000000000000711e+00 1.046361587265413062e+00 1.004017371318210561e+00 1.046965582181445642e+00 1.216930546283234493e+00
6.974999999999999645e+00 1.026958363608307057e+00 1.012979979207345282e+00 1.044911162558298301e+00 1.175065588872436839e+00
7.025000000000000355e+00 1.045357908476931774e+00 1.027282068753752720e+00 1.042371895594489617e+00 1.351464652200299321e+00
7.075000000000001066e+00 1.029088231936318376e+00 1.045006014812214890e+00 1.040296349726332892e+00 1.427603845371878233e+00
7.125000000000000000e+00 1.025135605296428887e+00 1.047141674450769111e+00 1.036632439173770237e+00 1.055728264334019117e+00
7.175000000000000711e+00 1.024917524788683254e+00 1.062419021508525629e+00 1.032570051059497063e+00 1.133604774381415714e+00
7.224999999999999645e+00 1.027345152201406986e+00 1.064831340463530784e+00 1.028756896197089654e+00 1.232047575261525640e+00
7.275000000000000355e+00 1.019460520695183892e+00 1.077383646763422353e+00 1.024462072365706966e+00 1.102654692052712049e+00
7.325000000000001066e+00 1.012183032860108023e+00 1.080660766552507868e+00 1.020133331037289981e+00 1.376213772748392516e+00
7.375000000000000000e+00 1.007439086273535400e+00 1.089202639310950183e+00 1.015601033323956237e+00 1.116749117543694769e+00
7.425000000000000711e+00 9.974811341578720958e-01 1.084001653558869904e+00 1.010762865606273708e+00 1.382600060340541059e+00
7.474999999999999645e+00 9.940504700581754838e-01 1.088454997287947812e+00 1.006868298563396324e+00 1.513371287720440383e+00
7.525000000000000355e+00 9.941771453807189962e-01 1.082662024170104598e+00 1.002865026999986364e+00 1.072671456681405289e+00
7.575000000000001066e+00 9.933006031562472415e-01 1.079396618324504287e+00 9.993043265360562755e-01 1.162337716832786638e+00
7.625000000000000000e+00 9.894936194710192146e-01 1.078171945876493787e+00 9.963483373392930664e-01 1.311021688600224167e+00
7.675000000000000711e+00 9.764612666380930728e-01 1.069305456231262719e+00 9.936900507244409431e-01 1.435526450591253722e+00
7.724999999999999645e+00 9.818838356056295291e-01 1.064409337866478955e+00 9.908429318609859315e-01 1.257341388738457910e+00
7.775000000000000355e+00 9.784177503334967607e-01 1.059175978291391429e+00 9.888086291961228902e-01 1.044202508360188464e+00
7.825000000000001066e+00 9.723728155468122081e-01 1.052005035483373652e+00 9.872589834260033781e-01 1.205959363963560405e+00
7.875000000000000000e+00 9.726243682647581767e-01 1.038592671255960553e+00 9.857294565738004000e-01 1.305922737525985866e+00
7.925000000000000711e+00 9.740816779234960920e-01 1.037873816154941231e+00 9.845749536935226587e-01 1.194680353323734234e+00
7.974999999999999645e+00 9.712688882687539049e-01 1.030050252918253806e+00 9.842801873403578261e-01 1.292103905962249888e+00
8.025000000000000355e+00 9.656023515559628567e-01 1.016866399178453895e+00 9.842091665553228674e-01 9.061826599935298709e-01
8.074999999999999289e+00 9.692251821942181600e-01 1.006961109120444231e+00 9.845480507603748821e-01 1.205503957953007577e+00
8.125000000000000000e+00 9.755905932943331749e-01 9.999641211355315695e-01 9.846600714054393189e-01 1.244835988928711279e+00
8.175000000000000711e+00 9.823163350663722815e-01 9.994958664065871634e-01 9.853342654754386754e-01 1.247476342131784044e+00
8.225000000000001421e+00 9.766594204849027294e-01 9.898808355974587636e-01 9.864059801086622059e-01 1.003489562470968766e+00
8.275000000000000355e+00 9.805114726737622632e-01 9.781634212881774593e-01 9.874119956576116186e-01 1.026185420366693357e+00
8.324999999999999289e+00 9.910918564692037247e-01 9.821901939642005974e-01 9.891069575773544509e-01 1.013895922384530301e+00
8.375000000000000000e+00 9.895832244269218148e-01 9.804309507440152061e-01 9.902787632666233408e-01 9.508855774448363718e-01
8.425000000000000711e+00 9.977556153696760521e-01 9.763621939786438775e-01 9.915818934350748570e-01 9.899700878987434116e-01
8.475000000000001421e+00 9.960825751896014157e-01 9.753222185426771995e-01 9.929340979701990477e-01 9.285782525780771346e-01
8.525000000000000355e+00 9.950519262949311106e-01 9.704374235314635611e-01 9.943090337255079403e-01 1.130759447855700150e+00
8.574999999999999289e+00 1.003452912970841604e+00 9.657294846019578438e-01 9.954307319478526983e-01 7.450741541299508164e-01
8.625000000000000000e+00 9.989608777418466090e-01 9.760825667236227021e-01 9.967187072019723093e-01 9.445908677923096075e-01
8.675000000000000711e+00 1.004665724986917530e+00 9.715260944125404530e-01 9.975251316357351961e-01 6.963437178952202045e-01
8.725000000000001421e+00 1.012474398354647365e+00 9.762089938056853766e-01 9.985743913382741921e-01 7.979014805854439674e-01
8.775000000000000355e+00 1.011162111319877432e+00 9.705448673952896677e-01 9.996216170178918725e-01 8.352365468117811664e-01
8.824999999999999289e+00 1.015855045028550618e+00 9.801927645894801255e-01 1.000292099249290967e+00 9.481395313989603446e-01
8.875000000000000000e+00 1.016008436563273554e+00 9.731108738033132921e-01 1.000604446466135666e+00 8.165204050186294360e-01
8.925000000000000711e+00 1.018217791166624364e+00 9.844865233711485031e-01 1.000851810129919972e+00 7.625419581424057736e-01
8.975000000000001421e+00 1.023745259511730454e+00 9.837943692446744492e-01 1.001505595454465825e+00 1.005425809829686434e+00
9.025000000000000355e+00 1.018106724453642142e+00 9.880871472019534529e-01 1.001293567848035693e+00 7.749817799997561485e-01
9.074999999999999289e+00 1.011633338093896661e+00 9.890153725916472904e-01 1.001616413852895349e+00 9.400049601318497539e-01
9.125000000000000000e+00 1.016983536797219534e+00 9.966438660612750855e-01 1.001755989127637747e+00 7.294818618376679442e-01
9.175000000000000711e+00 1.009961684113536595e+00 9.898996869422400646e-01 1.001419489450550593e+00 8.064413531480223440e-01
9.225000000000001421e+00 1.011065114214274363e+00 9.970839663113334472e-01 1.001203408676633488e+00 1.105616300632961568e+00
9.275000000000000355e+00 1.010853939136324708e+00 1.002879415497809790e+00 1.001075954825505043e+00 9.968154548143559612e-01
9.324999999999999289e+00 1.011137007996540271e+00 1.001083711455178937e+00 1.000835803188968143e+00 9.861544291253643291e-01
9.375000000000000000e+00 1.009906603547206849e+00 1.001694768886619347e+00 1.000698453817997047e+00 1.070519699977583228e+00
9.425000000000000711e+00 1.007921321176639573e+00 1.003228700361328496e+00 1.000404707969650087e+00 8.714867228434812763e-01
9.475000000000001421e+00 1.002207007607620604e+00 1.003321381671278489e+00 9.998655219708646458e-01 8.225141898427754672e-01
9.525000000000000355e+00 1.006218615883814005e+00 1.007373830994026331e+00 9.997922067354804154e-01 8.664113326592527420e-01
9.575000000000001066e+00 1.003492716013684394e+00 1.013235742111918247e+00 9.993773137525961969e-01 1.091218923002181151e+00
9.625000000000000000e+00 1.004381563064481231e+00 1.002735984311556416e+00 9.991945445622539834e-01 7.585089564262963435e-01
9.675000000000000711e+00 1.001903082501686137e+00 1.012718098504511000e+00 9.991314102004822395e-01 1.170566437952798244e+00
9.725000000000001421e+00 9.994223428468180792e-01 1.014534004596199690e+00 9.993859237420017472e-01 9.696649622519937228e-01
9.775000000000000355e+00 9.974882426283747661e-01 1.005565272359002060e+00 9.990478323104047265e-01 7.977313314199881988e-01
9.825000000000001066e+00 9.948877316387864100e-01 1.003598366324745417e+00 9.987554261714846060e-01 8.759986723839703338e-01
9.875000000000000000e+00 9.929114934312240903e-01 1.010449913109283893e+00 9.990601262809483130e-01 9.037904290922244011e-01
9.925000000000000711e+00 9.942614953313597681e-01 1.007911825222026714e+00 9.992284018159168779e-01 8.584352721322875412e-01
9.975000000000001421e+00 9.926139881133113629e-01 1.011107224473424049e+00 9.994948844676810884e-01 1.053336439928749257e+00
1.002500000000000036e+01 9.939598618879891267e-01 1.007303672895999647e+00 9.995639306936729973e-01 1.078407461571011305e+00
1.007500000000000107e+01 9.997240441644748010e-01 1.003854165561896217e+00 9.996348241556508585e-01 9.503972533839074588e-01
1.012500000000000000e+01 9.958228893510836510e-01 9.971124542014963010e-01 9.999958979716161434e-01 9.526515111156477200e-01
1.017500000000000071e+01 9.923295711962859533e-01 1.001417575755067624e+00 1.000402112035557733e+00 1.173387930374342414e+00
1.022500000000000142e+01 9.986991090692909356e-01 1.004155672012648770e+00 1.000429329359927122e+00 1.059416187332542725e+00
1.027500000000000036e+01 9.948579037697536931e-01 1.006398341188892820e+00 1.000744203712014224e+00 9.701638495072948398e-01
1.032500000000000107e+01 9.910552553257288011e-01 9.978366477434397197e-01 1.001205402181770454e+00 9.384463971791048298e-01
1.037500000000000000e+01 9.931658675627655919e-01 1.002581807150068727e+00 1.001657009191683212e+00 1.128585003413532295e+00
1.042500000000000071e+01 1.000384904573673683e+00 1.002313632028897006e+00 1.001785686722744595e+00 1.019157121225932050e+00
1.047500000000000142e+01 9.998991428354734312e-01 1.001820355908442206e+00 1.002080859375963140e+00 9.009078251774238488e-01
1.052500000000000036e+01 9.936576768036553542e-01 1.005054189905784323e+00 1.002422046939145606e+00 8.063570591129087806e-01
1.057500000000000107e+01 9.993959671337132589e-01 9.988954171501743806e-01 1.002636250827152908e+00 9.797999677781502603e-01
1.062500000000000000e+01 9.949072368943385758e-01 1.003473837212015551e+00 1.002682692682677290e+00 1.002250037166633190e+00
1.067500000000000071e+01 9.952034943478728080e-01 9.980253731518669014e-01 1.002965772242258025e+00 9.824318799090551169e-01
1.072500000000000142e+01 1.005308173578406628e+00 9.982362677308183052e-01 1.003131248370746187e+00 9.629388635808493468e-01
1.077500000000000036e+01 1.001641901858629335e+00 9.982771761892490492e-01 1.003021870232093882e+00 1.159189026341380879e+00
1.082500000000000107e+01 9.972177052864480418e-01 1.000053395443660564e+00 1.003256830910078223e+00 9.452300524042162033e-01
1.087500000000000000e+01 1.006417469301030376e+00 9.948967954276864978e-01 1.002949746465154002e+00 1.027192950245705783e+00
1.092500000000000071e+01 1.006736065983288464e+00 1.004760312776184827e+00 1.002856704496794871e+00 1.057726464409045164e+00
1.097500000000000142e+01 1.004218722595002555e+00 1.003961638805088485e+00 1.002628896662497437e+00 8.503540743313892092e-01
1.102500000000000036e+01 9.975706233012656687e-01 9.994323109392898585e-01 1.002576427005944737e+00 8.328602591160747526e-01
1.107500000000000107e+01 1.004624618928991353e+00 1.001925215823868065e+00 1.002340302456737664e+00 1.009848643643222577e+00
1.112500000000000000e+01 1.002533528709882438e+00 1.003678665442266249e+00 1.001980244831183642e+00 1.000791766116928772e+00
1.117500000000000071e+01 9.996002928815491684e-01 1.003281605260401443e+00 1.001996083348043021e+00 8.774112405554947980e-01
1.122500000000000142e+01 1.002615467993801524e+00 1.003296033970322521e+00 1.001565884021122566e+00 1.087015101387629024e+00
1.127500000000000036e+01 1.001162799290087557e+00 1.012021072821405410e+00 1.001148090498504839e+00 1.114870190014508378e+00
1.132500000000000107e+01 1.003680384622938515e+00 1.007004813564271295e+00 1.000655674308729814e+00 1.012186465377856948e+00
1.137500000000000000e+01 1.002009837176083051e+00 1.005378741909788598e+00 1.000426138992878133e+00 1.122968244568498308e+00
1.142500000000000071e+01 1.004399446938778473e+00 1.004445068279936626e+00 1.000040236548430661e+00 9.397996278587769092e-01
1.147500000000000142e+01 1.001635245977397615e+00 1.002738727104445005e+00 9.998643215771770842e-01 9.497173634425387645e-01
1.152500000000000036e+01 1.003077477395292183e+00 1.004987366753153255e+00 9.994763765277367984e-01 1.049094154318028105e+00
1.157500000000000107e+01 9.996038950674307477e-01 1.005737525014932077e+00 9.995100771971899833e-01 8.978211952139660834e-01
1.162500000000000000e+01 1.007054533262949692e+00 1.009072713942899879e+00 9.987090829478579845e-01 9.870577998009116838e-01
1.167500000000000071e+01 1.004319010941866486e+00 1.003497667930856041e+00 9.985059645191323163e-01 1.074736067598590195e+00
1.172500000000000142e+01 1.003542672781430500e+00 1.004920142048616238e+00 9.982552873209887823e-01 1.126232734176919159e+00
1.177500000000000036e+01 9.989980740036474849e-01 1.005981671748812589e+00 9.983049712547397148e-01 1.039379246205396123e+00
1.182500000000000107e+01 1.003360929881382813e+00 1.005626564361127961e+00 9.980242023120745598e-01 1.081712702735423193e+00
1.187500000000000000e+01 9.920915702273706005e-01 1.003130293951774998e+00 9.980464338111680878e-01 9.037057677974601466e-01
1.192500000000000071e+01 9.945014425576441663e-01 1.003504752625937968e+00 9.979078260778456722e-01 9.798951423166168961e-01
1.197500000000000142e+01 1.000623812061436579e+00 1.006512326099165522e+00 9.976910995200223287e-01 1.038172432603852613e+00
1.202500000000000036e+01 1.003620344877294235e+00 1.005333527631103951e+00 9.980706540754382683e-01 8.730642879992218663e-01
1.207500000000000107e+01 9.970168651807136406e-01 1.004164202979408671e+00 9.980120686641897887e-01 1.151742433846864699e+00
1.212500000000000000e+01 9.996584606878849977e-01 9.986701195434170009e-01 9.979389901312182287e-01 1.053150399842986973e+00
1.217500000000000071e+01 9.970808782483764343e-01 1.005268292950986408e+00 9.979222777259594279e-01 1.132900366111889712e+00
1.222500000000000142e+01 1.001500891781124780e+00 1.002002949170059498e+00 9.984311535218792777e-01 1.035991437484453215e+00
1.227500000000000036e+01 9.995793965039317941e-01 1.002622580995775170e+00 9.983761292602322257e-01 9.643337870256738498e-01
1.232500000000000107e+01 9.968563358513121697e-01 1.003740183007902020e+00 9.983118539851821849e-01 9.957273221946505437e-01
1.237500000000000000e+01 1.001050663343933778e+00 1.003282703714512003e+00 9.987522839337700242e-01 9.332572978027147137e-01
1.242500000000000071e+01 1.000223362598178678e+00 1.000007351629178975e+00 9.987080610800005420e-01 9.180466182487215798e-01
1.247500000000000142e+01 1.001634759806076858e+00 9.967751299679260546e-01 9.993928097582878145e-01 1.079067412880738708e+00
1.252500000000000036e+01 9.992185707631705549e-01 9.986263962502386349e-01 9.989575129067387316e-01 9.641815787480352284e-01
1.257500000000000107e+01 9.994225720683587166e-01 9.980517976750775677e-01 9.993332909713368295e-01 1.084568750727937347e+00
1.262500000000000000e+01 9.985683133430427461e-01 1.002050353137246885e+00 9.997626380480778563e-01 1.008745433943270209e+00
1.267500000000000071e+01 1.001202918749967585e+00 9.935745789496379654e-01 9.999920217402629152e-01 9.266690719545213062e-01
1.272500000000000142e+01 9.942624331583467256e-01 9.991830679345894417e-01 9.999232814511984646e-01 9.929532059682552037e-01
1.277500000000000036e+01 9.938071397124556006e-01 1.001031908902610734e+00 1.000460801844748948e+00 1.094661998508358991e+00
1.282500000000000107e+01 9.994617972508250681e-01 9.953923804612013759e-01 1.000462308986571180e+00 9.268422581349251566e-01
1.287500000000000000e+01 9.950047197168297997e-01 1.000321489468434244e+00 1.000488852758425917e+00 8.549940546499147365e-01
1.292500000000000071e+01 1.001508716483600736e+00 9.999331316808012238e-01 1.000594592124256721e+00 1.012366705871219352e+00
1.297500000000000142e+01 1.006057879173532399e+00 9.981627347511846660e-01 1.000713786084884926e+00 9.055362778320086292e-01
1.302500000000000036e+01 1.000082673310633163e+00 9.982433568872646212e-01 1.000869142548332036e+00 9.968814202989688678e-01
1.307500000000000107e+01 1.001672405013090073e+00 9.980497200040011618e-01 1.000860589169360937e+00 1.072872098845568889e+00
1.312500000000000000e+01 1.001321484587209598e+00 9.999525673391875813e-01 1.000934924480283206e+00 8.711291578321519458e-01
1.317500000000000071e+01 9.970978122288882695e-01 1.000233447823114963e+00 1.001071726035563492e+00 9.880339727978743047e-01
1.322500000000000142e+01 1.001387174299037897e+00 1.000821980526142907e+00 1.000827823131650529e+00 9.329102034528896636e-01
1.327500000000000036e+01 1.002218079352530156e+00 9.966153955590723035e-01 1.001017645214096197e+00 1.027271334868028685e+00
1.332500000000000107e+01 1.005127983016664395e+00 1.000660628287882270e+00 1.000895654076150665e+00 9.122526172888588691e-01
1.337500000000000000e+01 9.971676827824077494e-01 9.999505939864180570e-01 1.000743870148571579e+00 1.058571486692902130e+00
1.342500000000000071e+01 1.001159554868922053e+00 9.984501998231719577e-01 1.000706590354370595e+00 1.044092920069501496e+00
1.347500000000000142e+01 1.001358862595856714e+00 9.944257525125115293e-01 1.000876995046979578e+00 9.117334925118173450e-01
1.352500000000000036e+01 1.000421022868283272e+00 9.937278933800883784e-01 1.000691703962974133e+00 9.961564316087815341e-01
1.357500000000000107e+01 1.000116100752527659e+00 1.004504445733405804e+00 1.000567990415359487e+00 9.694429265562866105e-01
1.362500000000000000e+01 9.963371055567697976e-01 1.000969172667388607e+00 1.000753415857235984e+00 9.944188395372755007e-01
1.367500000000000071e+01 9.972994322175678938e-01 1.002171546154719373e+00 1.000575811017939021e+00 1.044479327703082827e+00
1.372500000000000142e+01 1.002141240097996766e+00 1.004929444172841135e+00 1.000453889803432750e+00 9.294013582814769636e-01
1.377500000000000036e+01 1.000597401180125745e+00 1.004438707005903764e+00 1.000471818096854149e+00 1.004262960987730713e+00
1.382500000000000107e+01 1.000345755357250344e+00 1.004732608141823968e+00 1.000360710537197440e+00 8.349975470637027719e-01
1.387500000000000000e+01 9.992180065381017773e-01 1.003418636979911627e+00 1.000339308846758701e+00 8.722958649413826704e-01
1.392500000000000071e+01 9.961335705321088252e-01 1.002079169843214324e+00 1.000216600300345648e+00 9.827436877860243891e-01
1.397500000000000142e+01 9.970497902653026046e-01 1.004544571161808619e+00 1.000195598007389108e+00 8.903482594710249165e-01
1.402500000000000036e+01 9.973766534120446225e-01 1.002995574475687102e+00 1.000103416504332099e+00 9.506148782239942641e-01
1.407500000000000107e+01 9.988340180723703776e-01 1.004527315463244141e+00 1.000118142200671301e+00 8.597059418109146423e-01
1.412500000000000000e+01 1.003731943639836421e+00 1.000383086282305989e+00 9.999728661796152274e-01 9.073552911668805177e-01
1.417500000000000071e+01 1.002223343609582429e+00 1.002774592232777318e+00 1.000110733644125949e+00 8.713284689212315026e-01
1.422500000000000142e+01 1.003471559425820780e+00 1.000316765855217005e+00 1.000025394771412390e+00 7.710409659498066448e-01
1.427500000000000036e+01 9.951743262354222352e-01 1.002538584688456691e+00 1.000140852271943270e+00 8.299402383578527997e-01
1.432500000000000107e+01 9.985413004990810748e-01 1.002261613517808181e+00 9.999290294903503407e-01 9.808625587595452000e-01
1.437500000000000000e+01 1.002580938027388235e+00 1.005307128218172696e+00 1.000059482990846904e+00 9.682874250566325669e-01
1.442500000000000071e+01 1.000462069389028708e+00 1.003175117016439577e+00 9.997354763130494870e-01 8.471119174194257084e-01
1.447500000000000142e+01 1.002276321849098428e+00 1.005476557602400733e+00 9.998421872927534260e-01 8.981123428450731305e-01
1.452500000000000036e+01 1.000671748382077730e+00 1.000084648784130392e+00 9.997723117980221730e-01 8.975849622463506483e-01
1.457500000000000107e+01 9.986731080321576970e-01 9.999289691660632196e-01 9.999927601838376479e-01 9.587154191868660913e-01
1.462500000000000000e+01 9.985604302656534426e-01 1.005303584996579458e+00 1.000071008290446484e+00 1.007853845002165238e+00
1.467500000000000071e+01 1.001169164525938848e+00 1.004979592322053028e+00 9.997938932013719082e-01 1.056301464525160272e+00
1.472500000000000142e+01 1.001835441544952632e+00 1.007306350265804840e+00 9.998870949516582840e-01 9.997042040111266958e-01
1.477500000000000036e+01 9.960810815334071311e-01 1.000767584808995192e+00 1.000008120313098603e+00 9.602148736943905138e-01
1.482500000000000107e+01 1.000856409104246003e+00 9.978271728435903487e-01 1.000209268864089118e+00 9.537488047860355200e-01
1.487500000000000000e+01 1.006013421120727447e+00 1.004565486084791237e+00 9.999548626136681717e-01 9.042865651944751448e-01
1.492500000000000071e+01 9.994713924163901586e-01 1.005898070354510176e+00 1.000051664759671333e+00 8.019980788003173711e-01
1.497500000000000142e+01 1.000695123864686620e+00 9.993779934759337014e-01 1.000004182755592996e+00 9.612927434043715413e-01
1.502500000000000036e+01 9.984934438914184751e-01 1.002930324967982623e+00 9.999904085263182640e-01 8.652181885333170008e-01
1.507500000000000107e+01 1.002687421759678399e+00 1.000124679243107106e+00 1.000033971784054287e+00 8.647290700087125748e-01
1.512500000000000000e+01 1.004924775803961001e+00 1.001056576822366262e+00 9.998737617491163521e-01 1.030825569792432450e+00
1.517500000000000071e+01 1.001126987130008805e+00 9.994047315688688871e-01 1.000106677422529344e+00 8.533698726368964538e-01
1.522500000000000142e+01 9.987343194085245290e-01 9.992635359209361967e-01 9.999000960389524684e-01 8.374979759523281109e-01
1.527500000000000036e+01 9.964229370639030581e-01 1.004151063241318420e+00 1.000171078259949331e+00 9.187996776319627967e-01
1.532500000000000107e+01 1.003370256502788882e+00 1.000317400680580393e+00 9.998014173347364864e-01 9.077428441450098306e-01
1.537500000000000000e+01 1.000326248915054617e+00 1.006432619296150355e+00 9.999513822633754323e-01 7.960449836742046203e-01
1.542500000000000071e+01 1.005534853765189807e+00 9.989874643350580286e-01 9.996905978965807682e-01 7.758756587694365381e-01
1.547500000000000142e+01 9.954120321893690226e-01 1.002364782495394735e+00 9.987403406169804709e-01 8.653637719946151163e-01
1.552500000000000036e+01 9.972084271369909825e-01 9.990070865928989408e-01 9.952846323732219558e-01 8.054436574532701787e-01
1.557500000000000107e+01 9.897555928800690905e-01 9.919109497656317664e-01 9.887907490886405082e-01 9.328423878289471283e-01
1.562500000000000000e+01 9.814360626461986481e-01 9.837922936312128996e-01 9.802910904938821890e-01 6.829655029026696633e-01
1.567500000000000071e+01 9.718790721945193001e-01 9.770559383902177597e-01 9.709880113714638439e-01 6.834626719040164389e-01
1.572500000000000142e+01 9.648125675133095713e-01 9.651738032797948508e-01 9.616363899952955485e-01 8.188010706999606647e-01
1.577500000000000036e+01 9.549587468209991270e-01 9.561313150956174400e-01 9.524342503996822140e-01 8.471207534997736710e-01
1.582500000000000107e+01 9.440495864971012452e-01 9.435502277576126584e-01 9.429818814193140497e-01 8.893341360417014174e-01
1.587500000000000000e+01 9.332492496843074470e-01 9.349411172094090894e-01 9.335506383981223566e-01 6.899794934772269794e-01
1.592500000000000071e+01 9.227254000705862325e-01 9.265575463160633518e-01 9.244944991137922230e-01 8.547188929863277496e-01
1.597500000000000142e+01 9.116614466837771324e-01 9.163983564151462202e-01 9.152747240916162541e-01 9.147136032988660848e-01
1.602499999999999858e+01 9.041308377461076962e-01 9.024658571577895971e-01 9.061504916645398700e-01 7.884309192592771076e-01
1.607500000000000284e+01 9.001052491775535236e-01 8.976025498846822437e-01 8.970924324770644942e-01 7.558797127640598523e-01
1.612500000000000000e+01 8.888520599001790146e-01 8.862320231148693717e-01 8.880643632465143877e-01 8.611309713954695688e-01
1.617500000000000071e+01 8.795005104949775721e-01 8.834654848723998422e-01 8.791778589979361014e-01 8.057410617723897994e-01
1.622500000000000142e+01 8.703648035839753883e-01 8.712560701725294843e-01 8.703496656245574004e-01 7.645891038865361145e-01
1.627499999999999858e+01 8.647014153196560526e-01 8.641438567391517278e-01 8.616014975266156339e-01 8.273449904258621812e-01
1.632500000000000284e+01 8.519630167249735431e-01 8.507608721102315474e-01 8.526870831739313816e-01 8.133469140633188266e-01
1.637500000000000000e+01 8.460041658247200447e-01 8.451735698799246466e-01 8.441887051738744541e-01 7.195537061863327422e-01
1.642500000000000071e+01 8.370381790239256325e-01 8.401019728259361274e-01 8.353673695353495132e-01 7.240089099851995114e-01
1.647500000000000142e+01 8.262521473415076478e-01 8.289419501907774324e-01 8.267779445614460432e-01 7.064571920594299170e-01
1.652499999999999858e+01 8.186384891954452403e-01 8.194540746908077766e-01 8.182232384199722430e-01 7.676098779882704060e-01
1.657500000000000284e+01 8.043603717228705596e-01 8.094888497105616754e-01 8.098047258053164832e-01 8.020020521748537634e-01
1.662500000000000000e+01 8.003653602871053652e-01 8.038988299887034339e-01 8.014131547086921215e-01 7.196212684961966755e-01
1.667500000000000071e+01 7.934696642508947129e-01 7.944376915016502227e-01 7.931459490849515070e-01 6.938956399220764792e-01
1.672500000000000142e+01 7.844833269916013929e-01 7.820819647241087358e-01 7.846326798029827909e-01 7.067839297939518817e-01
1.677499999999999858e+01 7.732705208227870219e-01 7.778626649862256937e-01 7.762083757361809555e-01 6.517882038428991498e-01
1.682500000000000284e+01 7.709659409932546614e-01 7.692788245359333255e-01 7.681982453777472797e-01 6.268836711742408196e-01
1.687500000000000000e+01 7.606908974493395981e-01 7.624600433126619281e-01 7.599764050984770813e-01 5.980800436290716338e-01
1.692500000000000071e+01 7.547021277463538125e-01 7.498334572953763155e-01 7.518077842384599530e-01 6.153400740774263022e-01
1.697500000000000142e+01 7.442033773805178942e-01 7.456210808258452172e-01 7.437580118363752435e-01 6.489196528174554501e-01
1.702499999999999858e+01 7.341229356819753971e-01 7.338024333424560952e-01 7.356994209460010481e-01 6.368956746857541429e-01
1.707500000000000284e+01 7.270969829902004244e-01 7.264678968161346617e-01 7.275671391208361483e-01 6.045763231281547911e-01
1.712500000000000000e+01 7.230807260704735784e-01 7.207577447659246905e-01 7.196288245857872523e-01 5.685618577567076448e-01
1.717500000000000071e+01 7.130869409642913714e-01 7.142214910589099741e-01 7.117559239386970216e-01 5.571811852575231372e-01
1.722500000000000142e+01 7.049991884888061611e-01 7.066489995477366337e-01 7.038341649763161234e-01 6.623329068698963207e-01
1.727499999999999858e+01 6.946662727479485655e-01 6.950893119405952003e-01 6.960838212094067057e-01 6.664862752075847441e-01
1.732500000000000284e+01 6.861945507435385228e-01 6.873373155431113934e-01 6.881382508220118543e-01 6.189975997686529841e-01
1.737500000000000000e+01 6.800416424452048192e-01 6.822114634943411415e-01 6.804670220539357217e-01 5.602083435951795698e-01
1.742500000000000071e+01 6.722024327074543892e-01 6.735635475125514304e-01 6.726407430548638766e-01 6.001457209794043290e-01
1.747500000000000142e+01 6.655259088548999280e-01 6.676007656231869314e-01 6.651770365097178228e-01 5.967163262178916128e-01
1.752499999999999858e+01 6.560022362640588467e-01 6.586120521539043926e-01 6.575039623303383651e-01 5.739268227297650293e-01
1.757500000000000284e+01 6.485810560450284701e-01 6.508367286257554785e-01 6.499868297558430985e-01 5.012605734948825109e-01
1.762500000000000000e+01 6.450597458764172343e-01 6.452667821164531636e-01 6.423316140054456946e-01 5.827686756567154180e-01
1.767500000000000071e+01 6.334399277338085277e-01 6.349839268354436905e-01 6.349507594473343675e-01 5.375404279766904381e-01
1.772500000000000142e+01 6.290334802689191429e-01 6.300911317508036680e-01 6.274799835761725175e-01 4.966033839672905903e-01
1.777499999999999858e+01 6.192345706443841413e-01 6.228382782119308292e-01 6.199895096840992714e-01 5.126613276007855324e-01
1.782500000000000284e+01 6.131040785742373211e-01 6.141498962942592010e-01 6.127046061927936549e-01 4.798016780028513395e-01
1.787500000000000000e+01 6.071852211354877848e-01 6.066149121668167332e-01 6.054192985528485949e-01 4.808487382912581820e-01
1.792500000000000071e+01 5.975604262437120839e-01 6.003441906744140244e-01 5.980853011350399928e-01 5.189441015955665870e-01
1.797500000000000142e+01 5.907498700267841407e-01 5.936398121097544722e-01 5.909015993584412207e-01 5.160610862447103653e-01
1.802499999999999858e+01 5.859154254948948370e-01 5.857174761407022423e-01 5.837537818898240749e-01 5.535250459829395009e-01
1.807500000000000284e+01 5.727407638655590549e-01 5.774142643383211038e-01 5.765861871313093800e-01 4.921392853532586820e-01
1.812500000000000000e+01 5.717024037018842986e-01 5.722824662571641685e-01 5.695149443012322843e-01 4.749262171353814121e-01
1.817500000000000071e+01 5.609969108612760103e-01 5.640831942856394665e-01 5.623741864722259232e-01 5.444261648117733055e-01
1.822500000000000142e+01 5.576289342402532823e-01 5.546420333681637560e-01 5.554452049169524841e-01 5.235144385655116084e-01
1.827499999999999858e+01 5.511404821344830784e-01 5.481877336908997922e-01 5.483735214788391099e-01 4.528974062017829261e-01
1.832500000000000284e+01 5.405967416963293193e-01 5.441859893990820263e-01 5.413020927102942803e-01 4.468826191174394835e-01
1.837500000000000000e+01 5.352071718198125883e-01 5.383959522909524953e-01 5.344832974883915178e-01 5.396940399163722146e-01
1.842500000000000071e+01 5.275175066952232372e-01 5.284752707683515460e-01 5.276852031153532741e-01 4.455532501366250009e-01
1.847500000000000142e+01 5.212360566712072041e-01 5.217280521457730025e-01 5.208340091352466894e-01 4.780381561384080547e-01
1.852499999999999858e+01 5.130295081805783530e-01 5.118738252702172975e-01 5.140373122656826110e-01 4.685200987950486895e-01
1.857500000000000284e+01 5.079758043879175622e-01 5.079965155514560848e-01 5.073282077263953083e-01 4.211269919497548919e-01
1.862500000000000000e+01 5.027972333976683528e-01 4.987115445196374508e-01 5.005822269560477045e-01 3.948354798097022389e-01
1.867500000000000071e+01 4.924759777316182752e-01 4.943678832282087932e-01 4.937291909585240224e-01 4.268739838877489978e-01
1.872500000000000142e+01 4.892040574875468617e-01 4.892278349379177160e-01 4.871947406471777708e-01 3.974230990559851073e-01
1.877499999999999858e+01 4.811790837306037516e-01 4.844699479482325599e-01 4.806044799174258308e-01 5.068066043576208157e-01
1.882500000000000284e+01 4.745329775394069305e-01 4.735180200033622389e-01 4.739998895779253818e-01 4.503453967880374220e-01
1.887500000000000000e+01 4.684552409606924650e-01 4.662956599597604113e-01 4.673628205886760645e-01 4.646776457113841463e-01
1.892500000000000071e+01 4.614640183956553177e-01 4.627243311625299227e-01 4.607944830576393702e-01 3.724407121106960150e-01
1.897500000000000142e+01 4.586350147683659895e-01 4.555884742086713235e-01 4.543584987879616399e-01 4.300220116832857431e-01
1.902499999999999858e+01 4.490969792014484208e-01 4.471720381257624499e-01 4.479170133555358535e-01 3.981502053982932665e-01
1.907500000000000284e+01 4.407065085938406401e-01 4.417244955230336112e-01 4.414968526967388285e-01 4.320716226799786175e-01
1.912500000000000000e+01 4.353801858270415215e-01 4.361193380320743662e-01 4.351756783671766882e-01 3.874850766471810148e-01
1.917500000000000426e+01 4.277711155192782666e-01 4.269451149554631675e-01 4.287998781665935399e-01 3.465963150125909720e-01
1.922500000000000142e+01 4.226681155151729707e-01 4.232771473819095798e-01 4.224381399264678927e-01 3.899092903445703917e-01
1.927499999999999858e+01 4.155830346270468212e-01 4.177532898314413878e-01 4.161997846112179267e-01 4.071232067328113824e-01
1.932500000000000284e+01 4.094712377703819683e-01 4.099432286672168857e-01 4.100390619540404402e-01 4.113974708898974764e-01
1.937500000000000000e+01 4.037056283420731306e-01 4.036263111191899511e-01 4.036387670958713758e-01 4.156222479080473597e-01
1.942500000000000426e+01 3.991901462185248328e-01 3.975046409399969893e-01 3.975352072941490955e-01 3.124813156821244498e-01
1.947500000000000142e+01 3.931518397461625791e-01 3.930356527008702083e-01 3.914195913869461529e-01 3.548415167038048712e-01
1.952499999999999858e+01 3.851268907094097527e-01 3.863609213062884074e-01 3.851087895112366710e-01 3.499023464567340147e-01
1.957500000000000284e+01 3.795533547873185531e-01 3.785058951957620543e-01 3.791895848147445736e-01 3.387925681888867557e-01
1.962500000000000000e+01 3.727203817293887611e-01 3.746098203975653518e-01 3.732268440635894691e-01 3.587150335654414879e-01
1.967500000000000426e+01 3.674194497115647051e-01 3.666718180029044927e-01 3.670707025945273982e-01 3.661241700846266101e-01
1.972500000000000142e+01 3.612552015865799215e-01 3.610592914658194985e-01 3.610601791835540975e-01 3.459038069676187988e-01
1.977499999999999858e+01 3.551485206137555695e-01 3.559160207826504441e-01 3.551588087707814312e-01 3.106548302669868145e-01
1.982500000000000284e+01 3.496048308466346843e-01 3.504472521257832041e-01 3.490890932668382352e-01 3.363624531851993615e-01
1.987500000000000000e+01 3.426681450255420480e-01 3.429003050153967558e-01 3.432331561094226768e-01 3.497475171837088892e-01
1.992500000000000426e+01 3.373685714552510095e-01 3.386735504570386746e-01 3.373928110652151813e-01 3.389945452919611024e-01
1.997500000000000142e+01 3.311326652716326535e-01 3.328042383921558378e-01 3.314527655543087481e-01 3.193898640999576211e-01
