# r (Angstroms), cation-water g(r), anion-water g(r), water-water g(r), cation-anion g(r)
2.500000000000000139e-02 0.000000000000000000e+00 0.000000000000000000e+00 5.741847879314113379e+04 0.000000000000000000e+00
7.500000000000001110e-02 0.000000000000000000e+00 0.000000000000000000e+00 0.000000000000000000e+00 0.000000000000000000e+00
1.250000000000000000e-01 0.000000000000000000e+00 0.000000000000000000e+00 0.000000000000000000e+00 0.000000000000000000e+00
1.750000000000000167e-01 0.000000000000000000e+00 0.000000000000000000e+00 0.000000000000000000e+00 0.000000000000000000e+00
2.250000000000000056e-01 0.000000000000000000e+00 0.000000000000000000e+00 0.000000000000000000e+00 0.000000000000000000e+00
2.750000000000000222e-01 0.000000000000000000e+00 0.000000000000000000e+00 0.000000000000000000e+00 0.000000000000000000e+00
3.250000000000000666e-01 0.000000000000000000e+00 0.000000000000000000e+00 0.000000000000000000e+00 0.000000000000000000e+00
3.750000000000000000e-01 0.000000000000000000e+00 0.000000000000000000e+00 0.000000000000000000e+00 0.000000000000000000e+00
4.250000000000000444e-01 0.000000000000000000e+00 0.000000000000000000e+00 0.000000000000000000e+00 0.000000000000000000e+00
4.749999999999999778e-01 0.000000000000000000e+00 0.000000000000000000e+00 0.000000000000000000e+00 0.000000000000000000e+00
5.250000000000000222e-01 0.000000000000000000e+00 0.000000000000000000e+00 0.000000000000000000e+00 0.000000000000000000e+00
5.750000000000000666e-01 0.000000000000000000e+00 0.000000000000000000e+00 0.000000000000000000e+00 0.000000000000000000e+00
6.250000000000000000e-01 0.000000000000000000e+00 0.000000000000000000e+00 0.000000000000000000e+00 0.000000000000000000e+00
6.750000000000000444e-01 0.000000000000000000e+00 0.000000000000000000e+00 0.000000000000000000e+00 0.000000000000000000e+00
7.250000000000000888e-01 0.000000000000000000e+00 0.000000000000000000e+00 0.000000000000000000e+00 0.000000000000000000e+00
7.750000000000000222e-01 0.000000000000000000e+00 0.000000000000000000e+00 0.000000000000000000e+00 0.000000000000000000e+00
8.250000000000000666e-01 0.000000000000000000e+00 0.000000000000000000e+00 0.000000000000000000e+00 0.000000000000000000e+00
8.750000000000000000e-01 0.000000000000000000e+00 0.000000000000000000e+00 0.000000000000000000e+00 0.000000000000000000e+00
9.250000000000000444e-01 0.000000000000000000e+00 0.000000000000000000e+00 0.000000000000000000e+00 0.000000000000000000e+00
9.750000000000000888e-01 0.000000000000000000e+00 0.000000000000000000e+00 0.000000000000000000e+00 0.000000000000000000e+00
1.024999999999999911e+00 0.000000000000000000e+00 0.000000000000000000e+00 0.000000000000000000e+00 0.000000000000000000e+00
1.075000000000000178e+00 0.000000000000000000e+00 0.000000000000000000e+00 0.000000000000000000e+00 0.000000000000000000e+00
1.125000000000000000e+00 0.000000000000000000e+00 0.000000000000000000e+00 0.000000000000000000e+00 0.000000000000000000e+00
1.175000000000000266e+00 0.000000000000000000e+00 0.000000000000000000e+00 0.000000000000000000e+00 0.000000000000000000e+00
1.225000000000000089e+00 0.000000000000000000e+00 0.000000000000000000e+00 0.000000000000000000e+00 0.000000000000000000e+00
1.274999999999999911e+00 0.000000000000000000e+00 0.000000000000000000e+00 0.000000000000000000e+00 0.000000000000000000e+00
1.325000000000000178e+00 0.000000000000000000e+00 0.000000000000000000e+00 0.000000000000000000e+00 0.000000000000000000e+00
1.375000000000000000e+00 0.000000000000000000e+00 0.000000000000000000e+00 0.000000000000000000e+00 0.000000000000000000e+00
1.425000000000000266e+00 0.000000000000000000e+00 0.000000000000000000e+00 0.000000000000000000e+00 0.000000000000000000e+00
1.475000000000000089e+00 0.000000000000000000e+00 0.000000000000000000e+00 0.000000000000000000e+00 0.000000000000000000e+00
1.524999999999999911e+00 0.000000000000000000e+00 0.000000000000000000e+00 0.000000000000000000e+00 0.000000000000000000e+00
1.575000000000000178e+00 0.000000000000000000e+00 0.000000000000000000e+00 0.000000000000000000e+00 0.000000000000000000e+00
1.625000000000000000e+00 0.000000000000000000e+00 0.000000000000000000e+00 0.000000000000000000e+00 0.000000000000000000e+00
1.675000000000000266e+00 0.000000000000000000e+00 0.000000000000000000e+00 0.000000000000000000e+00 0.000000000000000000e+00
1.725000000000000089e+00 0.000000000000000000e+00 0.000000000000000000e+00 0.000000000000000000e+00 0.000000000000000000e+00
1.774999999999999911e+00 0.000000000000000000e+00 0.000000000000000000e+00 0.000000000000000000e+00 0.000000000000000000e+00
1.825000000000000178e+00 0.000000000000000000e+00 0.000000000000000000e+00 0.000000000000000000e+00 0.000000000000000000e+00
1.875000000000000000e+00 0.000000000000000000e+00 0.000000000000000000e+00 0.000000000000000000e+00 0.000000000000000000e+00
1.925000000000000266e+00 0.000000000000000000e+00 0.000000000000000000e+00 0.000000000000000000e+00 0.000000000000000000e+00
1.975000000000000089e+00 0.000000000000000000e+00 0.000000000000000000e+00 0.000000000000000000e+00 0.000000000000000000e+00
2.025000000000000355e+00 0.000000000000000000e+00 0.000000000000000000e+00 0.000000000000000000e+00 0.000000000000000000e+00
2.075000000000000178e+00 2.778064803902511410e-04 0.000000000000000000e+00 0.000000000000000000e+00 0.000000000000000000e+00
2.125000000000000000e+00 2.860786438292199640e-02 0.000000000000000000e+00 0.000000000000000000e+00 0.000000000000000000e+00
2.174999999999999822e+00 3.504492782576205667e-01 0.000000000000000000e+00 0.000000000000000000e+00 0.000000000000000000e+00
2.225000000000000089e+00 1.726087181510927326e+00 0.000000000000000000e+00 0.000000000000000000e+00 0.000000000000000000e+00
2.275000000000000355e+00 4.464588809228794197e+00 0.000000000000000000e+00 0.000000000000000000e+00 0.000000000000000000e+00
2.325000000000000178e+00 7.225590157653321910e+00 0.000000000000000000e+00 0.000000000000000000e+00 0.000000000000000000e+00
2.375000000000000000e+00 8.206675942920258038e+00 0.000000000000000000e+00 8.482352395783212921e-07 0.000000000000000000e+00
2.425000000000000266e+00 7.443793818410177288e+00 0.000000000000000000e+00 7.200521946981098989e-05 0.000000000000000000e+00
2.475000000000000089e+00 5.746976613167801062e+00 0.000000000000000000e+00 3.193827919030021566e-03 0.000000000000000000e+00
2.525000000000000355e+00 4.022232364221435041e+00 0.000000000000000000e+00 4.457756885435280869e-02 0.000000000000000000e+00
2.575000000000000178e+00 2.719137535100079717e+00 0.000000000000000000e+00 2.750570065061987979e-01 0.000000000000000000e+00
2.625000000000000000e+00 1.759000182725794836e+00 0.000000000000000000e+00 9.041365093963337207e-01 0.000000000000000000e+00
2.675000000000000266e+00 1.134533228520488768e+00 0.000000000000000000e+00 1.874547780419132392e+00 1.671626975866345732e-01
2.725000000000000089e+00 7.313247022961493204e-01 0.000000000000000000e+00 2.756157258830810530e+00 1.610847361885791584e-01
2.775000000000000355e+00 4.773362576208345365e-01 0.000000000000000000e+00 3.179043942521512900e+00 4.659969973519373920e-01
2.825000000000000178e+00 3.333390008570927820e-01 0.000000000000000000e+00 3.091006690858674855e+00 8.992958656216532010e-01
2.875000000000000000e+00 2.353062620093608059e-01 0.000000000000000000e+00 2.693206070571641852e+00 1.302433184553657641e+00
2.925000000000000266e+00 1.736436346106091932e-01 0.000000000000000000e+00 2.204829844360861824e+00 1.537906586728422731e+00
2.975000000000000089e+00 1.274462665830311814e-01 0.000000000000000000e+00 1.758222745016842836e+00 1.351498054963215179e+00
3.025000000000000355e+00 1.028759064062326478e-01 1.699347882186816360e-03 1.410714167273657171e+00 1.960786017907865109e+00
3.075000000000000178e+00 9.297948108483948537e-02 2.428851750787643787e-02 1.167755995013218584e+00 1.012021562828185006e+00
3.125000000000000000e+00 7.949411456869147352e-02 1.429424217282942167e-01 1.004833535202376726e+00 6.124353972934628576e-01
3.175000000000000266e+00 7.333167893039858887e-02 5.134404121874347471e-01 9.024160811272456950e-01 2.373193492893158341e-01
3.225000000000000089e+00 7.199557156433347704e-02 1.187236877409927338e+00 8.429552042782874066e-01 5.750445013125677907e-01
3.275000000000000355e+00 7.338282677244037377e-02 2.092637327595852970e+00 8.124852900040209214e-01 3.345721585369622608e-01
3.325000000000000178e+00 8.363491091191534166e-02 2.870311192215009299e+00 7.977208161910608331e-01 4.327809102815800557e-01
3.375000000000000000e+00 9.713725421487953704e-02 3.314953193298489253e+00 7.968268725831978427e-01 0.000000000000000000e+00
3.425000000000000266e+00 1.099232307126650349e-01 3.335221734832882756e+00 8.017054030696800782e-01 2.039392035485436683e-01
3.475000000000000089e+00 1.427402516940333710e-01 3.019733915956007930e+00 8.140004055151265350e-01 9.905638563083510317e-02
3.525000000000000355e+00 1.631712972087069613e-01 2.534497883723207501e+00 8.271591066956139882e-01 0.000000000000000000e+00
3.575000000000000178e+00 2.132034048219271782e-01 2.100680606333694023e+00 8.439114880089367832e-01 0.000000000000000000e+00
3.625000000000000000e+00 2.629809092006895055e-01 1.680292351310324506e+00 8.623035688951617983e-01 9.102835209438890629e-02
3.675000000000000266e+00 3.144173874761723719e-01 1.320907300512573102e+00 8.817487558436076789e-01 0.000000000000000000e+00
3.725000000000000089e+00 4.001710337365311787e-01 1.074996292695937772e+00 9.010265478320409471e-01 0.000000000000000000e+00
3.775000000000000355e+00 4.605685587904793654e-01 9.019992223004358323e-01 9.207568778194641368e-01 0.000000000000000000e+00
3.825000000000000178e+00 5.715705276799816215e-01 7.912544080799401858e-01 9.416599507322442886e-01 0.000000000000000000e+00
3.875000000000000000e+00 6.668489788912129734e-01 7.065205583306853887e-01 9.631262122091502897e-01 0.000000000000000000e+00
3.925000000000000266e+00 7.718705416129120200e-01 6.855291230158334637e-01 9.836102922062286424e-01 0.000000000000000000e+00
3.975000000000000089e+00 8.764267589531408165e-01 6.476488661003817482e-01 1.004797804698695618e+00 1.514082679369682660e-01
4.025000000000000355e+00 9.817838918416745830e-01 6.529966713881153462e-01 1.023219794147907757e+00 0.000000000000000000e+00
4.075000000000000178e+00 1.083610909031248015e+00 6.792107466100935076e-01 1.041694191091655952e+00 2.881369165808012056e-01
4.125000000000000000e+00 1.218062968829273007e+00 6.797869745818126974e-01 1.058462625116084910e+00 2.108956487844300398e-01
4.175000000000000711e+00 1.318352082187378427e+00 7.223452197753550408e-01 1.075351471962741279e+00 4.117491277457847598e-01
4.224999999999999645e+00 1.389658098765266470e+00 7.578856734996221034e-01 1.088651239117227609e+00 3.350511377098241428e-01
4.275000000000000355e+00 1.485038640457753800e+00 7.982516311438480061e-01 1.100092198194106530e+00 4.581634485082761721e-01
4.325000000000000178e+00 1.534224734332438222e+00 8.363673432950133879e-01 1.109359843935221246e+00 7.673681565517364023e-01
4.375000000000000000e+00 1.569475844747564519e+00 8.801038592649499392e-01 1.114495708818274089e+00 4.999524869785982872e-01
4.425000000000000711e+00 1.608371193948042066e+00 9.263040266573291381e-01 1.117895197250177386e+00 9.163463958227223705e-01
4.474999999999999645e+00 1.609366442759996518e+00 9.594793887114955178e-01 1.119679056289623054e+00 1.134913053944992756e+00
4.525000000000000355e+00 1.600402815351970709e+00 1.012410322688434228e+00 1.117304094013043425e+00 1.402068536902620899e+00
4.575000000000000178e+00 1.569327557888447355e+00 1.025263524709349783e+00 1.114106552446664011e+00 1.485889166245434767e+00
4.625000000000000000e+00 1.534685163198325375e+00 1.073843433497210453e+00 1.107731433725621439e+00 1.565777021190537521e+00
4.675000000000000711e+00 1.513800665811412927e+00 1.100965840900335557e+00 1.098217804766332462e+00 2.462888389367424491e+00
4.724999999999999645e+00 1.458679225923005474e+00 1.127884532044267862e+00 1.088152199498162220e+00 2.464618710466786045e+00
4.775000000000000355e+00 1.410768715675143392e+00 1.153440220997125509e+00 1.076595269750525441e+00 1.888649502223984200e+00
4.825000000000001066e+00 1.325933547920569167e+00 1.163261858673242166e+00 1.063211987517348689e+00 2.106613790000129161e+00
4.875000000000000000e+00 1.283070294814879331e+00 1.171533978585875158e+00 1.049053513652808745e+00 2.617278178658940746e+00
4.925000000000000711e+00 1.207243293387811667e+00 1.186382839421184165e+00 1.034366941453569444e+00 3.057560628678281489e+00
4.974999999999999645e+00 1.122059438952363264e+00 1.183485874189838194e+00 1.020415942164932366e+00 2.368131649595805577e+00
5.025000000000000355e+00 1.073833816577366207e+00 1.196622648965249169e+00 1.005347966335146559e+00 2.037006092854541262e+00
5.075000000000001066e+00 1.020129224413085511e+00 1.171302483027453434e+00 9.903382000224036918e-01 2.786603845426138371e+00
5.125000000000000000e+00 9.606547739337379932e-01 1.162449658891564486e+00 9.755429646403738220e-01 2.778038362091496349e+00
5.175000000000000711e+00 9.128804278058940680e-01 1.159257198516203902e+00 9.623585648593092623e-01 2.724616209813070622e+00
5.224999999999999645e+00 8.871240782125117130e-01 1.136169036011687616e+00 9.495667997550580886e-01 2.278384554109280646e+00
5.275000000000000355e+00 8.596822746057223297e-01 1.126081467311575990e+00 9.369907442842326795e-01 3.353096180580375396e+00
5.325000000000001066e+00 8.356409704484950574e-01 1.107944593258583188e+00 9.264639944633560331e-01 2.742019439605845044e+00
5.375000000000000000e+00 8.233546716066941773e-01 1.093100004278805715e+00 9.162745067418276435e-01 2.277205417799868403e+00
5.425000000000000711e+00 8.154416719096070354e-01 1.068816709674871079e+00 9.067070841330823194e-01 2.316711124898948260e+00
5.474999999999999645e+00 8.225636727677523297e-01 1.050940517441009359e+00 9.000712542206927846e-01 2.394305553100720019e+00
5.525000000000000355e+00 8.177355661760034033e-01 1.035375173926699199e+00 8.933996177081857670e-01 1.920118973673766938e+00
5.575000000000001066e+00 8.312285858391446070e-01 1.010921440144310290e+00 8.888252835741387026e-01 2.232209370250504143e+00
5.625000000000000000e+00 8.317146580600353056e-01 9.982466157306923993e-01 8.865675251362934439e-01 1.928065798230081729e+00
5.675000000000000711e+00 8.596139750091654763e-01 9.810311062010493854e-01 8.869964537383310255e-01 1.708531059904148552e+00
5.724999999999999645e+00 8.603578477123670076e-01 9.582402498318447481e-01 8.894929352109487430e-01 1.532834037665199656e+00
5.775000000000000355e+00 8.755808592217663167e-01 9.456287626323884865e-01 8.947505278546737939e-01 1.685740635073857741e+00
5.825000000000001066e+00 9.024602089749343969e-01 9.278076401344710344e-01 9.011379826146150851e-01 1.128119328379932895e+00
5.875000000000000000e+00 9.015123186866278449e-01 9.062255649612359631e-01 9.098334856720033947e-01 1.247624013866859061e+00
5.925000000000000711e+00 9.301800904866821540e-01 8.982529596472367261e-01 9.203355624313238614e-01 1.431098714254758653e+00
5.974999999999999645e+00 9.385671545937325222e-01 8.834499559179260775e-01 9.317367766890181091e-01 1.105694563101284222e+00
6.025000000000000355e+00 9.445717201835731602e-01 8.695398064609848321e-01 9.441853898557367453e-01 1.153323223667366504e+00
6.075000000000001066e+00 9.627308460336558849e-01 8.736305162438527949e-01 9.555729358730740142e-01 9.723571821368103274e-01
6.125000000000000000e+00 9.710544746349984990e-01 8.624226376597418087e-01 9.679532222159902277e-01 1.052201532193562494e+00
6.175000000000000711e+00 9.857594213579549125e-01 8.490148292534669405e-01 9.807051730871766404e-01 1.160713445254887510e+00
6.224999999999999645e+00 1.005733580967125951e+00 8.529951825562319678e-01 9.920528754716281261e-01 5.865055719092536757e-01
6.275000000000000355e+00 1.013677966112849660e+00 8.393039693048972572e-01 1.003011927954789551e+00 7.290898821238429584e-01
6.325000000000001066e+00 1.023578668519413259e+00 8.549406966662456142e-01 1.012992270334582612e+00 1.076412586296815244e+00
6.375000000000000000e+00 1.028748026289950879e+00 8.600076842574408964e-01 1.023691113998898006e+00 1.383358813104477392e+00
6.425000000000000711e+00 1.033893911286816403e+00 8.721741265645146512e-01 1.032100881930241076e+00 9.852128078405760769e-01
6.474999999999999645e+00 1.034079684261704823e+00 8.900263698969176351e-01 1.038987083385763510e+00 1.597739275981002960e+00
6.525000000000000355e+00 1.040431754109735651e+00 8.921157239211070511e-01 1.046027137195215229e+00 1.011437220456645303e+00
6.575000000000001066e+00 1.048851343500811328e+00 9.178348524050391477e-01 1.051395194002475719e+00 1.411159671781284874e+00
6.625000000000000000e+00 1.040710483403169739e+00 9.351840865106679779e-01 1.055869164991493747e+00 1.471700783108237820e+00
6.675000000000000711e+00 1.056051778614168102e+00 9.444221442975696545e-01 1.058987224553604500e+00 1.127572063804023417e+00
6.724999999999999645e+00 1.042152504444726402e+00 9.573033791653323687e-01 1.060830896768310438e+00 1.322461428918235704e+00
6.775000000000000355e+00 1.038319592451855566e+00 9.762700743526193659e-01 1.061640099869926690e+00 1.355134372599866799e+00
6.825000000000001066e+00 1.034127205570686714e+00 9.913702699542180641e-01 1.061408338960337927e+00 1.361031584187891941e+00
6.875000000000000000e+00 1.033818571177328227e+00 1.013952045390934087e+00 1.060117903321033062e+00 1.214768455728562069e+00
6.925000000000000711e+00 1.025478950643154308e+00 1.024855362061570352e+00 1.058045091066534438e+00 1.297064249694590998e+00
6.974999999999999645e+00 1.020787323559938065e+00 1.047636560193785815e+00 1.055193685992118713e+00 1.303122290836927766e+00
7.025000000000000355e+00 1.012828462089379267e+00 1.045235288629691839e+00 1.051270084474644095e+00 1.308877062959519888e+00
7.075000000000001066e+00 1.003175646988239134e+00 1.055127905416320511e+00 1.046914382403089094e+00 1.648898726558243544e+00
7.125000000000000000e+00 1.002387777983049455e+00 1.080074539084342700e+00 1.041907318465926213e+00 9.896402688062830855e-01
7.175000000000000711e+00 9.931363078470738515e-01 1.082918692703212837e+00 1.036663895451730655e+00 1.254722769728650711e+00
7.224999999999999645e+00 9.771924128545169674e-01 1.093692887175696127e+00 1.031118658374172270e+00 1.672803820898127292e+00
7.275000000000000355e+00 9.817517948773386571e-01 1.094057257116518578e+00 1.025848764027935900e+00 1.356073200714589033e+00
7.325000000000001066e+00 9.734332169456515471e-01 1.093284283597809381e+00 1.019987731885998006e+00 1.270742336155691987e+00
7.375000000000000000e+00 9.694277802708328728e-01 1.094410948947764473e+00 1.014687521905425660e+00 1.649434744108722040e+00
7.425000000000000711e+00 9.604078206385648908e-01 1.095212939688524179e+00 1.009265248831721085e+00 1.583900481353136547e+00
7.474999999999999645e+00 9.676618459211440149e-01 1.088659716613082251e+00 1.004131743051926540e+00 1.198846560288136631e+00
7.525000000000000355e+00 9.648371763281349267e-01 1.081972135883670028e+00 9.997223543442657068e-01 1.225216889850502033e+00
7.575000000000001066e+00 9.664011271221618626e-01 1.083662578005766930e+00 9.948816300057322648e-01 1.084016968168437289e+00
7.625000000000000000e+00 9.620187801173246678e-01 1.073550331412605141e+00 9.914471442499807052e-01 1.008125071659978111e+00
7.675000000000000711e+00 9.670499664811098572e-01 1.076869088288884502e+00 9.874985387659168667e-01 1.116873465130843845e+00
7.724999999999999645e+00 9.693049832081589434e-01 1.056319333397513383e+00 9.853920343094184631e-01 1.383089187529477959e+00
7.775000000000000355e+00 9.763097774662541362e-01 1.054234095017523964e+00 9.827230794001385883e-01 1.444508679848325983e+00
7.825000000000001066e+00 9.769813474919106788e-01 1.045551724010538974e+00 9.808676273043334115e-01 1.465178985440777737e+00
7.875000000000000000e+00 9.789845456452651584e-01 1.037833562466538018e+00 9.800744965605509007e-01 1.157306132178424152e+00
7.925000000000000711e+00 9.894682808806751773e-01 1.026112432644118666e+00 9.790024902055595168e-01 1.257023917041202754e+00
7.974999999999999645e+00 9.927669429547915092e-01 1.015054123544001152e+00 9.790133263318433476e-01 1.053233850629313739e+00
8.025000000000000355e+00 1.002909271555817883e+00 1.006568371963198150e+00 9.786311217787362349e-01 1.040150369610626901e+00
8.074999999999999289e+00 1.007074849425980467e+00 1.001424648984732269e+00 9.793020963285165026e-01 1.192412430782897603e+00
8.125000000000000000e+00 1.015863971815676559e+00 9.925620121311203858e-01 9.799474618284181870e-01 1.032824029564311630e+00
8.175000000000000711e+00 1.012568106463179740e+00 9.856662846429479208e-01 9.812055938708957870e-01 9.486337701079780027e-01
8.225000000000001421e+00 1.026357675836785388e+00 9.847347221634954462e-01 9.826217118789307703e-01 1.113953305614814093e+00
8.275000000000000355e+00 1.023984206134188835e+00 9.817621953827756487e-01 9.839504030595506157e-01 1.135469879537382321e+00
8.324999999999999289e+00 1.028342028945579800e+00 9.801188096495969670e-01 9.860086010376842847e-01 1.018314222785606349e+00
8.375000000000000000e+00 1.032284343109673985e+00 9.704803044605834206e-01 9.873472814851510515e-01 7.674342547486425747e-01
8.425000000000000711e+00 1.027786444952865530e+00 9.768925795406916412e-01 9.890979058983833117e-01 1.061693218863227761e+00
8.475000000000001421e+00 1.029501157261617728e+00 9.663657917929151520e-01 9.908846632809915622e-01 1.082510882475777869e+00
8.525000000000000355e+00 1.029541422427426856e+00 9.709465564166254170e-01 9.926728414456856830e-01 1.004013153555867177e+00
8.574999999999999289e+00 1.036766206587366845e+00 9.717436190282559005e-01 9.946509611236116211e-01 9.598030187609586372e-01
8.625000000000000000e+00 1.032096905296875589e+00 9.670220264177359359e-01 9.963025381164578587e-01 1.141664541739291661e+00
8.675000000000000711e+00 1.028594602403170466e+00 9.762366066633378914e-01 9.976618672831317758e-01 9.536975544596092424e-01
8.725000000000001421e+00 1.028765762357466196e+00 9.696051707172612666e-01 9.986250358171938624e-01 8.642317503881206120e-01
8.775000000000000355e+00 1.026971002183237669e+00 9.737489616816377147e-01 1.000204199497484403e+00 9.010152799453589045e-01
8.824999999999999289e+00 1.024137045558944248e+00 9.776907817311986104e-01 1.000971172795716235e+00 1.059785781783877168e+00
8.875000000000000000e+00 1.016700029172525221e+00 9.813910897454244386e-01 1.001897063847185798e+00 9.871316398974433470e-01
8.925000000000000711e+00 1.013704817456808627e+00 9.872449352519185872e-01 1.002215822474555207e+00 8.559666774567150638e-01
8.975000000000001421e+00 1.003005851144161520e+00 9.884081970670731687e-01 1.003115147923416384e+00 9.801069878818317038e-01
9.025000000000000355e+00 9.972246794470071007e-01 9.854024349665740923e-01 1.002962095466460202e+00 1.130823385084893884e+00
9.074999999999999289e+00 1.007210800765141467e+00 9.909286851453027456e-01 1.003368221478859734e+00 1.161970784645054877e+00
9.125000000000000000e+00 1.004090020190607335e+00 9.846098635623065087e-01 1.003008124471081342e+00 1.106174085825346598e+00
9.175000000000000711e+00 9.933892524890751696e-01 9.871369634977408269e-01 1.003026104447886757e+00 1.150989564313823710e+00
9.225000000000001421e+00 9.908587944874256426e-01 9.984350487286796083e-01 1.002791408973531029e+00 1.026097513193963362e+00
9.275000000000000355e+00 9.890619810664188494e-01 9.941373026338199415e-01 1.002839101368521169e+00 1.070684275862705759e+00
9.324999999999999289e+00 9.863799815978262497e-01 1.002034623166752958e+00 1.001819750142757703e+00 9.354267369833229040e-01
9.375000000000000000e+00 9.894966106055976818e-01 1.002412437567865355e+00 1.001582667137691285e+00 1.007135084518241630e+00
9.425000000000000711e+00 9.843583473577594001e-01 1.004772673685999651e+00 1.001241668526937412e+00 1.009943584840382380e+00
9.475000000000001421e+00 9.844828979731504726e-01 1.002110773973238000e+00 1.000543052211960493e+00 7.728018201096638062e-01
9.525000000000000355e+00 9.814126443382942266e-01 1.001862037257966076e+00 1.000323678607365485e+00 1.107510641684355868e+00
9.575000000000001066e+00 9.700676200815833150e-01 1.004760421719739671e+00 9.997187317468891887e-01 7.567440748450818822e-01
9.625000000000000000e+00 9.811781405831221381e-01 1.006808674068988552e+00 9.995763960367620715e-01 1.007144388865277129e+00
9.675000000000000711e+00 9.778230800164664505e-01 1.012300806432269606e+00 9.992899245792881135e-01 8.050766360991844506e-01
9.725000000000001421e+00 9.780643318797576091e-01 1.003246358063290433e+00 9.989848914223978804e-01 9.485946578427756348e-01
9.775000000000000355e+00 9.840081725123055456e-01 1.009884675560356992e+00 9.990550272847084079e-01 7.761699027475501556e-01
9.825000000000001066e+00 9.854063696383030813e-01 1.004192301107621477e+00 9.989812621595979270e-01 9.665584792921069202e-01
9.875000000000000000e+00 9.844565445404710458e-01 1.006818569095916605e+00 9.990401909330787200e-01 1.018128380747107320e+00
9.925000000000000711e+00 9.842651097382876246e-01 1.007483148204243673e+00 9.990028325145067223e-01 6.800262312204716775e-01
9.975000000000001421e+00 9.824171001316240881e-01 1.005895857783541736e+00 9.993395018679703812e-01 8.775982122836618604e-01
1.002500000000000036e+01 9.820803895288071628e-01 1.010205461766258361e+00 9.994910351779581204e-01 8.688659641700955394e-01
1.007500000000000107e+01 9.934274622646560582e-01 1.001275892749451613e+00 9.997679806353773069e-01 1.037029853846853422e+00
1.012500000000000000e+01 9.953900857821946779e-01 1.001002551714196054e+00 1.000069738873306413e+00 8.284513122080934266e-01
1.017500000000000071e+01 9.922518421168439184e-01 1.001252356613921535e+00 1.000283212639576425e+00 8.665450414387901867e-01
1.022500000000000142e+01 9.888411984856046999e-01 1.004927544635819459e+00 1.000765437114327749e+00 7.894437299892017590e-01
1.027500000000000036e+01 9.987966866193018767e-01 1.005243533213743268e+00 1.001256481503917772e+00 1.133013461237495578e+00
1.032500000000000107e+01 1.000344776759363175e+00 1.003250929141594527e+00 1.001343371112293879e+00 9.649772388875768048e-01
1.037500000000000000e+01 1.005717285448167742e+00 1.002539031687013971e+00 1.001780429187883126e+00 9.890370095898047831e-01
1.042500000000000071e+01 1.003731735482842558e+00 1.001233274997568090e+00 1.002499587225549771e+00 9.465533116017816884e-01
1.047500000000000142e+01 1.001650963691453899e+00 1.006970950089963068e+00 1.002840721961100856e+00 8.176208604266284041e-01
1.052500000000000036e+01 1.004142803361499858e+00 9.983225307435922291e-01 1.003127549128595142e+00 9.070554729206696809e-01
1.057500000000000107e+01 1.003002331745280085e+00 9.977931802516258886e-01 1.003362757964438634e+00 9.840696866862085335e-01
1.062500000000000000e+01 1.013356627614430128e+00 1.006119576957139383e+00 1.003771742095439290e+00 9.854256385476389823e-01
1.067500000000000071e+01 1.010068776279371416e+00 1.003287748173614435e+00 1.003738235173903481e+00 7.347863272492181075e-01
1.072500000000000142e+01 1.005071760571798034e+00 1.002305546182342466e+00 1.003762758804661370e+00 8.111455728478628169e-01
1.077500000000000036e+01 1.013548607925365275e+00 1.001535294683645105e+00 1.003719615878971627e+00 6.799988627388752205e-01
1.082500000000000107e+01 1.011015985285671048e+00 9.995217152416320250e-01 1.004009605002468053e+00 9.391410693175730184e-01
1.087500000000000000e+01 1.010257002697283468e+00 1.001963191516083596e+00 1.003708937625687581e+00 9.204107530355796207e-01
1.092500000000000071e+01 1.012365897959159433e+00 1.005490781579251980e+00 1.003735221613846207e+00 1.042291696079281849e+00
1.097500000000000142e+01 1.009121191340213164e+00 1.006072396826253934e+00 1.003337280564796430e+00 8.341978474676513544e-01
1.102500000000000036e+01 1.005804998822500851e+00 1.004574866981076120e+00 1.003153562810439547e+00 9.939465278711667739e-01
1.107500000000000107e+01 1.001015304056193767e+00 1.008768459816690610e+00 1.002882205448938358e+00 1.180040059144797482e+00
1.112500000000000000e+01 1.006709016044438521e+00 1.002388791294562154e+00 1.002418037379781746e+00 6.958751274968516531e-01
1.117500000000000071e+01 1.007615336613257639e+00 1.004425649871692361e+00 1.002240398358637874e+00 8.620774977203377043e-01
1.122500000000000142e+01 1.000851812648740680e+00 1.008332687473186606e+00 1.001601760856395407e+00 1.053778052682098343e+00
1.127500000000000036e+01 1.008292000066153493e+00 1.008536646631489564e+00 1.001016079480292031e+00 9.785862613443822022e-01
1.132500000000000107e+01 1.000527617536508096e+00 1.004025085368160708e+00 1.000768952143473056e+00 9.326580884406799887e-01
1.137500000000000000e+01 9.991561762207715747e-01 1.006801600430458743e+00 1.000219195263305050e+00 8.227844675479623060e-01
1.142500000000000071e+01 1.000556229681569986e+00 1.008968808735522416e+00 9.995808103847261261e-01 9.072389175830984920e-01
1.147500000000000142e+01 1.002093850083251025e+00 1.007953251164782182e+00 9.992658578440497541e-01 9.901933610649475970e-01
1.152500000000000036e+01 9.977495046269161394e-01 1.008070026440984535e+00 9.990522498665143081e-01 9.365918574721707746e-01
1.157500000000000107e+01 1.002343936286902215e+00 1.005665173175969596e+00 9.983165615805493776e-01 9.017336714941536213e-01
1.162500000000000000e+01 9.952272174493790313e-01 1.003742284404085305e+00 9.978414315186834305e-01 9.028449369854822937e-01
1.167500000000000071e+01 9.961725563175940490e-01 1.009169469085238191e+00 9.978196627075559544e-01 9.390072019837426565e-01
1.172500000000000142e+01 9.922626110855804482e-01 1.006036422793403773e+00 9.974780392205579993e-01 9.919232689146360027e-01
1.177500000000000036e+01 1.002505973683182727e+00 1.007552969789968778e+00 9.973024430509923599e-01 1.164691409258351351e+00
1.182500000000000107e+01 9.953805662587167369e-01 1.006501467761302226e+00 9.971715275639309040e-01 7.870176447983529000e-01
1.187500000000000000e+01 9.957362405584126996e-01 1.004057723303122929e+00 9.969797805455778983e-01 8.737132749287943589e-01
1.192500000000000071e+01 9.938891653644479351e-01 9.975818880665958677e-01 9.970143191107764258e-01 1.000988614021880441e+00
1.197500000000000142e+01 9.975102273003575437e-01 1.002957273940993321e+00 9.971586133493681725e-01 9.342560853770188745e-01
1.202500000000000036e+01 9.955274386046941704e-01 9.983896709865097696e-01 9.968087260299967056e-01 7.693283569620135154e-01
1.207500000000000107e+01 9.979979784067354309e-01 1.000606844620181901e+00 9.970396384763658970e-01 1.000885780001493863e+00
1.212500000000000000e+01 9.932339087489908680e-01 1.003892670958679956e+00 9.972420915274161635e-01 7.811001313970699078e-01
1.217500000000000071e+01 1.001756763445563747e+00 9.989565540243950936e-01 9.973650667010373061e-01 8.150465462191123223e-01
1.222500000000000142e+01 9.980293670394061456e-01 9.993900287637746960e-01 9.976554251819798047e-01 9.044398520803325070e-01
1.227500000000000036e+01 9.948215431264059161e-01 9.955042816945194328e-01 9.977493325158112158e-01 9.129643643378209106e-01
1.232500000000000107e+01 9.976804631536991819e-01 9.996018506609763987e-01 9.978939261559421903e-01 1.015815526388369250e+00
1.237500000000000000e+01 9.973910544677883072e-01 1.000874776061434046e+00 9.984436695394468542e-01 9.920014403430895689e-01
1.242500000000000071e+01 1.001521504517457695e+00 9.992202605860520670e-01 9.985465462431709627e-01 7.903261986645263582e-01
1.247500000000000142e+01 1.002517730737989554e+00 9.985131632130181956e-01 9.987966650721181727e-01 9.454161335345109274e-01
1.252500000000000036e+01 1.000225507529439950e+00 9.962375986098366276e-01 9.990130764669726826e-01 9.378829772681065435e-01
1.257500000000000107e+01 1.002665812620421981e+00 9.976807749697833572e-01 9.993983511591665314e-01 7.413257811268474384e-01
1.262500000000000000e+01 9.979066467276063168e-01 9.987922072624176861e-01 9.996365366991082357e-01 8.705510342212705588e-01
1.267500000000000071e+01 9.998848691568015257e-01 9.983287266181818387e-01 1.000112453141660307e+00 8.860333114628633489e-01
1.272500000000000142e+01 9.963051248807927029e-01 9.970660127701566067e-01 1.000344464454854476e+00 8.347604999816828908e-01
1.277500000000000036e+01 1.003591082305383964e+00 9.995671602450756366e-01 1.000411817400321590e+00 9.015344506701692406e-01
1.282500000000000107e+01 9.968210433830159145e-01 9.946538355873528747e-01 1.000591708592112994e+00 8.945186539145888460e-01
1.287500000000000000e+01 1.001058136866646242e+00 9.966490792229228957e-01 1.000882265257983628e+00 8.731521683969306613e-01
1.292500000000000071e+01 1.000538530501975609e+00 9.996936020203162077e-01 1.001059450392151495e+00 7.590035513211679241e-01
1.297500000000000142e+01 1.002583527235034966e+00 1.000537191892457489e+00 1.001141059767787445e+00 9.876410160355900691e-01
1.302500000000000036e+01 1.001155066986646691e+00 9.986802065844190279e-01 1.001327249582152357e+00 9.589202698090285582e-01
1.307500000000000107e+01 1.001118504514839413e+00 1.006674170992224004e+00 1.001556968348767507e+00 7.486855328465638060e-01
1.312500000000000000e+01 9.917139591232495555e-01 9.959913717841694103e-01 1.001504859490171206e+00 7.777113928945303956e-01
1.317500000000000071e+01 9.993479716414859215e-01 9.979697222339798390e-01 1.001619078580162414e+00 8.889708678413681398e-01
1.322500000000000142e+01 1.000792517300882034e+00 1.001435405661012634e+00 1.001522893191893360e+00 1.080599584049444895e+00
1.327500000000000036e+01 1.000897301484521495e+00 1.005791316298331406e+00 1.001649595051532060e+00 9.706575844310915135e-01
1.332500000000000107e+01 9.962160322594020290e-01 1.001107072810552889e+00 1.001703779757793233e+00 8.690691888408490495e-01
1.337500000000000000e+01 9.994736438611260265e-01 1.000215866982972157e+00 1.001511480965755263e+00 8.759570176742635939e-01
1.342500000000000071e+01 9.994362429282315219e-01 1.002402972907040501e+00 1.001185777356271789e+00 9.955469727546701897e-01
1.347500000000000142e+01 9.960384383520858309e-01 1.002547201775844998e+00 1.001117500504841829e+00 1.080402025806196376e+00
1.352500000000000036e+01 9.982675610073594719e-01 1.001681022819934208e+00 1.001103206128971301e+00 8.893310469543288521e-01
1.357500000000000107e+01 1.001663698646152012e+00 1.004500316664778792e+00 1.001188029610900365e+00 8.698096441556083525e-01
1.362500000000000000e+01 9.987329330790939430e-01 1.005215157449098395e+00 1.000919156679541233e+00 9.407601968396015479e-01
1.367500000000000071e+01 1.002943904906885786e+00 1.001357565492893453e+00 1.000546511088310719e+00 9.274968347938291613e-01
1.372500000000000142e+01 9.995677557824713677e-01 1.001523558826591387e+00 1.000673152802972421e+00 8.636013441568376470e-01
1.377500000000000036e+01 9.955584926880305385e-01 1.003640214946229348e+00 1.000537854846355490e+00 8.069114267156430875e-01
1.382500000000000107e+01 9.997107409326327909e-01 1.001550733907549118e+00 1.000500160503666969e+00 8.386362538733844740e-01
1.387500000000000000e+01 9.981914925739857614e-01 1.003690399956046031e+00 1.000547286631007005e+00 8.512432896522630354e-01
1.392500000000000071e+01 9.988767184068101379e-01 1.004373220751166196e+00 1.000195002983672365e+00 8.698168693088620396e-01
1.397500000000000142e+01 1.002564525952172270e+00 1.002031663960103014e+00 1.000027710879491494e+00 8.268548152799427564e-01
1.402500000000000036e+01 1.001224303934002746e+00 1.006253503825605744e+00 1.000011470115403700e+00 8.148884951327820536e-01
1.407500000000000107e+01 1.001381282218965829e+00 1.000264228516304366e+00 9.999568274135882673e-01 7.366516309444104404e-01
1.412500000000000000e+01 9.996703453920290361e-01 1.004970328511213262e+00 9.998379783422693956e-01 8.513547544391089072e-01
1.417500000000000071e+01 9.997624177152586444e-01 1.007388511328856984e+00 1.000027634319853309e+00 7.917802112479123133e-01
1.422500000000000142e+01 1.002364511764677335e+00 1.003724147048942639e+00 9.998119679507444513e-01 7.744009662554492968e-01
1.427500000000000036e+01 1.001812129357007697e+00 1.005252019126923857e+00 9.997777926353649258e-01 8.042063113967881094e-01
1.432500000000000107e+01 9.993543573936697344e-01 9.994126495184134651e-01 9.996366778122284247e-01 7.636268341425856976e-01
1.437500000000000000e+01 1.002064240802063244e+00 1.001149621146784296e+00 9.997410374128705701e-01 8.335774073428829922e-01
1.442500000000000071e+01 1.004361934739414819e+00 1.004545892234673721e+00 9.999064152201851963e-01 9.197874762941662397e-01
1.447500000000000142e+01 1.000306968269540908e+00 1.000957797219018675e+00 9.999909394333368340e-01 8.506448550190429669e-01
1.452500000000000036e+01 1.000575967251511100e+00 1.003631983380416370e+00 9.997774795641902745e-01 7.767610568831677664e-01
1.457500000000000107e+01 9.978896405783846957e-01 9.985484622805412824e-01 9.997095876674770842e-01 6.926074304722587005e-01
1.462500000000000000e+01 1.001782213794592646e+00 1.003980073493587533e+00 9.995780681050082661e-01 7.773600462094266694e-01
1.467500000000000071e+01 1.007137247976666261e+00 1.002232647326084969e+00 9.996693130630761592e-01 7.720719030926352922e-01
1.472500000000000142e+01 1.003100734389226867e+00 1.000822289044211555e+00 9.996941441398704553e-01 7.558039037944191962e-01
1.477500000000000036e+01 9.988984369468068003e-01 9.983669214534123260e-01 9.998287534464822546e-01 8.000130106762287641e-01
1.482500000000000107e+01 9.969940544997520915e-01 1.002567319950548264e+00 9.998176318793300377e-01 7.619698858510405293e-01
1.487500000000000000e+01 9.967469327767544129e-01 9.993418676793590638e-01 9.998913667694431240e-01 8.703844152486656105e-01
1.492500000000000071e+01 9.987898182706546057e-01 1.003515377100297146e+00 9.996727244985348371e-01 8.377127016184333641e-01
1.497500000000000142e+01 1.001562027897729967e+00 1.006336095423818300e+00 1.000056537705223736e+00 7.041082831772883521e-01
1.502500000000000036e+01 1.002049817574562685e+00 9.989818639577870973e-01 1.000036137870088826e+00 7.047285510037271106e-01
1.507500000000000107e+01 9.980245060395269707e-01 1.002467001520188861e+00 9.998677416288637154e-01 8.842881999421993156e-01
1.512500000000000000e+01 9.992959116602043723e-01 9.992070207512654401e-01 9.998364938796009405e-01 8.157048114393828930e-01
1.517500000000000071e+01 1.001500285721028893e+00 1.000596446790134042e+00 9.999487994458584605e-01 7.895604453794140554e-01
1.522500000000000142e+01 9.989169344095331082e-01 1.000377331739935149e+00 9.998876187156932049e-01 8.411475789947663317e-01
1.527500000000000036e+01 1.001241876487637628e+00 1.006122482050444855e+00 9.999858177845809548e-01 7.741296638486089288e-01
1.532500000000000107e+01 9.996545473472077115e-01 9.998480922921515468e-01 9.997926773184413474e-01 8.862321163220587827e-01
1.537500000000000000e+01 9.977225605091537552e-01 1.002383018379158885e+00 1.000190649937327203e+00 8.804773826068507114e-01
1.542500000000000071e+01 1.001083466691855994e+00 1.001108604005644276e+00 9.999954734764726627e-01 7.289820998594794821e-01
1.547500000000000142e+01 9.965479717921240654e-01 1.001962581739708424e+00 9.990562748652597191e-01 8.191845308153475891e-01
1.552500000000000036e+01 9.961345150124012449e-01 1.001970891732017810e+00 9.971770626184697228e-01 7.444358060735576377e-01
1.557500000000000107e+01 9.936544841417730423e-01 9.917954624626266202e-01 9.919415608560211428e-01 8.875965576826684300e-01
1.562500000000000000e+01 9.838951657535175421e-01 9.894953897165091883e-01 9.842274947044904465e-01 8.966237841010186171e-01
1.567500000000000071e+01 9.746683661575384905e-01 9.795562157490659283e-01 9.752267007374727514e-01 8.470974391691059591e-01
1.572500000000000142e+01 9.668836526978503709e-01 9.653792008132179303e-01 9.659148050340106151e-01 7.981818680525997189e-01
1.577500000000000036e+01 9.545248662733529788e-01 9.595528304287490595e-01 9.564618149580583761e-01 8.267780446731565203e-01
1.582500000000000107e+01 9.421068843516297031e-01 9.474327064643777163e-01 9.471580277859781294e-01 7.881261422452122689e-01
1.587500000000000000e+01 9.399931277806874430e-01 9.431068194178523489e-01 9.378195526798134285e-01 8.021553150622914297e-01
1.592500000000000071e+01 9.276142795235126082e-01 9.295009686232985624e-01 9.286922204737844133e-01 7.641090854133122390e-01
1.597500000000000142e+01 9.195480834369665901e-01 9.219432647778522671e-01 9.196427001307966309e-01 8.015186091809161084e-01
1.602499999999999858e+01 9.073068913786291878e-01 9.118904021630229728e-01 9.102839561617236397e-01 8.570792523663142148e-01
1.607500000000000284e+01 8.999772096454486947e-01 9.049396129781815956e-01 9.014251019163556089e-01 9.073050869548854314e-01
1.612500000000000000e+01 8.905034362905449585e-01 8.939813723125095146e-01 8.923618870453929874e-01 7.774751160211713641e-01
1.617500000000000071e+01 8.859666488265613982e-01 8.835160317639745298e-01 8.835491333825065130e-01 7.909640892304901083e-01
1.622500000000000142e+01 8.745302326132501358e-01 8.779836051064491276e-01 8.746539905780196245e-01 9.042383238771123377e-01
1.627499999999999858e+01 8.636419231394997231e-01 8.674128119530862824e-01 8.659344699929871769e-01 6.954693141225533060e-01
1.632500000000000284e+01 8.603121859697413498e-01 8.596793196539044279e-01 8.569105250337042401e-01 8.887058903242421870e-01
1.637500000000000000e+01 8.478082755625205857e-01 8.493785635070711937e-01 8.483336974776034545e-01 7.271503834140548017e-01
1.642500000000000071e+01 8.405394588117396371e-01 8.393289968596606698e-01 8.395059903402580792e-01 8.202764144124694567e-01
1.647500000000000142e+01 8.297469746200840657e-01 8.334885637757029064e-01 8.309855948774965695e-01 6.742793177970376473e-01
1.652499999999999858e+01 8.218729950395718964e-01 8.241683381161544197e-01 8.224561961589040848e-01 7.490527978924167440e-01
1.657500000000000284e+01 8.125330979251355057e-01 8.160424523048653844e-01 8.137681468406897656e-01 7.358323699433484411e-01
1.662500000000000000e+01 8.064715207139829811e-01 8.070081787508748272e-01 8.054693031743127563e-01 8.049870553377419524e-01
1.667500000000000071e+01 7.995430020787790415e-01 7.974049220054253428e-01 7.972012408401275563e-01 7.485431242727264012e-01
1.672500000000000142e+01 7.843483098256022190e-01 7.892831469165024760e-01 7.886706797522849977e-01 7.226927802098310760e-01
1.677499999999999858e+01 7.788634234656562905e-01 7.798878746082628100e-01 7.805027833405653315e-01 6.843843732765583221e-01
1.682500000000000284e+01 7.718958902274259959e-01 7.753862417628522019e-01 7.720666639162307998e-01 7.183532215768371199e-01
1.687500000000000000e+01 7.628590299896240712e-01 7.674376879856742439e-01 7.639468687222417120e-01 8.485219405524240255e-01
1.692500000000000071e+01 7.567005987357680041e-01 7.575357630189044622e-01 7.558565316013734492e-01 8.184609974737075966e-01
1.697500000000000142e+01 7.516641042617696611e-01 7.447937725509122808e-01 7.475457409974913814e-01 7.721339566280762678e-01
1.702499999999999858e+01 7.394845576294535316e-01 7.401242287334045544e-01 7.397209140389081616e-01 7.180824005643572372e-01
1.707500000000000284e+01 7.333466717067532725e-01 7.333753911418221527e-01 7.315706208143309963e-01 7.795275232974708812e-01
1.712500000000000000e+01 7.211739493777225007e-01 7.263255414893015072e-01 7.235540501949299097e-01 7.097205284360647015e-01
1.717500000000000071e+01 7.148683617896802733e-01 7.165999063192496354e-01 7.158324711852426248e-01 6.893737002969342331e-01
1.722500000000000142e+01 7.048622169211227195e-01 7.104097417618762123e-01 7.077393745610242037e-01 6.813457108192947365e-01
1.727499999999999858e+01 6.998459233171621108e-01 7.011606546591478972e-01 6.998898946672279520e-01 6.533573437307267362e-01
1.732500000000000284e+01 6.905238474218379219e-01 6.920900406800102322e-01 6.922942117054624589e-01 6.336507075048464221e-01
1.737500000000000000e+01 6.846098308825692147e-01 6.837975550674810776e-01 6.844334996712373442e-01 7.092554678086577802e-01
1.742500000000000071e+01 6.753365797877033394e-01 6.799695663228642051e-01 6.766764268869057686e-01 7.209494353183938387e-01
1.747500000000000142e+01 6.668318407259150593e-01 6.690293351609771788e-01 6.690976807632997847e-01 6.071508688674359666e-01
1.752499999999999858e+01 6.613224297719985101e-01 6.630283446246763024e-01 6.612647324600634535e-01 6.660078534427095187e-01
1.757500000000000284e+01 6.560778272056815297e-01 6.562559692611994455e-01 6.536861229495246617e-01 6.080065807895025376e-01
1.762500000000000000e+01 6.440932035546239609e-01 6.470351475690425680e-01 6.462255969696613089e-01 6.931281709363069643e-01
1.767500000000000071e+01 6.395276610911967419e-01 6.404121500850663562e-01 6.388793880930406788e-01 6.470936794976306361e-01
1.772500000000000142e+01 6.278073527616310212e-01 6.292770034309539406e-01 6.313170232406098981e-01 6.548702464340327989e-01
1.777499999999999858e+01 6.233944315395054669e-01 6.234625794568110502e-01 6.239077065086698903e-01 6.398332235917867372e-01
1.782500000000000284e+01 6.151433461706765637e-01 6.175565736141286344e-01 6.163440491793195086e-01 6.061304499154126502e-01
1.787500000000000000e+01 6.084010661067758008e-01 6.084984036883474001e-01 6.092733456127700231e-01 6.514130459019943364e-01
1.792500000000000071e+01 6.016126492950727433e-01 6.036081218876924170e-01 6.018236854133287572e-01 5.956634604834938340e-01
1.797500000000000142e+01 5.959712905735445876e-01 5.949716928145177830e-01 5.945979617234873338e-01 6.663985060178659880e-01
1.802499999999999858e+01 5.889546806167247350e-01 5.889362721012523227e-01 5.874437096667527447e-01 5.228018394152261772e-01
1.807500000000000284e+01 5.801025727803682530e-01 5.822774219540662877e-01 5.803561221158540784e-01 6.370770306792146176e-01
1.812500000000000000e+01 5.725988962816229710e-01 5.753807650609329416e-01 5.733294354137310478e-01 5.571019937623259421e-01
1.817500000000000071e+01 5.635502281199255004e-01 5.654223797394363205e-01 5.660575062710596628e-01 6.662976750290201533e-01
1.822500000000000142e+01 5.592846509154008050e-01 5.591477999586349501e-01 5.590035230367940144e-01 5.798158957712511441e-01
1.827499999999999858e+01 5.503437883235270389e-01 5.526503783667428005e-01 5.519532724144273761e-01 6.160457879395966341e-01
1.832500000000000284e+01 5.422650311171257620e-01 5.462011991482919049e-01 5.450639636180132364e-01 5.948778834432109086e-01
1.837500000000000000e+01 5.377130648644002919e-01 5.381417416787305230e-01 5.382227084548850682e-01 5.597598071418941057e-01
1.842500000000000071e+01 5.306795712218761452e-01 5.321876641285143705e-01 5.311682144651164172e-01 6.976691483980366204e-01
1.847500000000000142e+01 5.248532122790637855e-01 5.244081363064705403e-01 5.244317919191872068e-01 6.308163391084070648e-01
1.852499999999999858e+01 5.166315322280671252e-01 5.163352525824165262e-01 5.175157282886893029e-01 4.879900046008851522e-01
1.857500000000000284e+01 5.087055992178792785e-01 5.112884418930783159e-01 5.108440612106331935e-01 6.067080109528178999e-01
1.862500000000000000e+01 5.070779738683965920e-01 5.047745003351048476e-01 5.039731053409669537e-01 5.655234423051664905e-01
1.867500000000000071e+01 4.980450765007567449e-01 5.002093267023433043e-01 4.973981200347914466e-01 6.002278689027631398e-01
1.872500000000000142e+01 4.895516274496375941e-01 4.929666199517602210e-01 4.906711991373864934e-01 5.594992710770300137e-01
1.877499999999999858e+01 4.831775301276887702e-01 4.859194250074043153e-01 4.841123533968274550e-01 6.820802856718037877e-01
1.882500000000000284e+01 4.763004580429350820e-01 4.773029613456447051e-01 4.776292913601207779e-01 6.008268952266522245e-01
1.887500000000000000e+01 4.699527229199222389e-01 4.717624545561093785e-01 4.709098258526647207e-01 6.043630695986653700e-01
1.892500000000000071e+01 4.638523647173372622e-01 4.658662970344116250e-01 4.643791065439625831e-01 5.343767342154168709e-01
1.897500000000000142e+01 4.558761295708628758e-01 4.579093627567231151e-01 4.580463933710760549e-01 5.614647196248001570e-01
1.902499999999999858e+01 4.506442297922820805e-01 4.529840541873930704e-01 4.515921230592393476e-01 5.948706089265158869e-01
1.907500000000000284e+01 4.445797905657296045e-01 4.466443618837259155e-01 4.450207737941585528e-01 5.227178973907877779e-01
1.912500000000000000e+01 4.385790678249220642e-01 4.381768127200993401e-01 4.386305761005396819e-01 5.297994063519233521e-01
1.917500000000000426e+01 4.331976334513557014e-01 4.329894201019441891e-01 4.322915865547244385e-01 5.205333735287215324e-01
1.922500000000000142e+01 4.238691818255054256e-01 4.264971655745304902e-01 4.261146385902543354e-01 5.469572088488060535e-01
1.927499999999999858e+01 4.200985576087201134e-01 4.219917201243274518e-01 4.196816883742460202e-01 5.183659268924802888e-01
1.932500000000000284e+01 4.123606528727296605e-01 4.157238292152807269e-01 4.134255113753834698e-01 5.156870391911627660e-01
1.937500000000000000e+01 4.052258861289608771e-01 4.081351740374585813e-01 4.072617631080308609e-01 5.321479525948656919e-01
1.942500000000000426e+01 4.005366189648700836e-01 4.004668760693741447e-01 4.010757632483699653e-01 5.008807949254788783e-01
1.947500000000000142e+01 3.931777725179451677e-01 3.953129455977562601e-01 3.948807890895021377e-01 4.320808152645769784e-01
1.952499999999999858e+01 3.879755535460052140e-01 3.909532709398584327e-01 3.886663212265342726e-01 5.240029555041963993e-01
1.957500000000000284e+01 3.830522961501299228e-01 3.838015121647668781e-01 3.826589140381780330e-01 4.370426752049076380e-01
1.962500000000000000e+01 3.756179994638583208e-01 3.757888210348198088e-01 3.765640776524714628e-01 5.093588661397296935e-01
1.967500000000000426e+01 3.694871724079332731e-01 3.700866481334136315e-01 3.705231159028603560e-01 5.469443474743601596e-01
1.972500000000000142e+01 3.655780048091393786e-01 3.647755772447398015e-01 3.645919104911106157e-01 4.949840531353509321e-01
1.977499999999999858e+01 3.582256213318702476e-01 3.595593050871810914e-01 3.584918931289626798e-01 4.771896005240567340e-01
1.982500000000000284e+01 3.528265913963516409e-01 3.553770423968876657e-01 3.526170404986321838e-01 4.960901110827868887e-01
1.987500000000000000e+01 3.464204455467227439e-01 3.475711629483185239e-01 3.467073012257184117e-01 4.300049237542145075e-01
1.992500000000000426e+01 3.414148739969835034e-01 3.418517625863736198e-01 3.407501947101101436e-01 4.157974161092172216e-01
1.997500000000000142e+01 3.338917614478473794e-01 3.362331679439529708e-01 3.349464556488153111e-01 4.347041510055208446e-01
