# r (Angstroms), cation-water g(r), anion-water g(r), water-water g(r), cation-anion g(r)
2.500000000000000139e-02 0.000000000000000000e+00 0.000000000000000000e+00 5.737643608961079008e+04 0.000000000000000000e+00
7.500000000000001110e-02 0.000000000000000000e+00 0.000000000000000000e+00 0.000000000000000000e+00 0.000000000000000000e+00
1.250000000000000000e-01 0.000000000000000000e+00 0.000000000000000000e+00 0.000000000000000000e+00 0.000000000000000000e+00
1.750000000000000167e-01 0.000000000000000000e+00 0.000000000000000000e+00 0.000000000000000000e+00 0.000000000000000000e+00
2.250000000000000056e-01 0.000000000000000000e+00 0.000000000000000000e+00 0.000000000000000000e+00 0.000000000000000000e+00
2.750000000000000222e-01 0.000000000000000000e+00 0.000000000000000000e+00 0.000000000000000000e+00 0.000000000000000000e+00
3.250000000000000666e-01 0.000000000000000000e+00 0.000000000000000000e+00 0.000000000000000000e+00 0.000000000000000000e+00
3.750000000000000000e-01 0.000000000000000000e+00 0.000000000000000000e+00 0.000000000000000000e+00 0.000000000000000000e+00
4.250000000000000444e-01 0.000000000000000000e+00 0.000000000000000000e+00 0.000000000000000000e+00 0.000000000000000000e+00
4.749999999999999778e-01 0.000000000000000000e+00 0.000000000000000000e+00 0.000000000000000000e+00 0.000000000000000000e+00
5.250000000000000222e-01 0.000000000000000000e+00 0.000000000000000000e+00 0.000000000000000000e+00 0.000000000000000000e+00
5.750000000000000666e-01 0.000000000000000000e+00 0.000000000000000000e+00 0.000000000000000000e+00 0.000000000000000000e+00
6.250000000000000000e-01 0.000000000000000000e+00 0.000000000000000000e+00 0.000000000000000000e+00 0.000000000000000000e+00
6.750000000000000444e-01 0.000000000000000000e+00 0.000000000000000000e+00 0.000000000000000000e+00 0.000000000000000000e+00
7.250000000000000888e-01 0.000000000000000000e+00 0.000000000000000000e+00 0.000000000000000000e+00 0.000000000000000000e+00
7.750000000000000222e-01 0.000000000000000000e+00 0.000000000000000000e+00 0.000000000000000000e+00 0.000000000000000000e+00
8.250000000000000666e-01 0.000000000000000000e+00 0.000000000000000000e+00 0.000000000000000000e+00 0.000000000000000000e+00
8.750000000000000000e-01 0.000000000000000000e+00 0.000000000000000000e+00 0.000000000000000000e+00 0.000000000000000000e+00
9.250000000000000444e-01 0.000000000000000000e+00 0.000000000000000000e+00 0.000000000000000000e+00 0.000000000000000000e+00
9.750000000000000888e-01 0.000000000000000000e+00 0.000000000000000000e+00 0.000000000000000000e+00 0.000000000000000000e+00
1.024999999999999911e+00 0.000000000000000000e+00 0.000000000000000000e+00 0.000000000000000000e+00 0.000000000000000000e+00
1.075000000000000178e+00 0.000000000000000000e+00 0.000000000000000000e+00 0.000000000000000000e+00 0.000000000000000000e+00
1.125000000000000000e+00 0.000000000000000000e+00 0.000000000000000000e+00 0.000000000000000000e+00 0.000000000000000000e+00
1.175000000000000266e+00 0.000000000000000000e+00 0.000000000000000000e+00 0.000000000000000000e+00 0.000000000000000000e+00
1.225000000000000089e+00 0.000000000000000000e+00 0.000000000000000000e+00 0.000000000000000000e+00 0.000000000000000000e+00
1.274999999999999911e+00 0.000000000000000000e+00 0.000000000000000000e+00 0.000000000000000000e+00 0.000000000000000000e+00
1.325000000000000178e+00 0.000000000000000000e+00 0.000000000000000000e+00 0.000000000000000000e+00 0.000000000000000000e+00
1.375000000000000000e+00 0.000000000000000000e+00 0.000000000000000000e+00 0.000000000000000000e+00 0.000000000000000000e+00
1.425000000000000266e+00 0.000000000000000000e+00 0.000000000000000000e+00 0.000000000000000000e+00 0.000000000000000000e+00
1.475000000000000089e+00 0.000000000000000000e+00 0.000000000000000000e+00 0.000000000000000000e+00 0.000000000000000000e+00
1.524999999999999911e+00 0.000000000000000000e+00 0.000000000000000000e+00 0.000000000000000000e+00 0.000000000000000000e+00
1.575000000000000178e+00 0.000000000000000000e+00 0.000000000000000000e+00 0.000000000000000000e+00 0.000000000000000000e+00
1.625000000000000000e+00 0.000000000000000000e+00 0.000000000000000000e+00 0.000000000000000000e+00 0.000000000000000000e+00
1.675000000000000266e+00 0.000000000000000000e+00 0.000000000000000000e+00 0.000000000000000000e+00 0.000000000000000000e+00
1.725000000000000089e+00 0.000000000000000000e+00 0.000000000000000000e+00 0.000000000000000000e+00 0.000000000000000000e+00
1.774999999999999911e+00 0.000000000000000000e+00 0.000000000000000000e+00 0.000000000000000000e+00 0.000000000000000000e+00
1.825000000000000178e+00 0.000000000000000000e+00 0.000000000000000000e+00 0.000000000000000000e+00 0.000000000000000000e+00
1.875000000000000000e+00 0.000000000000000000e+00 0.000000000000000000e+00 0.000000000000000000e+00 0.000000000000000000e+00
1.925000000000000266e+00 0.000000000000000000e+00 0.000000000000000000e+00 0.000000000000000000e+00 0.000000000000000000e+00
1.975000000000000089e+00 0.000000000000000000e+00 0.000000000000000000e+00 0.000000000000000000e+00 0.000000000000000000e+00
2.025000000000000355e+00 0.000000000000000000e+00 0.000000000000000000e+00 0.000000000000000000e+00 0.000000000000000000e+00
2.075000000000000178e+00 2.498427595466965780e-03 0.000000000000000000e+00 0.000000000000000000e+00 0.000000000000000000e+00
2.125000000000000000e+00 9.131931902346374086e-02 0.000000000000000000e+00 0.000000000000000000e+00 2.646936783288803552e-01
2.174999999999999822e+00 7.435909373171234460e-01 0.000000000000000000e+00 0.000000000000000000e+00 2.021314134739037538e+00
2.225000000000000089e+00 2.861748423341090142e+00 0.000000000000000000e+00 0.000000000000000000e+00 7.243099021364439061e+00
2.275000000000000355e+00 5.773988861969172603e+00 0.000000000000000000e+00 0.000000000000000000e+00 1.108517180123671153e+01
2.325000000000000178e+00 7.824165391051304042e+00 0.000000000000000000e+00 0.000000000000000000e+00 1.393026479118926630e+01
2.375000000000000000e+00 7.833226153718062967e+00 0.000000000000000000e+00 1.313801930234593944e-05 1.123088746813442995e+01
2.425000000000000266e+00 6.450317696655165634e+00 2.032556387791134578e-04 8.118030212837791483e-04 7.317202996048083108e+00
2.475000000000000089e+00 4.676207033361536425e+00 8.390440326916171962e-03 1.761250987879319635e-02 3.317150826920346240e+00
2.525000000000000355e+00 3.188208336027765100e+00 1.426688547405109420e-01 1.467959403755406955e-01 1.499803992015883880e+00
2.575000000000000178e+00 2.085495145267812322e+00 9.117844623359490086e-01 6.008263022013924370e-01 1.802658090818404668e+00
2.625000000000000000e+00 1.368285202335555617e+00 2.810119203579614755e+00 1.456849751783483304e+00 3.469282967382240623e-01
2.675000000000000266e+00 8.978416042151043941e-01 5.245232411899254821e+00 2.404041636852339181e+00 1.670402984586240591e-01
2.725000000000000089e+00 5.955771135223375534e-01 6.813563145482980588e+00 3.000976253269736382e+00 4.829003623154088376e-01
2.775000000000000355e+00 4.178484596245432559e-01 6.557830449731548050e+00 3.093076656791971857e+00 1.552185957000532246e-01
2.825000000000000178e+00 3.170692247826581434e-01 5.369957480093257018e+00 2.799912365048549123e+00 1.497728978661587718e-01
2.875000000000000000e+00 2.404844940299572242e-01 3.928443634887443192e+00 2.346311043374448069e+00 0.000000000000000000e+00
2.925000000000000266e+00 1.791047827945756454e-01 2.589195740664485434e+00 1.895330120801049567e+00 0.000000000000000000e+00
2.975000000000000089e+00 1.536878635514042912e-01 1.682328397416382293e+00 1.524215727923503572e+00 0.000000000000000000e+00
3.025000000000000355e+00 1.333664437450450546e-01 1.089006896672321867e+00 1.251029230423146066e+00 1.306233533252155188e-01
3.075000000000000178e+00 1.246403271582005867e-01 6.861538497106620671e-01 1.065751148883754551e+00 0.000000000000000000e+00
3.125000000000000000e+00 1.208062264106969513e-01 4.613157723828944512e-01 9.468995205741999044e-01 1.223973925133707563e-01
3.175000000000000266e+00 1.145413153184109828e-01 3.344938411110117693e-01 8.734403728816818591e-01 0.000000000000000000e+00
3.225000000000000089e+00 1.219350949826874531e-01 2.663954290008195280e-01 8.328288807487845835e-01 0.000000000000000000e+00
3.275000000000000355e+00 1.251498075624646600e-01 2.139693949420589103e-01 8.139371266269418426e-01 1.114423931989890204e-01
3.325000000000000178e+00 1.424968950399504164e-01 1.895273573634545239e-01 8.069369960181068668e-01 2.162320106827775867e-01
3.375000000000000000e+00 1.682129778119323404e-01 1.741943500734920158e-01 8.091929895594078825e-01 3.148090663978771464e-01
3.425000000000000266e+00 1.984913393123150238e-01 1.816786745348345500e-01 8.165742136825114850e-01 9.170544424080263601e-01
3.475000000000000089e+00 2.215258674991436860e-01 1.880693245077627307e-01 8.269362666033026610e-01 3.959354200163426318e-01
3.525000000000000355e+00 2.675204207769646403e-01 2.103801367275158762e-01 8.395035141222709774e-01 4.809788219650569241e-01
3.575000000000000178e+00 3.063840803562050685e-01 2.249248208964203799e-01 8.534384672622524759e-01 4.676191702628282876e-01
3.625000000000000000e+00 3.569337096961817668e-01 2.656991248783249215e-01 8.680314911564110947e-01 9.096169971870077253e-01
3.675000000000000266e+00 4.215418232345407579e-01 2.979025355883821446e-01 8.846253850770657845e-01 1.593061687638407387e+00
3.725000000000000089e+00 4.771487215437399954e-01 3.330306837855386837e-01 8.995122588786877982e-01 1.981299981134865718e+00
3.775000000000000355e+00 5.569411311980709822e-01 3.850778212846903692e-01 9.157309955835070125e-01 1.342026822164026800e+00
3.825000000000000178e+00 6.638794553918403452e-01 4.396179361879760106e-01 9.330525913191523024e-01 2.696040121576511073e+00
3.875000000000000000e+00 7.419044008820820935e-01 4.978401419652941917e-01 9.514299850057026386e-01 3.820966871495702133e+00
3.925000000000000266e+00 8.387296053097884618e-01 5.778777151107589161e-01 9.678354629435548251e-01 3.491473842640192782e+00
3.975000000000000089e+00 9.409185582587911156e-01 6.543612742352905576e-01 9.867436674152441078e-01 5.068463048990111908e+00
4.025000000000000355e+00 1.037654987029585252e+00 7.465892216831893080e-01 1.004293906998637853e+00 5.386007825167785867e+00
4.075000000000000178e+00 1.118808214544986912e+00 8.300904799673671786e-01 1.021651493683555012e+00 4.318889073711588367e+00
4.125000000000000000e+00 1.200944009638393428e+00 9.059765379215231063e-01 1.039166539269359424e+00 5.128036540922011888e+00
4.175000000000000711e+00 1.276516298843866526e+00 1.023476001087548104e+00 1.054668258019587634e+00 5.828841547232267217e+00
4.224999999999999645e+00 1.349200445295309247e+00 1.102582487082860663e+00 1.069231141319386680e+00 5.289931767250455330e+00
4.275000000000000355e+00 1.383359925749886532e+00 1.188717632759878295e+00 1.082129263221077276e+00 4.447471748427605398e+00
4.325000000000000178e+00 1.420508629343370632e+00 1.264719153934502405e+00 1.091886769999670825e+00 4.920340281576227603e+00
4.375000000000000000e+00 1.447176944722670555e+00 1.335956519308366675e+00 1.100254646706834816e+00 4.808519234644241358e+00
4.425000000000000711e+00 1.471978780635172290e+00 1.363806989514800394e+00 1.105920800061641618e+00 5.188827452162303899e+00
4.474999999999999645e+00 1.477708914992677203e+00 1.416647549720733590e+00 1.109747397765151078e+00 6.028541439361005061e+00
4.525000000000000355e+00 1.506178441290110470e+00 1.435659331291333274e+00 1.111547430555297256e+00 6.246311895587063567e+00
4.575000000000000178e+00 1.460701709853088337e+00 1.439172092814437365e+00 1.109482499711762271e+00 4.625726737747288375e+00
4.625000000000000000e+00 1.451585978748034744e+00 1.455329916099388443e+00 1.105451147462699124e+00 5.308567886247962164e+00
4.675000000000000711e+00 1.418241263261317942e+00 1.457454551313082769e+00 1.100209137045606189e+00 4.648716156764306717e+00
4.724999999999999645e+00 1.382388250037463351e+00 1.440264380877529060e+00 1.092416413379469597e+00 4.711470410662153441e+00
4.775000000000000355e+00 1.339068079378663567e+00 1.416812978635546560e+00 1.083337687932950599e+00 4.770590581507982542e+00
4.825000000000001066e+00 1.301498835292432599e+00 1.369785294361387296e+00 1.072268996364702298e+00 4.569545005366149049e+00
4.875000000000000000e+00 1.255172466416040633e+00 1.336952817048853825e+00 1.061057398945781882e+00 4.476292254809569826e+00
4.925000000000000711e+00 1.195025072644277264e+00 1.296392766435175314e+00 1.049059733053677057e+00 4.090188908431960257e+00
4.974999999999999645e+00 1.132393724288065284e+00 1.242696831856895834e+00 1.036647825876184204e+00 2.897629796028825755e+00
5.025000000000000355e+00 1.077828631100442580e+00 1.203462483572688813e+00 1.023875187357500938e+00 2.414214949542034194e+00
5.075000000000001066e+00 1.025508309514681526e+00 1.144826853378656084e+00 1.010487817348729278e+00 1.809966242977444129e+00
5.125000000000000000e+00 9.892586910048520865e-01 1.102255716019345133e+00 9.978076008466051361e-01 1.319739720265926675e+00
5.175000000000000711e+00 9.415359719084086532e-01 1.057894553504294954e+00 9.847169227273891989e-01 1.338994034475101014e+00
5.224999999999999645e+00 9.237338498320833979e-01 1.023953149399134288e+00 9.721002354690114755e-01 1.182141148235200445e+00
5.275000000000000355e+00 8.959098527739582929e-01 9.768407197966921807e-01 9.599531455446149719e-01 1.073923394675343257e+00
5.325000000000001066e+00 8.869628611663020745e-01 9.457255734169472960e-01 9.481243061127225813e-01 8.852345461001066562e-01
5.375000000000000000e+00 8.794333817278121579e-01 9.003683314433876816e-01 9.367303531752585455e-01 9.515886234352500805e-01
5.425000000000000711e+00 8.631756034202450190e-01 8.760097205181041069e-01 9.255799544653892097e-01 9.341287761099908993e-01
5.474999999999999645e+00 8.708890755373573933e-01 8.529449324974393010e-01 9.167237602283468956e-01 5.981381013306026340e-01
5.525000000000000355e+00 8.686679574922580027e-01 8.118897146882653182e-01 9.083572805641492165e-01 8.223055854371357221e-01
5.575000000000001066e+00 8.801156354652479585e-01 7.986996511838440060e-01 9.025838319701223744e-01 9.229965152355670277e-01
5.625000000000000000e+00 8.895097252832723234e-01 7.866037331117088360e-01 8.994793666041404068e-01 8.688831938127606902e-01
5.675000000000000711e+00 8.891588713715851133e-01 7.723957620784763778e-01 8.985490600885572832e-01 8.536400234397654163e-01
5.724999999999999645e+00 8.977653868497637024e-01 7.879927169705018830e-01 8.993027147986308867e-01 8.387944874495090186e-01
5.775000000000000355e+00 9.100276533161159032e-01 7.834746367409827217e-01 9.041280821333443907e-01 9.676951139984691919e-01
5.825000000000001066e+00 9.183917618554845452e-01 7.990748114372058231e-01 9.100128021102861231e-01 1.268204964587550609e+00
5.875000000000000000e+00 9.380457467843901220e-01 8.121972495785544366e-01 9.185016898795741458e-01 1.281341330934486544e+00
5.925000000000000711e+00 9.375345219281210341e-01 8.271822653249236712e-01 9.268315447466455304e-01 1.089562545912470481e+00
5.974999999999999645e+00 9.492301029444453198e-01 8.390764209336794011e-01 9.361039357376890191e-01 1.138366318652292541e+00
6.025000000000000355e+00 9.667650251025521335e-01 8.601113494790110225e-01 9.467163731868832866e-01 1.119550778388514134e+00
6.075000000000001066e+00 9.577182924446119294e-01 8.895087989076367885e-01 9.571563576331842960e-01 1.587020504896380801e+00
6.125000000000000000e+00 9.809533490238105946e-01 8.976672617707170954e-01 9.671980176691510334e-01 1.147015738757216630e+00
6.175000000000000711e+00 9.851316759632504638e-01 9.144740422325444706e-01 9.765471182892693225e-01 1.097168225632080718e+00
6.224999999999999645e+00 9.968846397988302410e-01 9.468214004154060781e-01 9.863437831043996296e-01 1.202998358566569337e+00
6.275000000000000355e+00 1.004284132464405177e+00 9.621189521605312267e-01 9.954799578187527587e-01 1.426755561038208331e+00
6.325000000000001066e+00 1.011057076582197123e+00 9.741273048201594120e-01 1.003520116512568672e+00 1.045745964135373685e+00
6.375000000000000000e+00 1.006288989246363341e+00 1.000171373365050353e+00 1.011199140693102461e+00 1.499992355514249809e+00
6.425000000000000711e+00 1.012694203305259943e+00 1.011593889365602017e+00 1.018427244309698221e+00 8.976245297210231344e-01
6.474999999999999645e+00 1.019010410885343054e+00 1.034890574246742467e+00 1.025132741299263239e+00 1.111896536974102734e+00
6.525000000000000355e+00 1.030208690334910582e+00 1.041214053643570780e+00 1.030818421152098319e+00 1.207220975184661871e+00
6.575000000000001066e+00 1.019714933030662518e+00 1.063954192598153492e+00 1.035764549308227034e+00 9.400842658091791426e-01
6.625000000000000000e+00 1.019686539613850806e+00 1.067617961806051508e+00 1.039706786585705256e+00 1.034882979149787108e+00
6.675000000000000711e+00 1.023193074884328979e+00 1.088946777730199322e+00 1.043018071151672110e+00 1.046264549567090363e+00
6.724999999999999645e+00 1.027830904939029733e+00 1.089306764047985654e+00 1.045490017262180604e+00 1.162913929834074267e+00
6.775000000000000355e+00 1.020189841855580593e+00 1.101464410377922531e+00 1.046928575951953988e+00 1.093730175564998630e+00
6.825000000000001066e+00 1.022746331795902242e+00 1.113791694732771509e+00 1.047175486035959224e+00 1.129085673399731649e+00
6.875000000000000000e+00 1.011869289216704271e+00 1.108119776939356704e+00 1.047842845780182053e+00 9.609875284973199427e-01
6.925000000000000711e+00 1.008053067206930109e+00 1.107106126798957035e+00 1.046795924204278583e+00 1.171488123005852922e+00
6.974999999999999645e+00 1.001146164790436721e+00 1.099742404097986181e+00 1.044574159677742919e+00 1.154752865052285582e+00
7.025000000000000355e+00 1.010270299604999034e+00 1.097319554160880228e+00 1.042776583926057654e+00 9.930493702813396606e-01
7.075000000000001066e+00 9.966861261435787656e-01 1.094186472423808620e+00 1.040074329468740233e+00 1.122340503348224772e+00
7.125000000000000000e+00 9.915527471740712695e-01 1.089219939311182994e+00 1.036382930189423401e+00 1.106643691042490163e+00
7.175000000000000711e+00 9.822625926861107137e-01 1.070144968606614899e+00 1.032216606898048283e+00 9.055251415851156560e-01
7.224999999999999645e+00 9.810107690871529007e-01 1.063467698723557397e+00 1.028412443728886849e+00 7.556452868651335475e-01
7.275000000000000355e+00 9.839689481744346988e-01 1.042237399475619997e+00 1.024492442756646415e+00 9.711408550197550005e-01
7.325000000000001066e+00 9.851289665693070408e-01 1.038995723114038761e+00 1.020091164855004173e+00 7.574316470309682137e-01
7.375000000000000000e+00 9.825191042665396557e-01 1.016164911474020993e+00 1.015431076859865556e+00 7.252198810234369297e-01
7.425000000000000711e+00 9.703501525671882622e-01 1.017073526017803653e+00 1.011378131085902021e+00 8.238924320758163056e-01
7.474999999999999645e+00 9.758311129631672687e-01 9.998760570830068639e-01 1.007109392372466994e+00 9.198688586771351927e-01
7.525000000000000355e+00 9.685635894509274646e-01 9.818833441572202281e-01 1.002751579059949494e+00 8.021405369875173053e-01
7.575000000000001066e+00 9.753591974234646633e-01 9.796504279276984084e-01 9.997141386438918031e-01 8.332486415987909734e-01
7.625000000000000000e+00 9.790978377411857503e-01 9.727040147204922826e-01 9.962246898095619141e-01 6.784442433533330874e-01
7.675000000000000711e+00 9.817434457370283196e-01 9.603151768153792567e-01 9.930748604446300032e-01 7.305091677834898434e-01
7.724999999999999645e+00 9.839983851048962338e-01 9.477639455279968095e-01 9.910132444143838759e-01 9.013542183308294042e-01
7.775000000000000355e+00 9.898910050297958785e-01 9.522426395314792513e-01 9.887238661527455452e-01 5.141058313845769945e-01
7.825000000000001066e+00 9.935424392200756794e-01 9.518446958233947042e-01 9.868429627381781755e-01 7.418137870196066519e-01
7.875000000000000000e+00 9.968481549321283053e-01 9.526136083328275994e-01 9.859715063385081635e-01 8.287954264792730674e-01
7.925000000000000711e+00 1.002123182321368988e+00 9.592063125818440783e-01 9.849375928729905416e-01 7.612748512554318170e-01
7.974999999999999645e+00 1.008202842919379894e+00 9.520840305611495413e-01 9.847909990671457336e-01 9.021108483573537784e-01
8.025000000000000355e+00 1.007241945965417829e+00 9.575554513581091554e-01 9.840592706825056490e-01 8.166625934708920953e-01
8.074999999999999289e+00 1.013743328759371787e+00 9.621221788021124821e-01 9.846394124040654949e-01 1.008225585102718869e+00
8.125000000000000000e+00 1.014486414580305196e+00 9.638607740161948545e-01 9.850717948125160550e-01 7.242580910459264221e-01
8.175000000000000711e+00 1.023005216238793036e+00 9.769139100121139174e-01 9.857450543649507457e-01 7.511970747072278520e-01
8.225000000000001421e+00 1.020535200364550477e+00 9.793844449558862797e-01 9.869611665672356482e-01 9.364491355342229317e-01
8.275000000000000355e+00 1.019184642424552312e+00 9.764000440862078412e-01 9.876184066629971614e-01 8.727988237116364179e-01
8.324999999999999289e+00 1.025071009807196454e+00 9.790217190494743260e-01 9.895962229245821584e-01 8.450993434937769111e-01
8.375000000000000000e+00 1.023604141069007323e+00 9.890096782975082990e-01 9.901374237006447254e-01 9.202467929364255284e-01
8.425000000000000711e+00 1.021527225368157987e+00 9.903901877376256602e-01 9.920365943871994885e-01 8.588366247469719772e-01
8.475000000000001421e+00 1.025036214804091905e+00 1.003718044346514349e+00 9.935058918154685559e-01 9.652255164242837804e-01
8.525000000000000355e+00 1.021188978871862885e+00 1.005662840650035417e+00 9.946619467270185755e-01 8.717005569458153857e-01
8.574999999999999289e+00 1.019165920332430586e+00 1.005917332325876101e+00 9.958470724541260699e-01 8.778205550355092646e-01
8.625000000000000000e+00 1.016397940062245153e+00 1.009344084369704797e+00 9.972540006648087374e-01 7.873324121514166940e-01
8.675000000000000711e+00 1.022123453978044161e+00 1.009702697187100151e+00 9.983899926151458271e-01 1.143599090726304945e+00
8.725000000000001421e+00 1.013912268534247874e+00 1.014775867480701921e+00 9.994127876628612350e-01 9.421079415863420348e-01
8.775000000000000355e+00 1.013489873470158287e+00 1.024790887866161571e+00 1.000099630607808043e+00 8.537854282694935515e-01
8.824999999999999289e+00 1.009712117015871380e+00 1.020731958020574259e+00 1.000292363064238632e+00 7.367024627099445500e-01
8.875000000000000000e+00 1.013648906443286313e+00 1.016608132983542800e+00 1.000861830578985368e+00 1.062286450348529643e+00
8.925000000000000711e+00 1.017854511151905506e+00 1.023346693830389897e+00 1.001407614900530652e+00 9.153637797474013515e-01
8.975000000000001421e+00 1.000995260668202436e+00 1.020761118222905495e+00 1.001499824248213599e+00 8.755147115071150177e-01
9.025000000000000355e+00 1.003538623056656531e+00 1.017274670775841550e+00 1.001762651878365329e+00 8.951911440921873631e-01
9.074999999999999289e+00 1.005733091364042764e+00 1.016792759093130494e+00 1.001943631196867690e+00 7.692419811570161414e-01
9.125000000000000000e+00 1.000569866468168367e+00 1.019404122778157396e+00 1.001850969137083158e+00 1.220207154229473900e+00
9.175000000000000711e+00 9.913839365427078443e-01 1.015324029024854635e+00 1.001775157823467266e+00 8.661599296624870048e-01
9.225000000000001421e+00 9.944874821037352763e-01 1.016693952298585835e+00 1.001641757882791195e+00 9.832086740288048521e-01
9.275000000000000355e+00 9.917281079267634691e-01 1.010777891264780015e+00 1.001367465033509596e+00 7.920041212742106040e-01
9.324999999999999289e+00 9.901252547985794905e-01 1.009892294690849956e+00 1.001104567061858575e+00 1.085950035806241720e+00
9.375000000000000000e+00 9.915600792667500496e-01 1.012218430916151268e+00 1.000624050052646430e+00 8.703979628450809747e-01
9.425000000000000711e+00 9.870015984885820437e-01 1.004830870717585034e+00 1.000324626446127185e+00 8.880995978220371789e-01
9.475000000000001421e+00 9.994597373796396678e-01 9.972362303838973041e-01 9.998722977854483940e-01 7.722359625931727312e-01
9.525000000000000355e+00 9.808521386884657689e-01 1.003631707619697666e+00 9.996986022675272698e-01 8.300247788708002838e-01
9.575000000000001066e+00 9.822125510531611869e-01 9.953024602766051832e-01 9.989945708675914693e-01 9.387185897290485359e-01
9.625000000000000000e+00 9.817499719930626867e-01 9.992975802138378549e-01 9.989981612459178928e-01 6.838406144860929015e-01
9.675000000000000711e+00 9.807592189957879958e-01 9.929669922023914852e-01 9.987758746460499992e-01 9.194138816688808280e-01
9.725000000000001421e+00 9.868903721180853905e-01 9.911369644857831451e-01 9.988747866037744894e-01 8.088747367043283010e-01
9.775000000000000355e+00 9.872907713427093723e-01 9.835503701791368236e-01 9.986115270490112383e-01 7.255627675157388934e-01
9.825000000000001066e+00 9.868641953015587776e-01 9.945167050910911355e-01 9.982920670809466435e-01 9.287026443607276915e-01
9.875000000000000000e+00 9.850717912880888605e-01 9.824854323716363247e-01 9.987419606969355490e-01 9.806100157165785758e-01
9.925000000000000711e+00 9.893325405412439766e-01 9.828284839035219544e-01 9.986494317927042674e-01 1.043561326201652983e+00
9.975000000000001421e+00 9.873078724034123344e-01 9.868033225939443209e-01 9.987562036849687575e-01 7.087723513956311061e-01
1.002500000000000036e+01 9.884736429419493930e-01 9.866182478234445385e-01 9.992380983158263286e-01 8.325490916368242234e-01
1.007500000000000107e+01 9.959619562120706204e-01 9.894146106257538653e-01 9.992389262296249575e-01 9.420641131390998790e-01
1.012500000000000000e+01 9.922476702602431864e-01 9.898923937691437303e-01 9.994781592117956137e-01 8.744838457052671599e-01
1.017500000000000071e+01 9.916523000929503562e-01 9.895741147881252919e-01 1.000042049623268481e+00 9.813652828340663214e-01
1.022500000000000142e+01 9.989211836361582275e-01 9.934562880073245505e-01 9.998070455041596638e-01 8.345970311817102472e-01
1.027500000000000036e+01 1.001088283027939951e+00 9.928233409145234001e-01 1.000616094430978098e+00 8.604597268762335105e-01
1.032500000000000107e+01 1.003088168132727276e+00 9.900817265705671444e-01 1.001065554345315078e+00 9.530582179169011514e-01
1.037500000000000000e+01 9.991176345069192610e-01 9.852368364549075608e-01 1.001506664211970321e+00 8.328478831207024591e-01
1.042500000000000071e+01 1.003513711103706241e+00 9.965847349962630997e-01 1.001807181277066361e+00 8.688716071238332672e-01
1.047500000000000142e+01 1.002518902755426877e+00 9.931939562091729456e-01 1.001839989999988134e+00 8.714903314255895150e-01
1.052500000000000036e+01 1.000461782611132167e+00 1.000040958073050712e+00 1.002136103173312254e+00 7.769068395349503220e-01
1.057500000000000107e+01 1.003871204466594058e+00 9.970412034055405881e-01 1.002511275366437804e+00 8.871519375077440150e-01
1.062500000000000000e+01 1.000925241583248360e+00 9.979605410834883061e-01 1.003038162452995152e+00 1.016468742774846890e+00
1.067500000000000071e+01 1.003969175577545947e+00 1.001672027308207147e+00 1.002819951108663288e+00 8.810979663216859104e-01
1.072500000000000142e+01 1.007526079510408179e+00 1.000272681506197303e+00 1.003075007924242534e+00 8.001599517539210726e-01
1.077500000000000036e+01 1.007957305944773951e+00 1.006742440597425237e+00 1.003151607494733755e+00 1.060433311668812273e+00
1.082500000000000107e+01 1.007868366628466683e+00 1.006705500439552647e+00 1.003281634757327012e+00 1.091462124682414103e+00
1.087500000000000000e+01 1.006747959361762090e+00 1.010831186535834147e+00 1.003021792211466146e+00 1.010699795562411074e+00
1.092500000000000071e+01 1.004073546171907250e+00 1.006106529713428177e+00 1.003146726000313071e+00 9.614109358917124482e-01
1.097500000000000142e+01 1.007935732620338420e+00 1.009632677655517341e+00 1.002722638083027640e+00 9.427472417660127668e-01
1.102500000000000036e+01 1.003603289258581777e+00 1.010014958779203775e+00 1.002849937757606780e+00 9.342156510108692302e-01
1.107500000000000107e+01 1.003800382609755903e+00 1.006918864634095856e+00 1.002599786520897540e+00 7.406394807807604730e-01
1.112500000000000000e+01 1.002157035112341221e+00 1.013881671704542908e+00 1.002172449049739233e+00 8.016020075393127664e-01
1.117500000000000071e+01 1.005269511947079364e+00 1.007939995387686860e+00 1.001914140434395861e+00 8.327313954582286071e-01
1.122500000000000142e+01 1.001010708579903818e+00 1.014548007844903843e+00 1.001854726460497558e+00 6.450850385564066425e-01
1.127500000000000036e+01 1.004620103800197617e+00 1.008804257913081592e+00 1.001236806187113304e+00 1.043687879842968291e+00
1.132500000000000107e+01 1.000335561253392180e+00 1.007390613378689848e+00 1.001026620850606008e+00 8.760566707767165617e-01
1.137500000000000000e+01 1.003570144597798475e+00 1.006831158645232760e+00 1.000587859490418730e+00 1.071608015587468543e+00
1.142500000000000071e+01 1.000775968063083221e+00 1.003477377293628736e+00 1.000288762040365098e+00 7.509001928973514373e-01
1.147500000000000142e+01 1.002712677343600811e+00 1.003838311035654796e+00 9.999673838563557515e-01 9.077691064952613242e-01
1.152500000000000036e+01 9.984587924087571231e-01 1.005226113225075935e+00 9.999565120942093266e-01 9.719024576628041423e-01
1.157500000000000107e+01 9.958288602196894157e-01 1.003465680391055548e+00 9.992454629375243647e-01 9.724455592043267371e-01
1.162500000000000000e+01 9.966655068479630675e-01 1.003175382542750960e+00 9.991664666468157430e-01 8.756490404674068806e-01
1.167500000000000071e+01 9.985913372261648879e-01 1.001704453809685980e+00 9.988108163299744824e-01 9.733970162558668315e-01
1.172500000000000142e+01 1.001065463385525600e+00 1.001065463385525600e+00 9.982988587556869131e-01 8.607763136767017098e-01
1.177500000000000036e+01 9.983752386929467537e-01 9.920387840706932359e-01 9.984712079621372860e-01 8.103765095126977958e-01
1.182500000000000107e+01 1.001439064146447011e+00 9.993361882872565660e-01 9.983043771990138815e-01 7.864413782338446346e-01
1.187500000000000000e+01 9.948460945922382725e-01 9.995844256836707853e-01 9.980392550671105534e-01 9.154557385951785919e-01
1.192500000000000071e+01 9.952291796820580405e-01 9.956410496657104314e-01 9.978672657659213296e-01 9.414171054913811343e-01
1.197500000000000142e+01 9.990637520271133942e-01 9.966631382908792691e-01 9.979128744626626357e-01 7.751981856589229558e-01
1.202500000000000036e+01 9.963856257552488049e-01 9.924095398888829189e-01 9.979896498838416452e-01 7.356998796394201845e-01
1.207500000000000107e+01 1.004776573603052059e+00 1.001890886501551892e+00 9.978560400956768550e-01 8.689853203381378011e-01
1.212500000000000000e+01 1.004840619052070227e+00 9.951490605969482983e-01 9.979774508704527536e-01 6.992231771312823474e-01
1.217500000000000071e+01 9.949269841723519248e-01 9.975316106212190892e-01 9.978825658915212449e-01 8.144497564568899950e-01
1.222500000000000142e+01 1.003641033722685094e+00 9.909561550949164133e-01 9.980831693481890809e-01 7.278209048719725960e-01
1.227500000000000036e+01 9.974963795883046158e-01 9.929904312535967614e-01 9.983792916056631883e-01 7.695017402581958432e-01
1.232500000000000107e+01 9.988305827678759519e-01 9.965092947021063630e-01 9.982318792974619326e-01 6.295018483442843538e-01
1.237500000000000000e+01 9.919151173335623017e-01 9.958802176593790634e-01 9.986285161147374634e-01 9.054166098321808631e-01
1.242500000000000071e+01 9.983415061344572683e-01 1.000718491285675915e+00 9.989443622186403582e-01 7.665196415981827549e-01
1.247500000000000142e+01 9.969678840480751258e-01 9.924055589442665193e-01 9.989139538059914614e-01 8.064716092590861196e-01
1.252500000000000036e+01 1.001093218000188578e+00 9.958510146148650266e-01 9.990873742129893209e-01 7.924260931303156452e-01
1.257500000000000107e+01 9.996941781798442950e-01 9.952041262952691092e-01 9.994783986830479972e-01 7.181059411357499922e-01
1.262500000000000000e+01 9.975959222459273024e-01 9.964785332211152369e-01 9.996122469915729170e-01 7.274277544078220359e-01
1.267500000000000071e+01 9.969876378791033833e-01 9.956111997223299204e-01 9.999758627968395874e-01 7.291402127772547148e-01
1.272500000000000142e+01 9.982109359290878281e-01 9.944019003000295065e-01 1.000227525020594532e+00 7.603307554128011514e-01
1.277500000000000036e+01 9.984617283582855052e-01 1.001786906791097387e+00 1.000160909185815683e+00 6.665005228764119272e-01
1.282500000000000107e+01 1.000029969416390996e+00 9.982059061478293360e-01 1.000248638993088690e+00 6.031762999626512078e-01
1.287500000000000000e+01 1.002661461877577764e+00 1.000844327713411364e+00 1.000693000818295708e+00 8.004043342160757080e-01
1.292500000000000071e+01 9.982246285175444545e-01 9.992907485342393814e-01 1.000281481701968511e+00 7.012064539335204350e-01
1.297500000000000142e+01 1.001629315996560576e+00 9.997051811956427780e-01 1.000808541151593456e+00 9.443170794171952265e-01
1.302500000000000036e+01 9.989283126971493232e-01 9.995694733599844728e-01 1.001018496457991791e+00 7.398007648097778555e-01
1.307500000000000107e+01 9.996163568229676777e-01 1.007594157736010576e+00 1.000657945781789682e+00 7.341534582554827271e-01
1.312500000000000000e+01 9.990229032960925570e-01 9.989535156228325219e-01 1.000897785982648225e+00 8.465296137725005776e-01
1.317500000000000071e+01 1.002011130679575590e+00 1.004359325274873038e+00 1.000912960635908400e+00 8.263441391076150611e-01
1.322500000000000142e+01 9.974627140192710018e-01 1.003217135744399524e+00 1.000910624098674484e+00 7.380968483537713176e-01
1.327500000000000036e+01 9.981838381292121865e-01 9.986586372884372897e-01 1.000831155452768240e+00 7.935928804191123564e-01
1.332500000000000107e+01 9.964694648618012129e-01 1.000286530147856734e+00 1.001107380949372239e+00 8.078445049852799320e-01
1.337500000000000000e+01 9.975791807365973485e-01 1.001868895495220402e+00 1.000860825890541372e+00 8.419066348699332236e-01
1.342500000000000071e+01 1.000687444076636234e+00 1.002159774742938492e+00 1.000780996763027675e+00 7.427974532695977850e-01
1.347500000000000142e+01 9.983109685593239968e-01 9.992655026209203983e-01 1.000856375168931889e+00 8.360401780879271882e-01
1.352500000000000036e+01 9.942824774032145152e-01 1.006632513761362091e+00 1.000899979742091883e+00 8.560078110673635665e-01
1.357500000000000107e+01 1.000138928511606684e+00 1.001565928558772578e+00 1.000422188020969161e+00 7.848500259412313218e-01
1.362500000000000000e+01 9.982012494788516932e-01 1.001974412599027531e+00 1.000631823290426325e+00 6.245679567526422060e-01
1.367500000000000071e+01 9.963737781430795915e-01 9.986940183341596056e-01 1.000605001393133797e+00 7.734133970266779956e-01
1.372500000000000142e+01 1.000650629767629862e+00 9.977698361880378286e-01 1.000341471122729198e+00 8.248968399712860444e-01
1.377500000000000036e+01 9.929523141380600659e-01 1.003069117836066892e+00 1.000484054012938939e+00 9.008112881786914938e-01
1.382500000000000107e+01 9.958768042864798442e-01 1.001180108900460830e+00 1.000441098405620455e+00 7.066903554007588628e-01
1.387500000000000000e+01 1.001223197711514024e+00 1.000732694210129781e+00 1.000182920500844119e+00 7.761131351015728708e-01
1.392500000000000071e+01 9.948597017356444194e-01 1.000943961566691742e+00 1.000206551740927763e+00 6.965768600895222429e-01
1.397500000000000142e+01 9.977603893687799763e-01 1.000422748479920187e+00 1.000157406142209160e+00 7.405642585010849821e-01
1.402500000000000036e+01 9.988686850833329300e-01 9.964015024014986066e-01 1.000179731376128922e+00 8.568294535434433090e-01
1.407500000000000107e+01 1.003109807683659094e+00 9.950548089572893717e-01 1.000217791624081309e+00 8.567863813816433138e-01
1.412500000000000000e+01 9.975065064253534342e-01 1.002892474805201939e+00 9.998702216251150743e-01 6.949636619159333950e-01
1.417500000000000071e+01 1.000916169689519908e+00 9.998751164560223392e-01 1.000253833775741841e+00 8.030982086981223178e-01
1.422500000000000142e+01 1.001028037685429029e+00 9.988542141043795786e-01 9.999377470169470428e-01 6.675056104853241967e-01
1.427500000000000036e+01 1.001624108269775215e+00 9.984858941049766790e-01 9.999329334550965953e-01 8.212149216295093757e-01
1.432500000000000107e+01 1.002606876440774286e+00 9.972654025779194020e-01 9.999308737597590868e-01 8.271420812708932813e-01
1.437500000000000000e+01 1.005778789195484801e+00 1.002927033951353408e+00 1.000055287498045953e+00 8.329670489958292956e-01
1.442500000000000071e+01 1.004034382138869752e+00 9.986747986637287688e-01 9.999307219802745506e-01 7.352911948746464477e-01
1.447500000000000142e+01 9.983936248974247807e-01 9.991808935950605708e-01 9.999247598271049364e-01 9.869382948622604790e-01
1.452500000000000036e+01 1.003854601118631562e+00 9.989594905529085578e-01 9.998569274899581361e-01 8.498455843269092647e-01
1.457500000000000107e+01 1.000608218057052801e+00 9.950545352218282957e-01 9.998456023103216017e-01 8.046369254681969840e-01
1.462500000000000000e+01 9.994001083714106892e-01 9.965891314066790407e-01 9.999711670038523570e-01 8.159098148127646999e-01
1.467500000000000071e+01 1.001182423786372011e+00 9.995894569628511750e-01 9.999636654062025176e-01 6.493976249196448114e-01
1.472500000000000142e+01 1.001522793495056574e+00 9.992460164631725705e-01 1.000026647782356504e+00 8.324293748534650206e-01
1.477500000000000036e+01 1.000888365864660789e+00 1.001643988861653733e+00 9.999578654236247477e-01 7.994272287026333856e-01
1.482500000000000107e+01 1.004199040291971823e+00 9.997339030143373995e-01 9.999777723876979163e-01 9.082556947198037189e-01
1.487500000000000000e+01 1.003104727756915837e+00 9.993988487825115064e-01 9.998920656197758383e-01 8.211277027834691378e-01
1.492500000000000071e+01 1.005436768047613061e+00 1.001079558790819668e+00 1.000149562915556789e+00 9.014915703710766337e-01
1.497500000000000142e+01 1.004527860647511428e+00 9.974972636540482274e-01 1.000314257032569376e+00 8.848211530817841064e-01
1.502500000000000036e+01 9.993728980896997571e-01 9.967943153385292465e-01 1.000148442592224463e+00 8.630574711310026181e-01
1.507500000000000107e+01 1.003558118432764656e+00 1.001370055721387597e+00 1.000115170197816150e+00 8.152637506332766071e-01
1.512500000000000000e+01 1.001761941224686758e+00 9.996092213121849923e-01 1.000128570216124446e+00 7.733071530346051770e-01
1.517500000000000071e+01 9.975487542843616273e-01 1.002137309338125393e+00 1.000175619001871352e+00 8.564610677274011596e-01
1.522500000000000142e+01 9.995778036242750630e-01 1.003589666478335696e+00 9.999123146054356148e-01 9.539776709527343357e-01
1.527500000000000036e+01 9.968458547443473927e-01 1.000016950070743427e+00 1.000098527650674640e+00 8.452838915271850828e-01
1.532500000000000107e+01 9.988462413546936869e-01 1.000103362338798929e+00 9.999477643520537917e-01 8.346876169768248088e-01
1.537500000000000000e+01 9.979325233265260442e-01 1.001163633008550713e+00 1.000107348363579840e+00 8.545501349955556547e-01
1.542500000000000071e+01 9.975823541562363062e-01 1.001822425802328720e+00 9.998082611521140750e-01 9.896849695263106872e-01
1.547500000000000142e+01 9.978248146785385631e-01 1.002626512801297443e+00 9.991798618749735406e-01 8.734897832461819833e-01
1.552500000000000036e+01 9.991444205007299351e-01 9.964763324567065261e-01 9.967809805023282177e-01 9.224244910564143307e-01
1.557500000000000107e+01 9.897043420558800930e-01 9.956321021377964042e-01 9.915016014638585728e-01 8.968016084029701851e-01
1.562500000000000000e+01 9.848002130665105547e-01 9.838405978567054122e-01 9.836329978356537218e-01 8.078393347849014416e-01
1.567500000000000071e+01 9.755065736475274640e-01 9.734974065449186753e-01 9.745538976337166925e-01 9.972863342247180185e-01
1.572500000000000142e+01 9.670747952705270878e-01 9.687860042954484774e-01 9.650871244756811240e-01 8.604384362598911373e-01
1.577500000000000036e+01 9.549018941112645820e-01 9.528892990728711210e-01 9.557331871253806899e-01 9.462559011062329217e-01
1.582500000000000107e+01 9.413263715649524688e-01 9.462521329835604789e-01 9.463228787546326126e-01 9.593779507172540688e-01
1.587500000000000000e+01 9.340828009041791669e-01 9.342298340810919477e-01 9.372071515674507136e-01 9.154001014248400736e-01
1.592500000000000071e+01 9.224716000857325904e-01 9.272838478283393915e-01 9.279618327341015993e-01 9.143742037862235827e-01
1.597500000000000142e+01 9.156007919553037500e-01 9.169918838983507348e-01 9.186543464979510798e-01 9.554974962343436573e-01
1.602499999999999858e+01 9.045340003433042231e-01 9.064749805220885248e-01 9.095983481083923516e-01 8.611063143287773780e-01
1.607500000000000284e+01 9.019363887644124000e-01 9.029401695881861256e-01 9.006383937677572282e-01 8.326292547432044833e-01
1.612500000000000000e+01 8.880999098799817748e-01 8.933037998627143539e-01 8.915392030626686504e-01 8.596532038612988424e-01
1.617500000000000071e+01 8.803471857119368194e-01 8.808406052076936943e-01 8.826291595058317618e-01 9.639954963398325027e-01
1.622500000000000142e+01 8.706615327088179646e-01 8.724414416575162479e-01 8.740325349589629367e-01 7.991427932931350897e-01
1.627499999999999858e+01 8.660962568990610011e-01 8.660736932600782145e-01 8.649720822522046770e-01 9.612110206671425905e-01
1.632500000000000284e+01 8.528065521556272843e-01 8.560806949395277643e-01 8.561481691916388304e-01 8.162931324244859788e-01
1.637500000000000000e+01 8.464653369786029335e-01 8.471785815946419884e-01 8.474735082433741962e-01 8.024001930439398356e-01
1.642500000000000071e+01 8.375092821562455381e-01 8.363174292431386769e-01 8.387396731237696246e-01 7.222008358231345460e-01
1.647500000000000142e+01 8.286417884735134409e-01 8.319754858538542797e-01 8.303310174147894296e-01 8.851693176334272106e-01
1.652499999999999858e+01 8.206146240998917207e-01 8.231271474057012538e-01 8.214505852513612760e-01 7.922765128075381913e-01
1.657500000000000284e+01 8.095669355180420412e-01 8.095930406156289783e-01 8.131965534797399586e-01 7.701003788161155938e-01
1.662500000000000000e+01 8.035326876016953834e-01 8.042895133300608235e-01 8.046971439920769242e-01 7.525010099176263623e-01
1.667500000000000071e+01 7.952906690801696543e-01 7.941815730021667408e-01 7.963543867930585884e-01 8.253738254904949834e-01
1.672500000000000142e+01 7.840047482933543144e-01 7.909785412929114523e-01 7.879386597966154815e-01 6.879783535102361736e-01
1.677499999999999858e+01 7.819631594341019953e-01 7.793762966816691895e-01 7.796610554750972311e-01 8.325535295186268225e-01
1.682500000000000284e+01 7.728043531294059854e-01 7.682398164354223846e-01 7.714388514982123413e-01 7.262722584321814612e-01
1.687500000000000000e+01 7.628083536169235623e-01 7.592110721905627191e-01 7.632503281215994306e-01 7.093822182671909449e-01
1.692500000000000071e+01 7.582996769122450909e-01 7.546026081728008927e-01 7.551853179484085965e-01 7.177153760546436390e-01
1.697500000000000142e+01 7.469406165846421697e-01 7.485874592162994334e-01 7.468990597345567251e-01 7.757168063473789399e-01
1.702499999999999858e+01 7.380399639362612563e-01 7.371574517843988428e-01 7.391179731492041327e-01 7.381760522587448303e-01
1.707500000000000284e+01 7.306901215734932231e-01 7.303293416091866108e-01 7.309297368666053396e-01 7.010610670048159632e-01
1.712500000000000000e+01 7.234174841593500327e-01 7.226104624910482110e-01 7.229270595370433927e-01 7.581112641623045656e-01
1.717500000000000071e+01 7.147298802195888312e-01 7.114435702057660960e-01 7.149260862995756582e-01 7.658601635172652689e-01
1.722500000000000142e+01 7.084352154318749317e-01 7.080847203239261090e-01 7.070951155156901535e-01 7.654490863248727406e-01
1.727499999999999858e+01 7.017727691556653324e-01 7.023455402549322324e-01 6.993816621020180202e-01 6.448681607131114824e-01
1.732500000000000284e+01 6.917425738454719975e-01 6.943947899958259340e-01 6.914795504636421786e-01 7.646028541560966341e-01
1.737500000000000000e+01 6.815072101198538235e-01 6.837838764911052802e-01 6.837158219839937212e-01 6.018318059656047048e-01
1.742500000000000071e+01 6.753814198128654800e-01 6.730705594474508668e-01 6.760035805831382527e-01 6.849909771416164972e-01
1.747500000000000142e+01 6.687782297597377745e-01 6.682537223747291311e-01 6.683634696736909797e-01 6.928194563173722953e-01
1.752499999999999858e+01 6.620291300697168646e-01 6.593320219226629364e-01 6.607434773841736053e-01 6.655201921301892032e-01
1.757500000000000284e+01 6.540920777027655619e-01 6.524822335130389117e-01 6.531599701772783373e-01 7.700937349894120265e-01
1.762500000000000000e+01 6.464190063441035417e-01 6.450106776856359136e-01 6.456729153780864650e-01 6.579896191200924616e-01
1.767500000000000071e+01 6.399279257325338754e-01 6.371157032321398406e-01 6.381757312855945719e-01 6.887075511169207243e-01
1.772500000000000142e+01 6.313767310193941773e-01 6.329252021314989429e-01 6.305891489359186641e-01 7.685286600618111974e-01
1.777499999999999858e+01 6.214398160340266486e-01 6.237059667554617493e-01 6.233123450765619689e-01 6.204486115448513139e-01
1.782500000000000284e+01 6.159419221929938182e-01 6.140458596935418623e-01 6.159529223651136753e-01 7.185474948319864330e-01
1.787500000000000000e+01 6.063394682381033629e-01 6.105705527004785527e-01 6.084250374819235585e-01 6.284899997161962348e-01
1.792500000000000071e+01 6.034302827467048491e-01 5.991855680177261556e-01 6.012689751953511630e-01 6.845114023944620651e-01
1.797500000000000142e+01 5.931413326139515219e-01 5.933226082660322254e-01 5.940636187377005273e-01 7.288021114261116207e-01
1.802499999999999858e+01 5.874675637427652086e-01 5.855618379643773297e-01 5.870347726826919965e-01 6.033571962463505356e-01
1.807500000000000284e+01 5.810095726582777953e-01 5.810388421089888178e-01 5.797482056798852756e-01 6.329518716263675682e-01
1.812500000000000000e+01 5.721905460309583136e-01 5.728927810406173604e-01 5.725187917779084312e-01 6.076334021402274299e-01
1.817500000000000071e+01 5.628770536046220352e-01 5.656669414141876073e-01 5.653772490169656217e-01 5.934391709062962761e-01
1.822500000000000142e+01 5.583101374627348346e-01 5.568382675227943057e-01 5.584080510014289844e-01 6.621615377727708696e-01
1.827499999999999858e+01 5.510037926248844142e-01 5.518949733382423339e-01 5.514701485658962676e-01 6.406479826950712830e-01
1.832500000000000284e+01 5.429393961865779383e-01 5.443133766032015597e-01 5.444685438423763069e-01 5.517278875043079012e-01
1.837500000000000000e+01 5.366927294492213063e-01 5.370396680210287599e-01 5.375567268594654280e-01 6.159929744338028534e-01
1.842500000000000071e+01 5.302839573800602890e-01 5.307874605997550121e-01 5.306856684453398199e-01 5.809652534939507840e-01
1.847500000000000142e+01 5.234813512929290535e-01 5.236599517191738995e-01 5.238890505404472098e-01 4.902756798879468469e-01
1.852499999999999858e+01 5.186356805853108431e-01 5.170299757965597376e-01 5.169736054575115869e-01 6.548210418334224903e-01
1.857500000000000284e+01 5.064796821096065882e-01 5.123206004871163621e-01 5.102188953230751833e-01 4.884753803255507121e-01
1.862500000000000000e+01 5.022306038824385643e-01 5.027267974644070714e-01 5.035747922959913359e-01 4.755188493864683785e-01
1.867500000000000071e+01 4.943387220702253337e-01 4.967104566640602736e-01 4.967483769986646980e-01 5.312411301219895909e-01
1.872500000000000142e+01 4.901238497652623538e-01 4.883681720673482274e-01 4.900439272255538437e-01 5.863622602742235568e-01
1.877499999999999858e+01 4.822642333497728639e-01 4.828712133159495101e-01 4.834330868714553642e-01 4.950786316301168388e-01
1.882500000000000284e+01 4.783734890413451901e-01 4.784645589735446181e-01 4.769110813241659308e-01 5.261818304855940820e-01
1.887500000000000000e+01 4.688369399716826313e-01 4.688872666838123093e-01 4.703500159269752290e-01 4.932017788707248607e-01
1.892500000000000071e+01 4.628285559343949251e-01 4.641001087997242425e-01 4.638245322559028661e-01 5.172984097796436975e-01
1.897500000000000142e+01 4.550543129336702686e-01 4.561830598341630738e-01 4.573581650338279236e-01 5.212154805216729914e-01
1.902499999999999858e+01 4.515989012356418919e-01 4.507534825186125804e-01 4.508713457764672028e-01 5.019673632361538740e-01
1.907500000000000284e+01 4.441852746639756711e-01 4.437647784383950134e-01 4.445285244188664775e-01 5.584715495993364254e-01
1.912500000000000000e+01 4.357121831476812313e-01 4.385847306169811111e-01 4.381578615663156984e-01 4.379082603938353468e-01
1.917500000000000426e+01 4.309071118781887533e-01 4.318563896995699092e-01 4.317111827024130988e-01 4.583841534751532665e-01
1.922500000000000142e+01 4.267184981787306430e-01 4.261266645725560465e-01 4.254722841798053712e-01 5.109820206316225688e-01
1.927499999999999858e+01 4.198971260282256535e-01 4.201705970938165446e-01 4.191316000829705124e-01 4.568575448694989771e-01
1.932500000000000284e+01 4.130925355569111113e-01 4.129068961294773965e-01 4.128158944018774923e-01 4.256904111841348093e-01
1.937500000000000000e+01 4.070434699267967416e-01 4.048145428974009308e-01 4.066474596456655655e-01 4.489695873497324685e-01
1.942500000000000426e+01 4.008832375201670239e-01 4.019697964852272931e-01 4.004264836107320202e-01 4.498290759141811423e-01
1.947500000000000142e+01 3.947902754800779457e-01 3.944499064332994687e-01 3.943049848569378790e-01 4.286128737210669337e-01
1.952499999999999858e+01 3.884126241006078950e-01 3.889268370387607421e-01 3.880947840668240723e-01 3.856597036146432456e-01
1.957500000000000284e+01 3.823444549761648714e-01 3.811653037786174592e-01 3.819999431818338897e-01 4.492004562085352148e-01
1.962500000000000000e+01 3.764819772630440542e-01 3.767985416677794297e-01 3.759314841774996085e-01 3.724287114533929577e-01
1.967500000000000426e+01 3.701707640537569843e-01 3.710446166761676712e-01 3.698565352966297626e-01 4.446458573397035208e-01
1.972500000000000142e+01 3.627204718249308901e-01 3.640630162169446460e-01 3.638645899991154176e-01 3.809508114638543441e-01
1.977499999999999858e+01 3.577157328572144190e-01 3.560437355072392229e-01 3.580088245169945615e-01 4.034801648934639440e-01
1.982500000000000284e+01 3.524222653589516030e-01 3.523036558633613202e-01 3.520083303844180889e-01 3.010856426521937301e-01
1.987500000000000000e+01 3.472954840303116297e-01 3.444207969592850138e-01 3.461400958546973494e-01 3.237805437893138683e-01
1.992500000000000426e+01 3.403248663330085133e-01 3.399123841888074260e-01 3.401972979501631800e-01 4.004388699178134670e-01
1.997500000000000142e+01 3.351930951920363833e-01 3.331679583836832936e-01 3.342686022644361654e-01 3.355256250525795458e-01
