# r (Angstroms), cation-water g(r), anion-water g(r), water-water g(r), cation-anion g(r)
2.500000000000000139e-02 0.000000000000000000e+00 0.000000000000000000e+00 6.148479836050693120e+04 0.000000000000000000e+00
7.500000000000001110e-02 0.000000000000000000e+00 0.000000000000000000e+00 0.000000000000000000e+00 0.000000000000000000e+00
1.250000000000000000e-01 0.000000000000000000e+00 0.000000000000000000e+00 0.000000000000000000e+00 0.000000000000000000e+00
1.750000000000000167e-01 0.000000000000000000e+00 0.000000000000000000e+00 0.000000000000000000e+00 0.000000000000000000e+00
2.250000000000000056e-01 0.000000000000000000e+00 0.000000000000000000e+00 0.000000000000000000e+00 0.000000000000000000e+00
2.750000000000000222e-01 0.000000000000000000e+00 0.000000000000000000e+00 0.000000000000000000e+00 0.000000000000000000e+00
3.250000000000000666e-01 0.000000000000000000e+00 0.000000000000000000e+00 0.000000000000000000e+00 0.000000000000000000e+00
3.750000000000000000e-01 0.000000000000000000e+00 0.000000000000000000e+00 0.000000000000000000e+00 0.000000000000000000e+00
4.250000000000000444e-01 0.000000000000000000e+00 0.000000000000000000e+00 0.000000000000000000e+00 0.000000000000000000e+00
4.749999999999999778e-01 0.000000000000000000e+00 0.000000000000000000e+00 0.000000000000000000e+00 0.000000000000000000e+00
5.250000000000000222e-01 0.000000000000000000e+00 0.000000000000000000e+00 0.000000000000000000e+00 0.000000000000000000e+00
5.750000000000000666e-01 0.000000000000000000e+00 0.000000000000000000e+00 0.000000000000000000e+00 0.000000000000000000e+00
6.250000000000000000e-01 0.000000000000000000e+00 0.000000000000000000e+00 0.000000000000000000e+00 0.000000000000000000e+00
6.750000000000000444e-01 0.000000000000000000e+00 0.000000000000000000e+00 0.000000000000000000e+00 0.000000000000000000e+00
7.250000000000000888e-01 0.000000000000000000e+00 0.000000000000000000e+00 0.000000000000000000e+00 0.000000000000000000e+00
7.750000000000000222e-01 0.000000000000000000e+00 0.000000000000000000e+00 0.000000000000000000e+00 0.000000000000000000e+00
8.250000000000000666e-01 0.000000000000000000e+00 0.000000000000000000e+00 0.000000000000000000e+00 0.000000000000000000e+00
8.750000000000000000e-01 0.000000000000000000e+00 0.000000000000000000e+00 0.000000000000000000e+00 0.000000000000000000e+00
9.250000000000000444e-01 0.000000000000000000e+00 0.000000000000000000e+00 0.000000000000000000e+00 0.000000000000000000e+00
9.750000000000000888e-01 0.000000000000000000e+00 0.000000000000000000e+00 0.000000000000000000e+00 0.000000000000000000e+00
1.024999999999999911e+00 0.000000000000000000e+00 0.000000000000000000e+00 0.000000000000000000e+00 0.000000000000000000e+00
1.075000000000000178e+00 0.000000000000000000e+00 0.000000000000000000e+00 0.000000000000000000e+00 0.000000000000000000e+00
1.125000000000000000e+00 0.000000000000000000e+00 0.000000000000000000e+00 0.000000000000000000e+00 0.000000000000000000e+00
1.175000000000000266e+00 0.000000000000000000e+00 0.000000000000000000e+00 0.000000000000000000e+00 0.000000000000000000e+00
1.225000000000000089e+00 0.000000000000000000e+00 0.000000000000000000e+00 0.000000000000000000e+00 0.000000000000000000e+00
1.274999999999999911e+00 0.000000000000000000e+00 0.000000000000000000e+00 0.000000000000000000e+00 0.000000000000000000e+00
1.325000000000000178e+00 0.000000000000000000e+00 0.000000000000000000e+00 0.000000000000000000e+00 0.000000000000000000e+00
1.375000000000000000e+00 0.000000000000000000e+00 0.000000000000000000e+00 0.000000000000000000e+00 0.000000000000000000e+00
1.425000000000000266e+00 0.000000000000000000e+00 0.000000000000000000e+00 0.000000000000000000e+00 0.000000000000000000e+00
1.475000000000000089e+00 0.000000000000000000e+00 0.000000000000000000e+00 0.000000000000000000e+00 0.000000000000000000e+00
1.524999999999999911e+00 0.000000000000000000e+00 0.000000000000000000e+00 0.000000000000000000e+00 0.000000000000000000e+00
1.575000000000000178e+00 0.000000000000000000e+00 0.000000000000000000e+00 0.000000000000000000e+00 0.000000000000000000e+00
1.625000000000000000e+00 0.000000000000000000e+00 0.000000000000000000e+00 0.000000000000000000e+00 0.000000000000000000e+00
1.675000000000000266e+00 0.000000000000000000e+00 0.000000000000000000e+00 0.000000000000000000e+00 0.000000000000000000e+00
1.725000000000000089e+00 0.000000000000000000e+00 0.000000000000000000e+00 0.000000000000000000e+00 0.000000000000000000e+00
1.774999999999999911e+00 0.000000000000000000e+00 0.000000000000000000e+00 0.000000000000000000e+00 0.000000000000000000e+00
1.825000000000000178e+00 0.000000000000000000e+00 0.000000000000000000e+00 0.000000000000000000e+00 0.000000000000000000e+00
1.875000000000000000e+00 0.000000000000000000e+00 0.000000000000000000e+00 0.000000000000000000e+00 0.000000000000000000e+00
1.925000000000000266e+00 0.000000000000000000e+00 0.000000000000000000e+00 0.000000000000000000e+00 0.000000000000000000e+00
1.975000000000000089e+00 0.000000000000000000e+00 0.000000000000000000e+00 0.000000000000000000e+00 0.000000000000000000e+00
2.025000000000000355e+00 0.000000000000000000e+00 0.000000000000000000e+00 0.000000000000000000e+00 0.000000000000000000e+00
2.075000000000000178e+00 1.525502679090018625e-04 0.000000000000000000e+00 0.000000000000000000e+00 0.000000000000000000e+00
2.125000000000000000e+00 2.192025174513232214e-02 0.000000000000000000e+00 0.000000000000000000e+00 0.000000000000000000e+00
2.174999999999999822e+00 6.073806652075494084e-01 0.000000000000000000e+00 0.000000000000000000e+00 0.000000000000000000e+00
2.225000000000000089e+00 4.298166888053061463e+00 0.000000000000000000e+00 0.000000000000000000e+00 0.000000000000000000e+00
2.275000000000000355e+00 1.158389454563993581e+01 0.000000000000000000e+00 0.000000000000000000e+00 0.000000000000000000e+00
2.325000000000000178e+00 1.593171641824754481e+01 0.000000000000000000e+00 0.000000000000000000e+00 0.000000000000000000e+00
2.375000000000000000e+00 1.384109090624949090e+01 0.000000000000000000e+00 1.060548117472812820e-05 0.000000000000000000e+00
2.425000000000000266e+00 8.883154505776056808e+00 0.000000000000000000e+00 8.167197344949360480e-04 0.000000000000000000e+00
2.475000000000000089e+00 4.752717492455116322e+00 0.000000000000000000e+00 1.680487400557922201e-02 0.000000000000000000e+00
2.525000000000000355e+00 2.300086424345173519e+00 0.000000000000000000e+00 1.370465117317682946e-01 0.000000000000000000e+00
2.575000000000000178e+00 1.077405686256047934e+00 0.000000000000000000e+00 5.496475145111981986e-01 1.979566113503186328e-03
2.625000000000000000e+00 5.109702825814037563e-01 0.000000000000000000e+00 1.316910913805739103e+00 2.710782998178333167e-02
2.675000000000000266e+00 2.533122016693994949e-01 0.000000000000000000e+00 2.173387375636390395e+00 2.232240754634390312e-01
2.725000000000000089e+00 1.343816422766252461e-01 0.000000000000000000e+00 2.762183373395472152e+00 7.258186820329507460e-01
2.775000000000000355e+00 7.789298889187308561e-02 0.000000000000000000e+00 2.949288117090175021e+00 1.159331288580236485e+00
2.825000000000000178e+00 4.911091058769393586e-02 0.000000000000000000e+00 2.810682785456884769e+00 1.107903358591282972e+00
2.875000000000000000e+00 3.376527390342159290e-02 0.000000000000000000e+00 2.495896067920452488e+00 7.262062550876338118e-01
2.925000000000000266e+00 2.529666637743990462e-02 2.303186620100749864e-04 2.132688072869663998e+00 3.610039315040574071e-01
2.975000000000000089e+00 1.931049113653788424e-02 4.738565945687717509e-03 1.790927933263116056e+00 1.623362494129998446e-01
3.025000000000000355e+00 1.724179780306446530e-02 4.810763067283015809e-02 1.507932116051591054e+00 6.201124355783295405e-02
3.075000000000000178e+00 1.540054444709302792e-02 2.479716892773476677e-01 1.295400649043273900e+00 2.840380996894143611e-02
3.125000000000000000e+00 1.484441937084031958e-02 7.884693725265642383e-01 1.145581126156855145e+00 1.147647304988653159e-02
3.175000000000000266e+00 1.565116819669769982e-02 1.703700029824418039e+00 1.042187135123052943e+00 6.310138410693834701e-03
3.225000000000000089e+00 1.587695911380929831e-02 2.751216819230037469e+00 9.749426154885256768e-01 2.524061784335368108e-03
3.275000000000000355e+00 1.781487859946707247e-02 3.564243399463744577e+00 9.365663737573235448e-01 1.882754620123314833e-03
3.325000000000000178e+00 1.959428219397464296e-02 3.886830065791101685e+00 9.153078462119976777e-01 1.643901503282333906e-03
3.375000000000000000e+00 2.281816640623999040e-02 3.750575360951254655e+00 9.047716125837270695e-01 1.506913052034983876e-03
3.425000000000000266e+00 2.627797407475535377e-02 3.308964155013142339e+00 9.010244185400213546e-01 1.291091925602438299e-03
3.475000000000000089e+00 3.054781690531457525e-02 2.766296288574501716e+00 9.023676069018501389e-01 1.170592388442842592e-03
3.525000000000000355e+00 3.733123686222503124e-02 2.218687069657065081e+00 9.072795780407509891e-01 1.218878749695221763e-03
3.575000000000000178e+00 4.424495181565202273e-02 1.762613214612573920e+00 9.131079674088401488e-01 2.212043333236638713e-03
3.625000000000000000e+00 5.601916808067122777e-02 1.397817454269572934e+00 9.196983603292654408e-01 1.690419696059863690e-03
3.675000000000000266e+00 7.055477563882459058e-02 1.131908801660554298e+00 9.288444648260157921e-01 2.616624653070465881e-03
3.725000000000000089e+00 8.836609081985027925e-02 9.424856378054492501e-01 9.358558218849308830e-01 3.201757034072208116e-03
3.775000000000000355e+00 1.148393751373068677e-01 8.111075336308424255e-01 9.451054319001312987e-01 5.739043658160877456e-03
3.825000000000000178e+00 1.488145362810953942e-01 7.277038456350943818e-01 9.556219688551612634e-01 8.212448684733416465e-03
3.875000000000000000e+00 1.956285595454548554e-01 6.732170987054444389e-01 9.641325651177395928e-01 1.196920578105910814e-02
3.925000000000000266e+00 2.546570456114505276e-01 6.485361601423292877e-01 9.735818753404892334e-01 2.012092540079920069e-02
3.975000000000000089e+00 3.354860727880050741e-01 6.407105551958426348e-01 9.837781074609257548e-01 2.575252542162805025e-02
4.025000000000000355e+00 4.363935080905562702e-01 6.451535104882841765e-01 9.934879416126671803e-01 3.857874232025364225e-02
4.075000000000000178e+00 5.621543125156580611e-01 6.590401646909943567e-01 1.002157484057369707e+00 5.253489133909895054e-02
4.125000000000000000e+00 7.080456980531331102e-01 6.810759660763574530e-01 1.011758669459736470e+00 7.221578321390416388e-02
4.175000000000000711e+00 8.742663613748502538e-01 7.076993293134437035e-01 1.021493328852864924e+00 9.986513230794870355e-02
4.224999999999999645e+00 1.044631986222089415e+00 7.404887252339155124e-01 1.030196387393350177e+00 1.455944492740150753e-01
4.275000000000000355e+00 1.224065031643138290e+00 7.768644127036029579e-01 1.039527363226530055e+00 1.909927848977587272e-01
4.325000000000000178e+00 1.386338147052163183e+00 8.147654234563557196e-01 1.050298100163835180e+00 2.581773215680229772e-01
4.375000000000000000e+00 1.532312508039524124e+00 8.534844465596559404e-01 1.063815382304851509e+00 3.642483656477627507e-01
4.425000000000000711e+00 1.653656926629485380e+00 8.938866512254268759e-01 1.082584220064144231e+00 4.980761723157275944e-01
4.474999999999999645e+00 1.735021607629837481e+00 9.342268869798866504e-01 1.100473306642945071e+00 6.671594859908394071e-01
4.525000000000000355e+00 1.781879234249566180e+00 9.732862818535271687e-01 1.105903216299153558e+00 8.934359838374013041e-01
4.575000000000000178e+00 1.782566616891158917e+00 1.011014325510073641e+00 1.092701977397493307e+00 1.179904746205823418e+00
4.625000000000000000e+00 1.748354272129687859e+00 1.046536014660992775e+00 1.062768917790964718e+00 1.531303586249987969e+00
4.675000000000000711e+00 1.679699102648804843e+00 1.078266725924152958e+00 1.028510309650769061e+00 1.942737199566717976e+00
4.724999999999999645e+00 1.596646337142800576e+00 1.111317726365602665e+00 9.964117535043048868e-01 2.367529953020291789e+00
4.775000000000000355e+00 1.488078872408497233e+00 1.130958149953160685e+00 9.743482421275665439e-01 2.764233796065389104e+00
4.825000000000001066e+00 1.375711441431270998e+00 1.152932924797510861e+00 9.576079366629433043e-01 3.133401643695620908e+00
4.875000000000000000e+00 1.263211600316139327e+00 1.170490771597729296e+00 9.452797659714611278e-01 3.427185638879179486e+00
4.925000000000000711e+00 1.157784406035848423e+00 1.183350947826113053e+00 9.345582291811097564e-01 3.633233486752707186e+00
4.974999999999999645e+00 1.069752884062835419e+00 1.189719949186141212e+00 9.278014831235785742e-01 3.755896827373733871e+00
5.025000000000000355e+00 9.947307515510528386e-01 1.193573369159621311e+00 9.208509193670244564e-01 3.809243633672418472e+00
5.075000000000001066e+00 9.372908561733186428e-01 1.194204937538330569e+00 9.162128317196107652e-01 3.776619804296827088e+00
5.125000000000000000e+00 8.930082644242707257e-01 1.188539084875771534e+00 9.102279553268153300e-01 3.767064634857113958e+00
5.175000000000000711e+00 8.605846156178210693e-01 1.180953844237673911e+00 9.078054809155545746e-01 3.681879877691404346e+00
5.224999999999999645e+00 8.421792122523725777e-01 1.170339760361235770e+00 9.062228181384673897e-01 3.559602934340142966e+00
5.275000000000000355e+00 8.287398149057643160e-01 1.155531541435633969e+00 9.058416112992301317e-01 3.429231323356175754e+00
5.325000000000001066e+00 8.214478143160642842e-01 1.143685819076392551e+00 9.083516960570764409e-01 3.218642502929675686e+00
5.375000000000000000e+00 8.202642412901157698e-01 1.130201992360794438e+00 9.115408968099544262e-01 2.987475110941822276e+00
5.425000000000000711e+00 8.178730772311866293e-01 1.112741303937179627e+00 9.157889964643143310e-01 2.709420089801476639e+00
5.474999999999999645e+00 8.246266743589905079e-01 1.099514649762005192e+00 9.219747795539764423e-01 2.417634561560720652e+00
5.525000000000000355e+00 8.287327882106056975e-01 1.082003318134140413e+00 9.262355138789618580e-01 2.138235144762222095e+00
5.575000000000001066e+00 8.340114925467151386e-01 1.067116219007578692e+00 9.302774299824037030e-01 1.869529623044453803e+00
5.625000000000000000e+00 8.413244661626831933e-01 1.052672291829197526e+00 9.331651747217185600e-01 1.622060195941857685e+00
5.675000000000000711e+00 8.450513059458039100e-01 1.039777921707539354e+00 9.368180728217336828e-01 1.422047575271716546e+00
5.724999999999999645e+00 8.515523573413238401e-01 1.026484051711471723e+00 9.388002985706892511e-01 1.240019435270689474e+00
5.775000000000000355e+00 8.555065184696089009e-01 1.015479954609709523e+00 9.434185168376834074e-01 1.098477762032892713e+00
5.825000000000001066e+00 8.627542673814129204e-01 1.003095961178026574e+00 9.472163638166758437e-01 1.001735492953180762e+00
5.875000000000000000e+00 8.687760305348326551e-01 9.975378277423829765e-01 9.532271986020417476e-01 9.171234654011549692e-01
5.925000000000000711e+00 8.713740091266379828e-01 9.925166783977352747e-01 9.602050841409974780e-01 8.641758924978558687e-01
5.974999999999999645e+00 8.776642825774804146e-01 9.894007965201460086e-01 9.684036414656315150e-01 8.157778400795737683e-01
6.025000000000000355e+00 8.810498982843145699e-01 9.849275754548617590e-01 9.774408069720875725e-01 7.977603826568777645e-01
6.075000000000001066e+00 8.855226708461328977e-01 9.789923923205406942e-01 9.862430290941056610e-01 7.842722543382975031e-01
6.125000000000000000e+00 8.870397183351100834e-01 9.730778051269195483e-01 9.968904862648592102e-01 7.889874066372306594e-01
6.175000000000000711e+00 8.936130277423410817e-01 9.641533101401594807e-01 1.005459272093986334e+00 7.980816261923779908e-01
6.224999999999999645e+00 8.952831415475712706e-01 9.555151202781254627e-01 1.015305446210964746e+00 8.109781080929093777e-01
6.275000000000000355e+00 8.993607517735143775e-01 9.448550971491516126e-01 1.024529384739125915e+00 8.298771096920596335e-01
6.325000000000001066e+00 9.012688086939366627e-01 9.370367929156110387e-01 1.032421387830843917e+00 8.442432001969142341e-01
6.375000000000000000e+00 9.042543348925728974e-01 9.305724840641635964e-01 1.039623085150092052e+00 8.704060313176322783e-01
6.425000000000000711e+00 9.056156025402533061e-01 9.250885720240528132e-01 1.046425501356586629e+00 8.926713218208710554e-01
6.474999999999999645e+00 9.046494198511570994e-01 9.234695181434954270e-01 1.050905134042836808e+00 9.189643645307699060e-01
6.525000000000000355e+00 9.080511653211569278e-01 9.234073332890254671e-01 1.054881109712984211e+00 9.571560990408267688e-01
6.575000000000001066e+00 9.105280353000058113e-01 9.283636953992097096e-01 1.056636687446329104e+00 9.789728189801679692e-01
6.625000000000000000e+00 9.105866082538246475e-01 9.353989521958810949e-01 1.056585725440525758e+00 1.005085456079380046e+00
6.675000000000000711e+00 9.114198963125910158e-01 9.426603312009343982e-01 1.055244121294232951e+00 1.034773098344830666e+00
6.724999999999999645e+00 9.120900615680884727e-01 9.536037595607391726e-01 1.052904801750651931e+00 1.062152778735444114e+00
6.775000000000000355e+00 9.134740961785819957e-01 9.651880477753271848e-01 1.049720118069004116e+00 1.085226848876891026e+00
6.825000000000001066e+00 9.148650623893546108e-01 9.759940254690776529e-01 1.045046066457759215e+00 1.108705426797401250e+00
6.875000000000000000e+00 9.185288297672292712e-01 9.897137301036633694e-01 1.040704281095805372e+00 1.122395161138882047e+00
6.925000000000000711e+00 9.190797763349712879e-01 9.999796655598488515e-01 1.035050539588542540e+00 1.145260613864108157e+00
6.974999999999999645e+00 9.181528864372969778e-01 1.013824724766736018e+00 1.029507938456436733e+00 1.156793575973798172e+00
7.025000000000000355e+00 9.211840960654229526e-01 1.025830075916548845e+00 1.024527873764707442e+00 1.170399883830311571e+00
7.075000000000001066e+00 9.227207123506235842e-01 1.036394740158947725e+00 1.018386528407257963e+00 1.181288496858015735e+00
7.125000000000000000e+00 9.233123468351114305e-01 1.044115458346890346e+00 1.013467043894016095e+00 1.192871074351642857e+00
7.175000000000000711e+00 9.275236259019209450e-01 1.052684061533357029e+00 1.008822609220156208e+00 1.195916922385481307e+00
7.224999999999999645e+00 9.286348897883044406e-01 1.056227136425060387e+00 1.004515620462829384e+00 1.203948336954676401e+00
7.275000000000000355e+00 9.330522447930799101e-01 1.062319599940832138e+00 9.998599294980120566e-01 1.204893213642985295e+00
7.325000000000001066e+00 9.358611534712586444e-01 1.064212659798150939e+00 9.962077223482990185e-01 1.201052095367800110e+00
7.375000000000000000e+00 9.407582434509624836e-01 1.065353674648777282e+00 9.923784694109627491e-01 1.187569366488562261e+00
7.425000000000000711e+00 9.495852377311456705e-01 1.063177435689324657e+00 9.903915696656762080e-01 1.198716545544102896e+00
7.474999999999999645e+00 9.558120724509134858e-01 1.061317741344617316e+00 9.877944444884994013e-01 1.180981055766360699e+00
7.525000000000000355e+00 9.609537576141667925e-01 1.058182099100483553e+00 9.861337942642026677e-01 1.177072071379855478e+00
7.575000000000001066e+00 9.705553650032499036e-01 1.052465427193131742e+00 9.846131471137231639e-01 1.151800815272808753e+00
7.625000000000000000e+00 9.810762251529888678e-01 1.047738135111615732e+00 9.839349882950694237e-01 1.132872070907723794e+00
7.675000000000000711e+00 9.905366980655887499e-01 1.040332382384158594e+00 9.821813067055961133e-01 1.107480804090854143e+00
7.724999999999999645e+00 1.000532686208396527e+00 1.033755323250818314e+00 9.819641891411905466e-01 1.089045567699145733e+00
7.775000000000000355e+00 1.011877924173370413e+00 1.027647684517437598e+00 9.817946090981417573e-01 1.060752529592956961e+00
7.825000000000001066e+00 1.021485725508743059e+00 1.020525610949512441e+00 9.819732605609711173e-01 1.019388079432624217e+00
7.875000000000000000e+00 1.030282551215373044e+00 1.014821248251765340e+00 9.828391968488373598e-01 9.967971634217344112e-01
7.925000000000000711e+00 1.039921963017518269e+00 1.007880197023363733e+00 9.826915036768186784e-01 9.667515598261428034e-01
7.974999999999999645e+00 1.044951298422589048e+00 1.003737737413440412e+00 9.834330208533520468e-01 9.343782219977387893e-01
8.025000000000000355e+00 1.055665153593752681e+00 9.988636515544500050e-01 9.840689388136998339e-01 9.070770551438568363e-01
8.074999999999999289e+00 1.058462037021713931e+00 9.951667262597915231e-01 9.858086061424184976e-01 8.847141053596545568e-01
8.125000000000000000e+00 1.063354050519743854e+00 9.910530395681278470e-01 9.862643782491331557e-01 8.601852133994000171e-01
8.175000000000000711e+00 1.065210030834985888e+00 9.869485226024571345e-01 9.877445651773765212e-01 8.436821454598855130e-01
8.225000000000001421e+00 1.067764821871740377e+00 9.857704890015464017e-01 9.897731380382605026e-01 8.344408876955190513e-01
8.275000000000000355e+00 1.066302015249165569e+00 9.838643494048842086e-01 9.899916960865502435e-01 8.295778967640958790e-01
8.324999999999999289e+00 1.065471073166903260e+00 9.831349870373726763e-01 9.917691635787320159e-01 8.245672195906845747e-01
8.375000000000000000e+00 1.064177470649898316e+00 9.811405798268068024e-01 9.923892302306661639e-01 8.156435748234506233e-01
8.425000000000000711e+00 1.060695282318094401e+00 9.800513733616439405e-01 9.940853162070949489e-01 8.191919440708009814e-01
8.475000000000001421e+00 1.057646194652390292e+00 9.810763720970575585e-01 9.949199458643139815e-01 8.332136032351392663e-01
8.525000000000000355e+00 1.051262180923832057e+00 9.823348902670102634e-01 9.964521891892169636e-01 8.326936637464930069e-01
8.574999999999999289e+00 1.047117408470816358e+00 9.844684536317845902e-01 9.976632790492850900e-01 8.410547833654048455e-01
8.625000000000000000e+00 1.044356715693925963e+00 9.835088119769546111e-01 9.986982281037977138e-01 8.483522379155066240e-01
8.675000000000000711e+00 1.037633374268035924e+00 9.837509157053938580e-01 1.000120006967558872e+00 8.526755772233888253e-01
8.725000000000001421e+00 1.031933900338919630e+00 9.858017562272243239e-01 1.001033084711853371e+00 8.633833523320942893e-01
8.775000000000000355e+00 1.027113802867225534e+00 9.853765988414020516e-01 1.001876617667462277e+00 8.729400639347347779e-01
8.824999999999999289e+00 1.021812623520627517e+00 9.873773905952831775e-01 1.002600059750244021e+00 8.818364346631196726e-01
8.875000000000000000e+00 1.017923850553407172e+00 9.883078919791429273e-01 1.002622309764317432e+00 8.903364655454317766e-01
8.925000000000000711e+00 1.012468799277142395e+00 9.886056025878648956e-01 1.003431346535064161e+00 8.977038909889887286e-01
8.975000000000001421e+00 1.009290638758169711e+00 9.894489807320342445e-01 1.003698538853274869e+00 9.067827238116036304e-01
9.025000000000000355e+00 1.005489114670929940e+00 9.902517429659003501e-01 1.003953262365273380e+00 9.175520655840827544e-01
9.074999999999999289e+00 1.001905271316008816e+00 9.907470868040245682e-01 1.003966439013131318e+00 9.204528148729518300e-01
9.125000000000000000e+00 1.000447234826566500e+00 9.925968326788316975e-01 1.003346218163682302e+00 9.277217898585403688e-01
9.175000000000000711e+00 9.973875370657800943e-01 9.925801600990963314e-01 1.003577257015299651e+00 9.333507305181173441e-01
9.225000000000001421e+00 9.959792678079578687e-01 9.941611606112399357e-01 1.003380309461920028e+00 9.421493360632319236e-01
9.275000000000000355e+00 9.949189832877735062e-01 9.946177601630089571e-01 1.003903116435533427e+00 9.361385664419515917e-01
9.324999999999999289e+00 9.941262653370216418e-01 9.948839219212920471e-01 1.003512404510104705e+00 9.441246302512973365e-01
9.375000000000000000e+00 9.960089524758329871e-01 9.955325140324446931e-01 1.002903604927070536e+00 9.445350891957767780e-01
9.425000000000000711e+00 9.943611120191159225e-01 9.973292481940769783e-01 1.003038572915889937e+00 9.472479748303540559e-01
9.475000000000001421e+00 9.916930397650680629e-01 9.960391144990422552e-01 1.002507353788998357e+00 9.505709481457248478e-01
9.525000000000000355e+00 9.927162761182254380e-01 9.959938290842236253e-01 1.001965704127530943e+00 9.452360335629523824e-01
9.575000000000001066e+00 9.930952424189538608e-01 9.967706795894694105e-01 1.001931952751382138e+00 9.463701428470643329e-01
9.625000000000000000e+00 9.951811093504467909e-01 9.964594996421803907e-01 1.001968578212275585e+00 9.449011303374295068e-01
9.675000000000000711e+00 9.947401452151989343e-01 9.952769652444248827e-01 1.002107373084475173e+00 9.466910370527681362e-01
9.725000000000001421e+00 9.965364448418341237e-01 9.955661886573813346e-01 1.002262595220198449e+00 9.461202538074279245e-01
9.775000000000000355e+00 9.976982041765714015e-01 9.960634684223641511e-01 1.002002520450385070e+00 9.436834533572219241e-01
9.825000000000001066e+00 1.000018435510383163e+00 9.944328598716537515e-01 1.002316921734153432e+00 9.415295426141646606e-01
9.875000000000000000e+00 1.000671175567706239e+00 9.949918090324589848e-01 1.002382584585280734e+00 9.426634176687790356e-01
9.925000000000000711e+00 1.003135132196665502e+00 9.935015920055372263e-01 1.002816571592010542e+00 9.340300109512336135e-01
9.975000000000001421e+00 1.003765968272219755e+00 9.941736400439885601e-01 1.002638798220901295e+00 9.378209259605613246e-01
1.002500000000000036e+01 1.006356528470327305e+00 9.918375162763637398e-01 1.003453691469619935e+00 9.309609495577553240e-01
1.007500000000000107e+01 1.007908035280906667e+00 9.920492711453133827e-01 1.003277465999343532e+00 9.294626691781285865e-01
1.012500000000000000e+01 1.008746840456586469e+00 9.927409304540039114e-01 1.003830942590508535e+00 9.229352297046523601e-01
1.017500000000000071e+01 1.009936089591958019e+00 9.908834210265525799e-01 1.003617760973459117e+00 9.249464847139676760e-01
1.022500000000000142e+01 1.011946656324606675e+00 9.912289980261638211e-01 1.003635427920454459e+00 9.208770151430939466e-01
1.027500000000000036e+01 1.014169614776167627e+00 9.905702689475811562e-01 1.003650997782048249e+00 9.265308831382176313e-01
1.032500000000000107e+01 1.014589864013629050e+00 9.905586285499544674e-01 1.004423468106092843e+00 9.204772097900651984e-01
1.037500000000000000e+01 1.015877589511135826e+00 9.914940425086867792e-01 1.003736577529083407e+00 9.127240335134962912e-01
1.042500000000000071e+01 1.016632842708143247e+00 9.907927550089516977e-01 1.003781360571599501e+00 9.127323145239335522e-01
1.047500000000000142e+01 1.016510283341856002e+00 9.923248753990425719e-01 1.003647533226679656e+00 9.162232423346597932e-01
1.052500000000000036e+01 1.017422754077283331e+00 9.923224742772855933e-01 1.003076010014870567e+00 9.098812448002147057e-01
1.057500000000000107e+01 1.018181518249021034e+00 9.923259710015835955e-01 1.003023266123539203e+00 9.130711647502945949e-01
1.062500000000000000e+01 1.017505476297157374e+00 9.928978493179841935e-01 1.002589031173973799e+00 9.149802616859510351e-01
1.067500000000000071e+01 1.017951374617583449e+00 9.936342471246109032e-01 1.002001496914094236e+00 9.154579558900066694e-01
1.072500000000000142e+01 1.018458957957672384e+00 9.934880452635307391e-01 1.002050965051993092e+00 9.173792630853738750e-01
1.077500000000000036e+01 1.017137936999825687e+00 9.946092381896962653e-01 1.001790446672389479e+00 9.141205446262437029e-01
1.082500000000000107e+01 1.017300641723023258e+00 9.948315942685106439e-01 1.001514582800744568e+00 9.163370866720340624e-01
1.087500000000000000e+01 1.017129102939879903e+00 9.967354123825028500e-01 1.000621841461827533e+00 9.220003377781064158e-01
1.092500000000000071e+01 1.015563158049776371e+00 9.962046005199548526e-01 1.000638157945126894e+00 9.220314677133023551e-01
1.097500000000000142e+01 1.015406232150719568e+00 9.958751936246633685e-01 9.999736103540362020e-01 9.204310419564175616e-01
1.102500000000000036e+01 1.013287101362996490e+00 9.969982102889880515e-01 9.997510421571457195e-01 9.209814384651621166e-01
1.107500000000000107e+01 1.012945925663601310e+00 9.973082475026479043e-01 9.998231030281052867e-01 9.323424351404084875e-01
1.112500000000000000e+01 1.014230041329916787e+00 9.966996689360174688e-01 9.991590978914488552e-01 9.328894231478009891e-01
1.117500000000000071e+01 1.013040600953889703e+00 9.977454464093594710e-01 9.991932904983649166e-01 9.314488295866611978e-01
1.122500000000000142e+01 1.010144575831428027e+00 9.984742502513460627e-01 9.987001950305975928e-01 9.384029715417951945e-01
1.127500000000000036e+01 1.010028428758579899e+00 9.977026094103699227e-01 9.985098374569041368e-01 9.423301300757712662e-01
1.132500000000000107e+01 1.009688015273922268e+00 9.984784383278246800e-01 9.985782910411153956e-01 9.458444737639860600e-01
1.137500000000000000e+01 1.009228750476434344e+00 9.992980488186021804e-01 9.986608223479312985e-01 9.493309803929188551e-01
1.142500000000000071e+01 1.008011679956337669e+00 9.986301670770115768e-01 9.981122761836701551e-01 9.473520032369067145e-01
1.147500000000000142e+01 1.008318380122895208e+00 9.983026050123073869e-01 9.987720240152452300e-01 9.592813579189242157e-01
1.152500000000000036e+01 1.007412769175681788e+00 9.985387777924532582e-01 9.980971624328872638e-01 9.603716772687743708e-01
1.157500000000000107e+01 1.006676835036270035e+00 9.978192861071064623e-01 9.984520849120656072e-01 9.589204547551083424e-01
1.162500000000000000e+01 1.007240756512800539e+00 9.996750990719357466e-01 9.984515511304347113e-01 9.704739778287814200e-01
1.167500000000000071e+01 1.007305608355651527e+00 9.990868261558532026e-01 9.988610065797501880e-01 9.774835796134402344e-01
1.172500000000000142e+01 1.006164985996613526e+00 9.981549506151313755e-01 9.989585929779968287e-01 9.727487878093667995e-01
1.177500000000000036e+01 1.007539555745532667e+00 9.988247180607583431e-01 9.990978335866667059e-01 9.795141524340846839e-01
1.182500000000000107e+01 1.006258637232881448e+00 9.997998028330932208e-01 9.988072037828678029e-01 9.814947282383383875e-01
1.187500000000000000e+01 1.006337175437929998e+00 9.986994031070542954e-01 9.994073491264565678e-01 9.898085310401030235e-01
1.192500000000000071e+01 1.005539737238935638e+00 9.980993695267135202e-01 9.992996941301549585e-01 9.833291419418819235e-01
1.197500000000000142e+01 1.006104288319368711e+00 9.991716117362967609e-01 9.994968417653220527e-01 9.898648488573110749e-01
1.202500000000000036e+01 1.005204699733796003e+00 9.994581511158578957e-01 9.998351254677664279e-01 9.922988821426460548e-01
1.207500000000000107e+01 1.004798598871341486e+00 9.988571728427884100e-01 9.997864312242853435e-01 9.946171890695076900e-01
1.212500000000000000e+01 1.003464261698060023e+00 9.983277092864902835e-01 9.999335722848389230e-01 1.002241235386761575e+00
1.217500000000000071e+01 1.004320707446433980e+00 9.988879275522690726e-01 1.000098052262691217e+00 9.942645993660981230e-01
1.222500000000000142e+01 1.004781943884378137e+00 9.987223764240100721e-01 1.000453529549459653e+00 9.993090926377632410e-01
1.227500000000000036e+01 1.004013109425652805e+00 9.985071888959120567e-01 1.000419286601401891e+00 1.006389646792662518e+00
1.232500000000000107e+01 1.002783027332664778e+00 9.991972673276644512e-01 1.000544571625842538e+00 1.003465264997244644e+00
1.237500000000000000e+01 1.002793317024523567e+00 9.998603425685237411e-01 1.000795337146566988e+00 1.006957300063255234e+00
1.242500000000000071e+01 1.003173040278098282e+00 9.994611727686872893e-01 1.000642561123153307e+00 1.005815191375863060e+00
1.247500000000000142e+01 1.001397347208911714e+00 9.992255659418676217e-01 1.001145446885692625e+00 1.004743348896054211e+00
1.252500000000000036e+01 1.000958690338066504e+00 1.000659730839694506e+00 1.000856141816568012e+00 1.010388937515719343e+00
1.257500000000000107e+01 1.001107614134862933e+00 1.000178807241908663e+00 1.001032154230526938e+00 1.007165346073354506e+00
1.262500000000000000e+01 9.999464977675239785e-01 9.988855359730518524e-01 1.001107715464478964e+00 1.009865038407512960e+00
1.267500000000000071e+01 9.998743850323413840e-01 1.000137690306493798e+00 1.001127126993170968e+00 1.012283469036796113e+00
1.272500000000000142e+01 9.998443272641656110e-01 9.998268842109806487e-01 1.001201588429580180e+00 1.008889788100470142e+00
1.277500000000000036e+01 9.980220341993496502e-01 1.000231466035692351e+00 1.001065173847746514e+00 1.009428234246034783e+00
1.282500000000000107e+01 9.994060963753673699e-01 1.000216379771287745e+00 1.000572482385678974e+00 1.013328494819562220e+00
1.287500000000000000e+01 9.976664290197717611e-01 1.000343530349878440e+00 1.001409655608173299e+00 1.010193920853377003e+00
1.292500000000000071e+01 9.993885554377269775e-01 1.000124027631021484e+00 1.000822045574866426e+00 1.012396254196186174e+00
1.297500000000000142e+01 9.976647520334235297e-01 1.001696193268868607e+00 1.000991167234494883e+00 1.010024487020459105e+00
1.302500000000000036e+01 9.972973056429773608e-01 1.001279657246637145e+00 1.000721342528792634e+00 1.013354978219512814e+00
1.307500000000000107e+01 9.964348452963831537e-01 1.001260910594070408e+00 1.000771873637568810e+00 1.014260306001797174e+00
1.312500000000000000e+01 9.958574043253390906e-01 1.000982507608557226e+00 1.000495495940815882e+00 1.010509591226491866e+00
1.317500000000000071e+01 9.950015525970982155e-01 1.000549306702172681e+00 1.000534396864443565e+00 1.009427370534230484e+00
1.322500000000000142e+01 9.962426701665021422e-01 1.002223073575466028e+00 1.000582881925784262e+00 1.012315979337343519e+00
1.327500000000000036e+01 9.964465356334648583e-01 1.002236979753287516e+00 1.000281691401101458e+00 1.011253563270095857e+00
1.332500000000000107e+01 9.953966297725325152e-01 1.001812927534012410e+00 1.000262984848587555e+00 1.013977267792683046e+00
1.337500000000000000e+01 9.964348279098161898e-01 1.001890977883902023e+00 1.000119141574232762e+00 1.011343388024669609e+00
1.342500000000000071e+01 9.949608071045581426e-01 1.001079238009920269e+00 1.000038431184306909e+00 1.011000676134748089e+00
1.347500000000000142e+01 9.960865301360708468e-01 1.002177184559637224e+00 1.000017179860345884e+00 1.013087502060271650e+00
1.352500000000000036e+01 9.951676297891608458e-01 1.001050490684197714e+00 9.995830024927956359e-01 1.014359685790781063e+00
1.357500000000000107e+01 9.971947620708067062e-01 1.001989989003815085e+00 9.999056673325132927e-01 1.012057089342757177e+00
1.362500000000000000e+01 9.959444598040622099e-01 1.001627173061403919e+00 9.998924269183503410e-01 1.016151767341535228e+00
1.367500000000000071e+01 9.971469493161186914e-01 1.001964328684066041e+00 9.995820756835729348e-01 1.010214049760051802e+00
1.372500000000000142e+01 9.964358136051713055e-01 1.002198163322797209e+00 9.992936151044362614e-01 1.011084041700599956e+00
1.377500000000000036e+01 9.960555689970735926e-01 1.002818646663066193e+00 9.995105189051565198e-01 1.013633559150209695e+00
1.382500000000000107e+01 9.968163471633348927e-01 1.002819029003284346e+00 9.996008062467618416e-01 1.017419378918773765e+00
1.387500000000000000e+01 9.972564345382692874e-01 1.003040215942394564e+00 9.997601003547565979e-01 1.015958280031299177e+00
1.392500000000000071e+01 9.981285963372512615e-01 1.002054200820750918e+00 9.994294373396354070e-01 1.015757242369360602e+00
1.397500000000000142e+01 9.980476124902629698e-01 1.001553520337641778e+00 9.994895693724571428e-01 1.016298226807225591e+00
1.402500000000000036e+01 9.979093499692542890e-01 1.001928944539307142e+00 9.996603451542686036e-01 1.018458582446417848e+00
1.407500000000000107e+01 9.978310824809498714e-01 1.002931928313460563e+00 9.995674113407934103e-01 1.017157982754225864e+00
1.412500000000000000e+01 9.986066268528037693e-01 1.001442406503759264e+00 9.994338619489526732e-01 1.018831041816119942e+00
1.417500000000000071e+01 9.991930987308665912e-01 1.001654541499545248e+00 9.995686731715781592e-01 1.017178834189163217e+00
1.422500000000000142e+01 9.981791107337749658e-01 1.002051899750642239e+00 9.993052303617699916e-01 1.016707241145522245e+00
1.427500000000000036e+01 9.983145755227987861e-01 1.001526073424982677e+00 9.992156917930712368e-01 1.019190274781770711e+00
1.432500000000000107e+01 9.983143580041118348e-01 1.002955112385962355e+00 9.995628166578716112e-01 1.017239646432333666e+00
1.437500000000000000e+01 9.986040465318850590e-01 1.001213468421819908e+00 9.994553690147195413e-01 1.013429775258433141e+00
1.442500000000000071e+01 9.978369570232146213e-01 1.001534914121634312e+00 9.997026958206455260e-01 1.015801121871912960e+00
1.447500000000000142e+01 9.992410611183726310e-01 1.002248902712828071e+00 9.994494303577402539e-01 1.016987929805347912e+00
1.452500000000000036e+01 9.982023939000697066e-01 1.001972743508516617e+00 9.994535767583380137e-01 1.021159028351269260e+00
1.457500000000000107e+01 9.983427273200206065e-01 1.001882865327818450e+00 9.992299511093700737e-01 1.018295262301492254e+00
1.462500000000000000e+01 9.982495976059809761e-01 1.001930022312236268e+00 9.998718021984888127e-01 1.014606443608477848e+00
1.467500000000000071e+01 9.978048406380747304e-01 1.001946261382475445e+00 9.994796523274573907e-01 1.014948188390980999e+00
1.472500000000000142e+01 9.984085408547457297e-01 1.001779373987290001e+00 9.995806240989296709e-01 1.016393494951399301e+00
1.477500000000000036e+01 9.987901608487738114e-01 1.001991983257466412e+00 9.995500905659422397e-01 1.016616573806188528e+00
1.482500000000000107e+01 9.983295103733542675e-01 1.002282795555757611e+00 9.998246423409045125e-01 1.018848732793439238e+00
1.487500000000000000e+01 9.965575574967775463e-01 1.002295025533732398e+00 9.995456220811100856e-01 1.012444362477465942e+00
1.492500000000000071e+01 9.970668910210475078e-01 1.002558682860145822e+00 9.997708592971998875e-01 1.014425003937175607e+00
1.497500000000000142e+01 9.977422926751051691e-01 1.002062002054717293e+00 9.998323906856706467e-01 1.018139681686819786e+00
1.502500000000000036e+01 9.976571861916676554e-01 1.001815513225822407e+00 9.997765647068312944e-01 1.013879345789168607e+00
1.507500000000000107e+01 9.978801803808829973e-01 1.002215607927909646e+00 9.995652821254794596e-01 1.009910733264445026e+00
1.512500000000000000e+01 9.976856313045936453e-01 1.001838827560709744e+00 9.995453939088526640e-01 1.010041790584470078e+00
1.517500000000000071e+01 9.974360350800182129e-01 1.002207123582202541e+00 9.996922420905023365e-01 1.012201221533457707e+00
1.522500000000000142e+01 9.974875508825465920e-01 1.001740664208784271e+00 9.995172789645025979e-01 1.004174322231338179e+00
1.527500000000000036e+01 9.976422948168770510e-01 1.001240949322155904e+00 9.998005342068401191e-01 1.010480947738996216e+00
1.532500000000000107e+01 9.976001021331248886e-01 1.002245246856886540e+00 9.996493483417357995e-01 1.006769937081596122e+00
1.537500000000000000e+01 9.981489447699283257e-01 1.002353792188162451e+00 9.999891525317686769e-01 1.008723916848979441e+00
1.542500000000000071e+01 9.976189955716283642e-01 1.001635540306836436e+00 9.998575619123261093e-01 1.009371068618781564e+00
1.547500000000000142e+01 9.982580528636247896e-01 1.001975766875654594e+00 9.995323330688518082e-01 1.007568644027070359e+00
1.552500000000000036e+01 9.972442181211357282e-01 1.001483210661941792e+00 9.998243894721220437e-01 1.008424415906478799e+00
1.557500000000000107e+01 9.980034429162377707e-01 1.001379640977603014e+00 9.996555228560654038e-01 1.006463838532033250e+00
1.562500000000000000e+01 9.980523883037721866e-01 1.001266570232370645e+00 9.999631393729357942e-01 1.006534181684129114e+00
1.567500000000000071e+01 9.977956902219562441e-01 1.002358418796835071e+00 9.997879576887078734e-01 1.003369590313188064e+00
1.572500000000000142e+01 9.976926097685907546e-01 1.001331570606009747e+00 9.999400513944152191e-01 1.005120728715747536e+00
1.577500000000000036e+01 9.984463272080796870e-01 1.001287546663460315e+00 9.997394099949995505e-01 1.003502412712667047e+00
1.582500000000000107e+01 9.986074770411295098e-01 1.001361263925986789e+00 1.000133286786540010e+00 9.990782647660173543e-01
1.587500000000000000e+01 9.978196913934618273e-01 1.000840778650746277e+00 1.000003077451342204e+00 1.004285463978532134e+00
1.592500000000000071e+01 9.979835284887837998e-01 1.001265143021309978e+00 9.998252117385055815e-01 1.004219911057532943e+00
1.597500000000000142e+01 9.992006197418207281e-01 1.000764251145939143e+00 9.999116304838163716e-01 9.975202101341348326e-01
1.602499999999999858e+01 9.982102267021293329e-01 1.000944560097502212e+00 1.000012682049429946e+00 1.001366787713360074e+00
1.607500000000000284e+01 9.990163198518521304e-01 1.001354283064545214e+00 1.000151983984725934e+00 1.002035957211122597e+00
1.612500000000000000e+01 9.994473963722021459e-01 1.000747134247267578e+00 9.998788543852077382e-01 1.003726060520541585e+00
1.617500000000000071e+01 9.981500999803806229e-01 1.000918813511120220e+00 9.999298164153970214e-01 9.984101553185436018e-01
1.622500000000000142e+01 9.987071932775547500e-01 1.000584560462453254e+00 9.999256443026882657e-01 1.005134304519017530e+00
1.627499999999999858e+01 9.988599340224119105e-01 1.000488832653659399e+00 1.000060295307776626e+00 1.002211864376749473e+00
1.632500000000000284e+01 9.996230316606928845e-01 1.001058224506767624e+00 1.000033729671560456e+00 9.993366244329985326e-01
1.637500000000000000e+01 9.997746866742015515e-01 1.000784684805457347e+00 1.000011453321316246e+00 9.998140635175805091e-01
1.642500000000000071e+01 9.993067727948287127e-01 1.000911533974792045e+00 9.999906968383639461e-01 9.997506856133258069e-01
1.647500000000000142e+01 9.999627970317290782e-01 1.000320234031105704e+00 1.000109439161336100e+00 9.975864549884614352e-01
1.652499999999999858e+01 9.998536580417657360e-01 1.000430712991413840e+00 9.999866558805715622e-01 9.956556219853099909e-01
1.657500000000000284e+01 9.994567451932907520e-01 1.000455068648296919e+00 9.997842193678971867e-01 9.993162824389385523e-01
1.662500000000000000e+01 9.996684549355654426e-01 1.000524843937476760e+00 1.000201069426947420e+00 1.000763236057272909e+00
1.667500000000000071e+01 9.996952397434170079e-01 1.000690720137127121e+00 1.000054230757128515e+00 9.955368652013659725e-01
1.672500000000000142e+01 1.000185689461867256e+00 1.000893793297167100e+00 9.999521577508065917e-01 9.963650374248977926e-01
1.677499999999999858e+01 1.000048203909307709e+00 1.000992169052579595e+00 9.997918928924360848e-01 9.957878157409956188e-01
1.682500000000000284e+01 1.000083795384818064e+00 1.000407372831251473e+00 9.999498618563705810e-01 9.977358739292842005e-01
1.687500000000000000e+01 9.987610103375482717e-01 9.990453053478512979e-01 9.981484932901347751e-01 9.923923555623543891e-01
1.692500000000000071e+01 9.945861226135501720e-01 9.944694066386466913e-01 9.936822499119889462e-01 9.882506135734262509e-01
1.697500000000000142e+01 9.866719506705681209e-01 9.866950881663472117e-01 9.860966307926330998e-01 9.811023343031313182e-01
1.702499999999999858e+01 9.780421041553193362e-01 9.775141960237606620e-01 9.773511006268311707e-01 9.721641336813100498e-01
1.707500000000000284e+01 9.694347653265322773e-01 9.692727793771710454e-01 9.687586288513201360e-01 9.629534787909136417e-01
1.712500000000000000e+01 9.606286898898429572e-01 9.606358572412780905e-01 9.600959022579385049e-01 9.536477412796151576e-01
1.717500000000000071e+01 9.520292694449677962e-01 9.520121232752900564e-01 9.514242369572856184e-01 9.480964474243795959e-01
1.722500000000000142e+01 9.439636640799685674e-01 9.436480774136929428e-01 9.428681279147926864e-01 9.370293602799706356e-01
1.727499999999999858e+01 9.351312414048964516e-01 9.350484811880667158e-01 9.343278511857354696e-01 9.277931180520714305e-01
1.732500000000000284e+01 9.254441225551757189e-01 9.261410132335130552e-01 9.259646164853763128e-01 9.208242040165202091e-01
1.737500000000000000e+01 9.179562138029920826e-01 9.180149605776973809e-01 9.174454004982111055e-01 9.131273544495122074e-01
1.742500000000000071e+01 9.098526757738365500e-01 9.088731164633673254e-01 9.090442536161288389e-01 9.051942913671112700e-01
1.747500000000000142e+01 9.015722589753686345e-01 9.009442815894431744e-01 9.008978351329751666e-01 8.926980111934819107e-01
1.752499999999999858e+01 8.932372955522572822e-01 8.930719725299067768e-01 8.924853230019393902e-01 8.826142809583419346e-01
1.757500000000000284e+01 8.854045768955716156e-01 8.846686781146917422e-01 8.842471773932748524e-01 8.787795194292697953e-01
1.762500000000000000e+01 8.771689896877441495e-01 8.766814872697196170e-01 8.762590152253144637e-01 8.692208045260894078e-01
1.767500000000000071e+01 8.686262565926162749e-01 8.688242138280178883e-01 8.680023009967645642e-01 8.603830468872741832e-01
1.772500000000000142e+01 8.597742263025240916e-01 8.601219142720044619e-01 8.599715116311766883e-01 8.488125129695296422e-01
1.777499999999999858e+01 8.524303498792487055e-01 8.522442810091750420e-01 8.518931711554698083e-01 8.417461586167982457e-01
1.782500000000000284e+01 8.445614890824818533e-01 8.444209103118467397e-01 8.438824371694857440e-01 8.332202464033392486e-01
1.787500000000000000e+01 8.365404557372070338e-01 8.359063486887419181e-01 8.358758463352058410e-01 8.252409596861169927e-01
1.792500000000000071e+01 8.286373547510477167e-01 8.285589545911925535e-01 8.279450139387807273e-01 8.211714700000762868e-01
1.797500000000000142e+01 8.208634007118743581e-01 8.201443373318487717e-01 8.201033721156167910e-01 8.104311981472810400e-01
1.802499999999999858e+01 8.134968191695443052e-01 8.122136383384671587e-01 8.123660606117020233e-01 8.044402502391172494e-01
1.807500000000000284e+01 8.049776686903606926e-01 8.044995616360709478e-01 8.045140162475274970e-01 7.918151147537635381e-01
1.812500000000000000e+01 7.971168572710830569e-01 7.965678040835530993e-01 7.968081011311115569e-01 7.878121119528893601e-01
1.817500000000000071e+01 7.900914336419169182e-01 7.888651384495111163e-01 7.891033731972569853e-01 7.792439118849323609e-01
1.822500000000000142e+01 7.819280373612836899e-01 7.813173595569040675e-01 7.814430657529367608e-01 7.735422996251087868e-01
1.827499999999999858e+01 7.748899285828820815e-01 7.735377693109499742e-01 7.738882368556603275e-01 7.667455070388337068e-01
1.832500000000000284e+01 7.671039485568746930e-01 7.660127610337118531e-01 7.662417048536340758e-01 7.578614041843800830e-01
1.837500000000000000e+01 7.593014392331208784e-01 7.585394149724550283e-01 7.588746735986913183e-01 7.510691199923520411e-01
1.842500000000000071e+01 7.521921483860192215e-01 7.512328329048827413e-01 7.513567953868230953e-01 7.434529719870004438e-01
1.847500000000000142e+01 7.449982941188195706e-01 7.433947668368025008e-01 7.438095095945015389e-01 7.353224372761902883e-01
1.852499999999999858e+01 7.372382569094987348e-01 7.362275423072549563e-01 7.365873858806428753e-01 7.294195084820754849e-01
1.857500000000000284e+01 7.299706438097517402e-01 7.290874893718991556e-01 7.292219089856895042e-01 7.237157170625458935e-01
1.862500000000000000e+01 7.229979460385321799e-01 7.217722494607106132e-01 7.217921079156077724e-01 7.123459044374188531e-01
1.867500000000000071e+01 7.150440552558638974e-01 7.138065497797607684e-01 7.144561754384317620e-01 7.093095861544386205e-01
1.872500000000000142e+01 7.086405457896612914e-01 7.072561166946925715e-01 7.072563380943509559e-01 7.010803168921072581e-01
1.877499999999999858e+01 7.010038545523746834e-01 7.000043176991026517e-01 7.000592940941119391e-01 6.932407520238160759e-01
1.882500000000000284e+01 6.946624482741429185e-01 6.927831527120654753e-01 6.929675917701483279e-01 6.851126240027477499e-01
1.887500000000000000e+01 6.867899398379659903e-01 6.858041003731173424e-01 6.857241936013730443e-01 6.788377813561039531e-01
1.892500000000000071e+01 6.794102552705471032e-01 6.781590121417611083e-01 6.786741913726502817e-01 6.723940649921593682e-01
1.897500000000000142e+01 6.725746849628123636e-01 6.711795190547112933e-01 6.714837365310361017e-01 6.625145401717882354e-01
1.902499999999999858e+01 6.658118377789158382e-01 6.647393111340379468e-01 6.645705436572076907e-01 6.568608772537134488e-01
1.907500000000000284e+01 6.580895056467730431e-01 6.573519648245895741e-01 6.576426499790725133e-01 6.486016208507596748e-01
1.912500000000000000e+01 6.506533252965492897e-01 6.506887032968533546e-01 6.506580209849508467e-01 6.426887948436260656e-01
1.917500000000000426e+01 6.448030955344669080e-01 6.434220538623086627e-01 6.436786196009415262e-01 6.373532545374686054e-01
1.922500000000000142e+01 6.373529341446938501e-01 6.368625147388456975e-01 6.369719256488428627e-01 6.290320656606165350e-01
1.927499999999999858e+01 6.304946252468941470e-01 6.298291517132341699e-01 6.300230943395299654e-01 6.251586332748385599e-01
1.932500000000000284e+01 6.241862255498167311e-01 6.228269795732598313e-01 6.232123201288032321e-01 6.191024993867297876e-01
1.937500000000000000e+01 6.172884395587617812e-01 6.163335778440827140e-01 6.164391678189147239e-01 6.141360247809399819e-01
1.942500000000000426e+01 6.106583765040959344e-01 6.093279731140492927e-01 6.095923013810107260e-01 6.050540420409835640e-01
1.947500000000000142e+01 6.041229867877165871e-01 6.028481580743180190e-01 6.028771146626947797e-01 5.978940249043070976e-01
1.952499999999999858e+01 5.966667423464659947e-01 5.964031217741330160e-01 5.961623374827915711e-01 5.905662455338690497e-01
1.957500000000000284e+01 5.905362502373097122e-01 5.897488235434963366e-01 5.897328852345207206e-01 5.846545897634566336e-01
1.962500000000000000e+01 5.839395503926375630e-01 5.827087794330484405e-01 5.832737934392311363e-01 5.803867798587279969e-01
1.967500000000000426e+01 5.775326812645296126e-01 5.762584404957757922e-01 5.765764587858626111e-01 5.709537060895026883e-01
1.972500000000000142e+01 5.705332124820261530e-01 5.697508789173010291e-01 5.700397330157367382e-01 5.637107604403479577e-01
1.977499999999999858e+01 5.645496302753659768e-01 5.632185359125065904e-01 5.635276130660359373e-01 5.610109182665428129e-01
1.982500000000000284e+01 5.575589986825884026e-01 5.570072327664293832e-01 5.569226868215815252e-01 5.515514530134175697e-01
1.987500000000000000e+01 5.511810538640985468e-01 5.505756896811402346e-01 5.506113612179441841e-01 5.460294645514014444e-01
1.992500000000000426e+01 5.449635994148237517e-01 5.441154072353289184e-01 5.441948852150519933e-01 5.396275827410845771e-01
1.997500000000000142e+01 5.385938199523502279e-01 5.378120147481790791e-01 5.377253011900970936e-01 5.347253107326144228e-01
