# r (Angstroms), cation-water g(r), anion-water g(r), water-water g(r), cation-anion g(r)
2.500000000000000139e-02 0.000000000000000000e+00 0.000000000000000000e+00 5.847213317647889198e+04 0.000000000000000000e+00
7.500000000000001110e-02 0.000000000000000000e+00 0.000000000000000000e+00 0.000000000000000000e+00 0.000000000000000000e+00
1.250000000000000000e-01 0.000000000000000000e+00 0.000000000000000000e+00 0.000000000000000000e+00 0.000000000000000000e+00
1.750000000000000167e-01 0.000000000000000000e+00 0.000000000000000000e+00 0.000000000000000000e+00 0.000000000000000000e+00
2.250000000000000056e-01 0.000000000000000000e+00 0.000000000000000000e+00 0.000000000000000000e+00 0.000000000000000000e+00
2.750000000000000222e-01 0.000000000000000000e+00 0.000000000000000000e+00 0.000000000000000000e+00 0.000000000000000000e+00
3.250000000000000666e-01 0.000000000000000000e+00 0.000000000000000000e+00 0.000000000000000000e+00 0.000000000000000000e+00
3.750000000000000000e-01 0.000000000000000000e+00 0.000000000000000000e+00 0.000000000000000000e+00 0.000000000000000000e+00
4.250000000000000444e-01 0.000000000000000000e+00 0.000000000000000000e+00 0.000000000000000000e+00 0.000000000000000000e+00
4.749999999999999778e-01 0.000000000000000000e+00 0.000000000000000000e+00 0.000000000000000000e+00 0.000000000000000000e+00
5.250000000000000222e-01 0.000000000000000000e+00 0.000000000000000000e+00 0.000000000000000000e+00 0.000000000000000000e+00
5.750000000000000666e-01 0.000000000000000000e+00 0.000000000000000000e+00 0.000000000000000000e+00 0.000000000000000000e+00
6.250000000000000000e-01 0.000000000000000000e+00 0.000000000000000000e+00 0.000000000000000000e+00 0.000000000000000000e+00
6.750000000000000444e-01 0.000000000000000000e+00 0.000000000000000000e+00 0.000000000000000000e+00 0.000000000000000000e+00
7.250000000000000888e-01 0.000000000000000000e+00 0.000000000000000000e+00 0.000000000000000000e+00 0.000000000000000000e+00
7.750000000000000222e-01 0.000000000000000000e+00 0.000000000000000000e+00 0.000000000000000000e+00 0.000000000000000000e+00
8.250000000000000666e-01 0.000000000000000000e+00 0.000000000000000000e+00 0.000000000000000000e+00 0.000000000000000000e+00
8.750000000000000000e-01 0.000000000000000000e+00 0.000000000000000000e+00 0.000000000000000000e+00 0.000000000000000000e+00
9.250000000000000444e-01 0.000000000000000000e+00 0.000000000000000000e+00 0.000000000000000000e+00 0.000000000000000000e+00
9.750000000000000888e-01 0.000000000000000000e+00 0.000000000000000000e+00 0.000000000000000000e+00 0.000000000000000000e+00
1.024999999999999911e+00 0.000000000000000000e+00 0.000000000000000000e+00 0.000000000000000000e+00 0.000000000000000000e+00
1.075000000000000178e+00 0.000000000000000000e+00 0.000000000000000000e+00 0.000000000000000000e+00 0.000000000000000000e+00
1.125000000000000000e+00 0.000000000000000000e+00 0.000000000000000000e+00 0.000000000000000000e+00 0.000000000000000000e+00
1.175000000000000266e+00 0.000000000000000000e+00 0.000000000000000000e+00 0.000000000000000000e+00 0.000000000000000000e+00
1.225000000000000089e+00 0.000000000000000000e+00 0.000000000000000000e+00 0.000000000000000000e+00 0.000000000000000000e+00
1.274999999999999911e+00 0.000000000000000000e+00 0.000000000000000000e+00 0.000000000000000000e+00 0.000000000000000000e+00
1.325000000000000178e+00 0.000000000000000000e+00 0.000000000000000000e+00 0.000000000000000000e+00 0.000000000000000000e+00
1.375000000000000000e+00 0.000000000000000000e+00 0.000000000000000000e+00 0.000000000000000000e+00 0.000000000000000000e+00
1.425000000000000266e+00 0.000000000000000000e+00 0.000000000000000000e+00 0.000000000000000000e+00 0.000000000000000000e+00
1.475000000000000089e+00 0.000000000000000000e+00 0.000000000000000000e+00 0.000000000000000000e+00 0.000000000000000000e+00
1.524999999999999911e+00 0.000000000000000000e+00 0.000000000000000000e+00 0.000000000000000000e+00 0.000000000000000000e+00
1.575000000000000178e+00 0.000000000000000000e+00 0.000000000000000000e+00 0.000000000000000000e+00 0.000000000000000000e+00
1.625000000000000000e+00 0.000000000000000000e+00 0.000000000000000000e+00 0.000000000000000000e+00 0.000000000000000000e+00
1.675000000000000266e+00 0.000000000000000000e+00 0.000000000000000000e+00 0.000000000000000000e+00 0.000000000000000000e+00
1.725000000000000089e+00 0.000000000000000000e+00 0.000000000000000000e+00 0.000000000000000000e+00 0.000000000000000000e+00
1.774999999999999911e+00 0.000000000000000000e+00 0.000000000000000000e+00 0.000000000000000000e+00 0.000000000000000000e+00
1.825000000000000178e+00 0.000000000000000000e+00 0.000000000000000000e+00 0.000000000000000000e+00 0.000000000000000000e+00
1.875000000000000000e+00 0.000000000000000000e+00 0.000000000000000000e+00 0.000000000000000000e+00 0.000000000000000000e+00
1.925000000000000266e+00 0.000000000000000000e+00 0.000000000000000000e+00 0.000000000000000000e+00 0.000000000000000000e+00
1.975000000000000089e+00 0.000000000000000000e+00 0.000000000000000000e+00 0.000000000000000000e+00 0.000000000000000000e+00
2.025000000000000355e+00 0.000000000000000000e+00 0.000000000000000000e+00 0.000000000000000000e+00 0.000000000000000000e+00
2.075000000000000178e+00 0.000000000000000000e+00 0.000000000000000000e+00 0.000000000000000000e+00 0.000000000000000000e+00
2.125000000000000000e+00 0.000000000000000000e+00 0.000000000000000000e+00 0.000000000000000000e+00 0.000000000000000000e+00
2.174999999999999822e+00 0.000000000000000000e+00 0.000000000000000000e+00 0.000000000000000000e+00 0.000000000000000000e+00
2.225000000000000089e+00 0.000000000000000000e+00 0.000000000000000000e+00 0.000000000000000000e+00 0.000000000000000000e+00
2.275000000000000355e+00 0.000000000000000000e+00 0.000000000000000000e+00 0.000000000000000000e+00 0.000000000000000000e+00
2.325000000000000178e+00 3.755631224609080410e-05 0.000000000000000000e+00 0.000000000000000000e+00 0.000000000000000000e+00
2.375000000000000000e+00 1.259709397830344104e-03 0.000000000000000000e+00 8.973539651598270046e-06 0.000000000000000000e+00
2.425000000000000266e+00 2.475288803123997655e-02 0.000000000000000000e+00 8.150762191461815350e-04 0.000000000000000000e+00
2.475000000000000089e+00 2.132198932765755617e-01 0.000000000000000000e+00 1.736899096358440753e-02 0.000000000000000000e+00
2.525000000000000355e+00 8.945225576401265588e-01 0.000000000000000000e+00 1.455512689828927786e-01 0.000000000000000000e+00
2.575000000000000178e+00 2.212674380401088214e+00 0.000000000000000000e+00 5.948626786973137959e-01 0.000000000000000000e+00
2.625000000000000000e+00 3.697741993494403356e+00 0.000000000000000000e+00 1.439843436540972466e+00 0.000000000000000000e+00
2.675000000000000266e+00 4.716965541851091182e+00 0.000000000000000000e+00 2.375324643285205983e+00 0.000000000000000000e+00
2.725000000000000089e+00 4.915206535945628730e+00 0.000000000000000000e+00 2.960143841706208256e+00 0.000000000000000000e+00
2.775000000000000355e+00 4.506283795063965592e+00 0.000000000000000000e+00 3.046447996796469049e+00 0.000000000000000000e+00
2.825000000000000178e+00 3.786342801890920207e+00 0.000000000000000000e+00 2.761846491696674732e+00 0.000000000000000000e+00
2.875000000000000000e+00 3.024162977332427893e+00 0.000000000000000000e+00 2.317280588157857757e+00 4.531639141667678089e-03
2.925000000000000266e+00 2.329899927641801760e+00 1.661044689571186694e-04 1.879133748165715767e+00 5.363098041452968312e-02
2.975000000000000089e+00 1.795163661558214718e+00 4.094488453155057175e-03 1.520432291803286207e+00 4.644749853046504229e-01
3.025000000000000355e+00 1.392634263874895639e+00 3.907008027216331281e-02 1.257468449309692593e+00 1.747870260625459471e+00
3.075000000000000178e+00 1.092149041816079524e+00 2.053563117630269608e-01 1.080965028995328536e+00 4.454527193324600454e+00
3.125000000000000000e+00 8.792450085565707285e-01 6.637656910801533749e-01 9.680513487519124549e-01 7.622284610646349101e+00
3.175000000000000266e+00 7.261103259090061490e-01 1.478029449251095695e+00 8.996578810454132213e-01 1.042265577024029533e+01
3.225000000000000089e+00 6.181462445805904204e-01 2.419295667587222809e+00 8.641018027103718468e-01 1.163979089692537627e+01
3.275000000000000355e+00 5.420250016679196703e-01 3.164123355321668107e+00 8.475360117660380999e-01 1.105136745403661003e+01
3.325000000000000178e+00 4.888991232242865248e-01 3.489595880960413066e+00 8.406352215928735161e-01 9.991374853218536245e+00
3.375000000000000000e+00 4.565369975929701174e-01 3.407625515403524208e+00 8.439464700926612162e-01 8.044282332341161634e+00
3.425000000000000266e+00 4.375158572011840774e-01 3.024449510490226700e+00 8.516952090177950518e-01 6.319153327472742276e+00
3.475000000000000089e+00 4.269580934674633843e-01 2.535395198535471017e+00 8.616375217212455251e-01 4.786199303090886481e+00
3.525000000000000355e+00 4.291466646299440524e-01 2.048166198677019878e+00 8.722324482138664736e-01 3.647554668493341090e+00
3.575000000000000178e+00 4.363919184996809530e-01 1.622173220631458079e+00 8.845664387734507583e-01 2.730018884653921507e+00
3.625000000000000000e+00 4.489864559782645870e-01 1.291224237005314635e+00 8.975526273234757380e-01 2.124325396257334742e+00
3.675000000000000266e+00 4.646996926800076588e-01 1.046425510111785862e+00 9.105299913478708262e-01 1.606521788012131413e+00
3.725000000000000089e+00 4.866630225145465172e-01 8.718717691210352561e-01 9.237372237287819754e-01 1.238394361686699030e+00
3.775000000000000355e+00 5.188185086794400158e-01 7.508069921100984923e-01 9.368311823381928471e-01 9.961870976498711228e-01
3.825000000000000178e+00 5.468755091966512882e-01 6.745660595735200049e-01 9.512266812023532081e-01 8.314230493737074790e-01
3.875000000000000000e+00 5.823392560055113965e-01 6.303509275225722686e-01 9.661020328394327450e-01 6.853781034210509882e-01
3.925000000000000266e+00 6.176288195664806357e-01 6.127791939108921948e-01 9.799359481633722613e-01 6.266938637182141170e-01
3.975000000000000089e+00 6.615829060416620333e-01 6.057673291989080777e-01 9.959324133572697857e-01 5.754680411827204356e-01
4.025000000000000355e+00 7.070732586092023375e-01 6.151473438487712331e-01 1.009715140634071195e+00 5.179080097088263335e-01
4.075000000000000178e+00 7.533059038214963143e-01 6.313269538510821732e-01 1.024685827309318453e+00 5.052767409418940092e-01
4.125000000000000000e+00 7.978127295281121079e-01 6.573738740038863604e-01 1.038440872678392468e+00 4.997060386251953590e-01
4.175000000000000711e+00 8.461864179953241250e-01 6.847482056413253249e-01 1.051480470306685344e+00 5.033886425095789319e-01
4.224999999999999645e+00 8.977015019729159828e-01 7.150631103571011282e-01 1.063256464366092002e+00 4.899709742256757039e-01
4.275000000000000355e+00 9.459726004081895345e-01 7.516124733840372496e-01 1.073450362831579685e+00 5.134196719654207097e-01
4.325000000000000178e+00 9.936892682233746665e-01 7.937738132942014913e-01 1.082922453004420582e+00 5.722043329020370939e-01
4.375000000000000000e+00 1.032010702132762248e+00 8.357529139012391806e-01 1.088045784578470565e+00 5.973609024882754470e-01
4.425000000000000711e+00 1.072881991930494161e+00 8.751346473890482258e-01 1.091935702277285536e+00 6.212407744756435202e-01
4.474999999999999645e+00 1.105119858785958975e+00 9.213674626967581771e-01 1.094792139590053059e+00 7.238729218958932510e-01
4.525000000000000355e+00 1.134925187251923928e+00 9.632573726446403972e-01 1.094383055383989944e+00 7.930297492217913691e-01
4.575000000000000178e+00 1.155837703965745922e+00 1.000705276527668719e+00 1.092273222638098229e+00 8.773503351833527031e-01
4.625000000000000000e+00 1.174641142202415445e+00 1.039335603157816701e+00 1.088346817363944341e+00 9.285278551812937708e-01
4.675000000000000711e+00 1.188696874448277541e+00 1.077788494201451508e+00 1.082828878521581384e+00 1.085299971983359590e+00
4.724999999999999645e+00 1.201938662170312755e+00 1.110852184096954964e+00 1.074491288344338269e+00 1.177799586041352820e+00
4.775000000000000355e+00 1.202654585087892247e+00 1.133103884214826440e+00 1.065900706719685509e+00 1.288796035340261881e+00
4.825000000000001066e+00 1.202890993858688029e+00 1.156266230299619391e+00 1.056620617180185073e+00 1.371632697529704403e+00
4.875000000000000000e+00 1.192630638760702411e+00 1.173033802702016626e+00 1.046058025833524141e+00 1.531593327674426019e+00
4.925000000000000711e+00 1.181214398123868303e+00 1.182591275599918612e+00 1.034124730326929420e+00 1.657011359376610038e+00
4.974999999999999645e+00 1.169086961531404123e+00 1.192829618680343984e+00 1.022752640391408230e+00 1.754024170935264193e+00
5.025000000000000355e+00 1.155296346680990460e+00 1.193278516100507725e+00 1.011094485770154705e+00 1.797172095141184700e+00
5.075000000000001066e+00 1.138225097273750874e+00 1.196319925884508306e+00 1.000394431205881007e+00 1.932819677445323236e+00
5.125000000000000000e+00 1.107969661316495547e+00 1.184523159423669814e+00 9.878536144883121040e-01 2.040752856775756019e+00
5.175000000000000711e+00 1.091731055720530197e+00 1.181788510395238356e+00 9.767628651012042473e-01 2.088576562869643549e+00
5.224999999999999645e+00 1.065214411876410638e+00 1.173188948868190362e+00 9.662673352986165254e-01 2.163017508950811685e+00
5.275000000000000355e+00 1.039721080267179021e+00 1.158667567925594444e+00 9.555703833420022830e-01 2.158216619808397851e+00
5.325000000000001066e+00 1.015035871563941594e+00 1.145803147382489007e+00 9.452653681079701276e-01 2.134389683489619660e+00
5.375000000000000000e+00 9.908003601606599764e-01 1.129651831261660577e+00 9.353162639700092207e-01 2.213173267157031443e+00
5.425000000000000711e+00 9.683061556487884136e-01 1.113353579976534613e+00 9.252581918302803521e-01 2.178611244163894511e+00
5.474999999999999645e+00 9.493126351937035690e-01 1.095078876295266346e+00 9.165603936727096945e-01 2.163680813736044595e+00
5.525000000000000355e+00 9.289760500927455311e-01 1.075863705973781004e+00 9.089466488594818427e-01 2.152612808211588291e+00
5.575000000000001066e+00 9.176525108122799423e-01 1.059065980768360449e+00 9.039477100157802258e-01 2.175336842276726301e+00
5.625000000000000000e+00 9.091912981717533704e-01 1.041762446344790094e+00 9.017392639604515647e-01 2.088890684406326415e+00
5.675000000000000711e+00 9.075729603330473516e-01 1.027265588270517283e+00 9.013670022222105560e-01 2.073470531839904041e+00
5.724999999999999645e+00 9.029887685526513108e-01 1.008542644222912177e+00 9.030420579508505741e-01 2.023696923552983584e+00
5.775000000000000355e+00 9.050163015600350969e-01 9.902321563330066523e-01 9.082190849100562069e-01 1.962131809422894113e+00
5.825000000000001066e+00 9.084151009229187723e-01 9.739248128705321195e-01 9.153056664888291616e-01 1.849659850841459452e+00
5.875000000000000000e+00 9.158849978806042902e-01 9.590826256634245039e-01 9.235253084226943132e-01 1.769203578682996936e+00
5.925000000000000711e+00 9.236626272476669008e-01 9.410728744643058752e-01 9.330984565374499384e-01 1.714662120123604749e+00
5.974999999999999645e+00 9.287865500709141520e-01 9.266938111176948878e-01 9.422090480987642680e-01 1.597951203944021570e+00
6.025000000000000355e+00 9.399868588969576555e-01 9.066342184471952725e-01 9.528997160454328874e-01 1.548064330512697762e+00
6.075000000000001066e+00 9.481306021085261770e-01 8.913976223168479374e-01 9.632818827059439482e-01 1.424236128497826437e+00
6.125000000000000000e+00 9.618776555793169258e-01 8.787950513069243685e-01 9.736388119823694565e-01 1.394338778169685877e+00
6.175000000000000711e+00 9.722802736423562520e-01 8.691389864064428261e-01 9.823486820858485791e-01 1.324697197792766623e+00
6.224999999999999645e+00 9.815055152237461833e-01 8.619863837773217297e-01 9.925613947222241551e-01 1.252754347766243948e+00
6.275000000000000355e+00 9.907862138210730141e-01 8.599208960632993559e-01 1.001561509009329054e+00 1.186256646881825194e+00
6.325000000000001066e+00 9.997813511350089888e-01 8.592311466485826887e-01 1.008496823306157752e+00 1.195899139987115278e+00
6.375000000000000000e+00 1.007022205486728605e+00 8.624136289462933647e-01 1.016899957400848820e+00 1.138503110792127959e+00
6.425000000000000711e+00 1.014175646773052497e+00 8.738352745923828602e-01 1.023128436901568517e+00 1.142175897478793667e+00
6.474999999999999645e+00 1.021906532500749032e+00 8.851755096359580355e-01 1.028932349402001734e+00 1.099588285490518125e+00
6.525000000000000355e+00 1.024931000251253943e+00 8.942882105385067115e-01 1.034002723219260789e+00 1.127890221847880570e+00
6.575000000000001066e+00 1.024866820963783454e+00 9.048938554903445119e-01 1.038144244373540248e+00 1.134412331669912177e+00
6.625000000000000000e+00 1.027312863041702329e+00 9.238072447147434030e-01 1.041659176851516433e+00 1.105619154742929267e+00
6.675000000000000711e+00 1.028187952557538143e+00 9.377690362074020403e-01 1.044393498629571981e+00 1.116230031795212074e+00
6.724999999999999645e+00 1.028506052036523677e+00 9.505394107791020897e-01 1.045724671942355855e+00 1.134893729200836532e+00
6.775000000000000355e+00 1.026716830842896222e+00 9.640727158746764669e-01 1.046592712423777494e+00 1.153294942162348402e+00
6.825000000000001066e+00 1.025514508529590252e+00 9.803755693159105222e-01 1.046058365155627223e+00 1.162794590450438870e+00
6.875000000000000000e+00 1.025404611398840871e+00 9.951524811060471487e-01 1.046087226144252869e+00 1.174868733898595030e+00
6.925000000000000711e+00 1.022333311228110109e+00 1.006840654354614228e+00 1.044188544092409243e+00 1.202681786765427585e+00
6.974999999999999645e+00 1.018820810659394560e+00 1.019060761985315144e+00 1.042735015164346191e+00 1.188773118475806578e+00
7.025000000000000355e+00 1.015468930698046446e+00 1.035277239324327025e+00 1.040742037431118261e+00 1.244966081490209486e+00
7.075000000000001066e+00 1.012174594825694829e+00 1.045329828664473881e+00 1.037800602420289042e+00 1.231360319099105149e+00
7.125000000000000000e+00 1.008948376665286473e+00 1.053547552590210268e+00 1.034024358399695753e+00 1.270031220674590511e+00
7.175000000000000711e+00 1.006610652066152856e+00 1.063939711308988345e+00 1.030327282068879580e+00 1.291864820423970217e+00
7.224999999999999645e+00 9.997778363952022351e-01 1.068689876923281767e+00 1.026297807973832965e+00 1.297008533197276714e+00
7.275000000000000355e+00 1.000131792258385222e+00 1.076389429537031761e+00 1.022278896838386464e+00 1.263494339022075197e+00
7.325000000000001066e+00 9.930593980846398328e-01 1.081320413591297491e+00 1.018431865979292583e+00 1.279464520420692031e+00
7.375000000000000000e+00 9.910357310571091816e-01 1.083850497634513355e+00 1.013873343886519063e+00 1.272160556185891078e+00
7.425000000000000711e+00 9.846161628243350616e-01 1.082909485648062775e+00 1.010319824275919043e+00 1.292623573460097930e+00
7.474999999999999645e+00 9.806245034508748182e-01 1.083331800181337012e+00 1.006145854011994967e+00 1.298851982103420788e+00
7.525000000000000355e+00 9.802513279647024902e-01 1.078954091020258410e+00 1.002391806745077441e+00 1.295044195922072650e+00
7.575000000000001066e+00 9.786720785230571540e-01 1.079915054730552493e+00 9.992411409094621444e-01 1.294324199039415868e+00
7.625000000000000000e+00 9.751205302792496088e-01 1.076426380274850159e+00 9.957567533532208914e-01 1.293350589190769506e+00
7.675000000000000711e+00 9.747645131646559546e-01 1.068881763597327561e+00 9.930921146342300831e-01 1.265266975169141883e+00
7.724999999999999645e+00 9.741012370872639270e-01 1.063278788623026383e+00 9.907736716750716877e-01 1.249882708895978300e+00
7.775000000000000355e+00 9.694214074569733608e-01 1.055287771302454658e+00 9.888812791191238238e-01 1.259883686051872287e+00
7.825000000000001066e+00 9.710180986538966552e-01 1.048850875161690066e+00 9.867051001812794375e-01 1.240622759428091193e+00
7.875000000000000000e+00 9.746192232891146556e-01 1.039666624130685113e+00 9.862036802320055529e-01 1.228542905257737905e+00
7.925000000000000711e+00 9.742057139336721683e-01 1.032946044887607107e+00 9.849446787985195462e-01 1.220246612046779422e+00
7.974999999999999645e+00 9.761312044073365835e-01 1.022869014416215361e+00 9.843296785200281729e-01 1.212797329892055576e+00
8.025000000000000355e+00 9.790350173567269332e-01 1.015419513226505810e+00 9.845502992717894974e-01 1.202675616363442002e+00
8.074999999999999289e+00 9.831342323905232217e-01 1.013033880169740497e+00 9.842692818682832190e-01 1.176338872228480881e+00
8.125000000000000000e+00 9.837219256370471898e-01 1.003708760313261061e+00 9.851052340797694651e-01 1.165026181128430816e+00
8.175000000000000711e+00 9.871942837277807303e-01 9.987989346075427655e-01 9.855930645186125050e-01 1.172257327126080773e+00
8.225000000000001421e+00 9.892748288208688123e-01 9.921558315880036893e-01 9.864967602551857340e-01 1.119012985722961595e+00
8.275000000000000355e+00 9.916200753607877783e-01 9.859853060477028475e-01 9.870785863374486047e-01 1.134112954883559565e+00
8.324999999999999289e+00 9.986668627061944248e-01 9.841840049496357601e-01 9.887927224645437496e-01 1.139177167073886832e+00
8.375000000000000000e+00 1.000993038819573577e+00 9.791149042604244679e-01 9.896161890545105422e-01 1.103853702808619497e+00
8.425000000000000711e+00 1.003046507467409088e+00 9.750246056335434286e-01 9.916265739982704774e-01 1.111899168291275330e+00
8.475000000000001421e+00 1.005126134589192866e+00 9.738186722606732015e-01 9.925535316560002430e-01 1.081347622697289124e+00
8.525000000000000355e+00 1.007204039854994626e+00 9.744972224397276950e-01 9.934749200335836194e-01 1.080554832610121085e+00
8.574999999999999289e+00 1.012561380874140715e+00 9.741343052452271500e-01 9.950670772133632935e-01 1.074740144285578181e+00
8.625000000000000000e+00 1.008993902210779448e+00 9.748291352310963775e-01 9.962176484504782215e-01 1.060804961693139425e+00
8.675000000000000711e+00 1.012664446572618226e+00 9.735588762486493408e-01 9.976071110095696692e-01 1.062175327837192818e+00
8.725000000000001421e+00 1.014734005921720916e+00 9.762340345443615286e-01 9.981337605890105991e-01 1.077345131097214193e+00
8.775000000000000355e+00 1.015770587676838144e+00 9.773376638897857127e-01 9.988740206476017791e-01 1.075075121569081027e+00
8.824999999999999289e+00 1.015291350565014517e+00 9.784292763370809887e-01 9.995119097979344724e-01 1.041043708386816924e+00
8.875000000000000000e+00 1.014447807086091169e+00 9.827851375171566817e-01 1.000321262123252009e+00 1.071671432243411326e+00
8.925000000000000711e+00 1.015448010756345054e+00 9.842448836429490422e-01 1.000504535269290729e+00 1.039947276314502345e+00
8.975000000000001421e+00 1.012107263469441465e+00 9.860081558300544113e-01 1.001012290156857665e+00 1.073964416966568081e+00
9.025000000000000355e+00 1.010941573265373705e+00 9.896785728160406581e-01 1.001219250350032786e+00 1.081987425669369118e+00
9.074999999999999289e+00 1.009318506860176656e+00 9.919660013011001309e-01 1.001273851662810355e+00 1.071120938223445007e+00
9.125000000000000000e+00 1.007837231622948471e+00 9.927139676366770749e-01 1.001213139279773845e+00 1.061101781885599227e+00
9.175000000000000711e+00 1.006522354190911184e+00 9.949869516781095768e-01 1.001305097398516253e+00 1.051570536871379025e+00
9.225000000000001421e+00 1.006171519586069873e+00 9.971023656182297357e-01 1.001268150117994749e+00 1.090380278187697005e+00
9.275000000000000355e+00 1.004298252639445277e+00 1.000580032385598228e+00 1.001051103718528790e+00 1.059606041407434862e+00
9.324999999999999289e+00 1.001888877627043595e+00 1.003502213976918522e+00 1.000960265979102370e+00 1.074873377331765800e+00
9.375000000000000000e+00 1.000155066508105373e+00 1.004025382665259869e+00 1.000346313215611183e+00 1.074199839315354454e+00
9.425000000000000711e+00 9.998528509880975079e-01 1.002435469741163931e+00 1.000588968870833595e+00 1.082018980892076376e+00
9.475000000000001421e+00 9.949603121344474665e-01 1.005943022763281514e+00 9.997858662976522037e-01 1.093264504972691675e+00
9.525000000000000355e+00 9.966964000412675828e-01 1.006368023714877102e+00 9.998393511669335654e-01 1.075520580534340409e+00
9.575000000000001066e+00 9.925047517830635213e-01 1.007421326896291935e+00 9.998760844368849154e-01 1.053388172573953119e+00
9.625000000000000000e+00 9.962246554084648320e-01 1.010149499794684713e+00 9.999588194321287205e-01 1.076133078392984777e+00
9.675000000000000711e+00 9.942439855003526450e-01 1.010616045910882610e+00 9.995640595358356029e-01 1.059836877326589821e+00
9.725000000000001421e+00 9.937625324560599438e-01 1.008335206091881098e+00 9.994883138926784483e-01 1.055402838198356674e+00
9.775000000000000355e+00 9.929233501774723525e-01 1.009497587579150313e+00 9.995662699352616531e-01 1.061686356355470373e+00
9.825000000000001066e+00 9.922106275623899796e-01 1.010009966725043506e+00 9.994815977661721806e-01 1.055176341938960594e+00
9.875000000000000000e+00 9.926324896923555130e-01 1.007503864066013222e+00 9.996460345597192321e-01 1.042693516523965691e+00
9.925000000000000711e+00 9.926441041409211907e-01 1.008041005014181257e+00 9.998993542183360894e-01 1.024894278965490457e+00
9.975000000000001421e+00 9.922546540137409110e-01 1.008554523032019201e+00 9.998318880609556869e-01 1.044291401785306439e+00
1.002500000000000036e+01 9.931740155740820253e-01 1.006469397449125003e+00 1.000158954729869487e+00 1.051324771592049512e+00
1.007500000000000107e+01 9.921291879337165165e-01 1.005849964991907486e+00 1.000229199512763900e+00 1.052170838313740253e+00
1.012500000000000000e+01 9.926012259823228101e-01 1.005652113941021941e+00 1.000513054769547994e+00 1.039338356953992903e+00
1.017500000000000071e+01 9.945417457768395142e-01 1.007236229283183793e+00 1.000635518649501510e+00 1.026887578016869584e+00
1.022500000000000142e+01 9.945007052131170644e-01 1.002522532168420799e+00 1.000949735434685905e+00 1.035678591626170819e+00
1.027500000000000036e+01 9.965411689968389775e-01 1.002044817689805134e+00 1.001248796635246796e+00 1.020745108295937120e+00
1.032500000000000107e+01 9.968872703260245327e-01 1.002723390813196946e+00 1.001405805135040517e+00 1.014923634530263019e+00
1.037500000000000000e+01 9.972426676519849931e-01 9.997644055713891253e-01 1.001935857388110529e+00 9.955081476563737430e-01
1.042500000000000071e+01 9.978003913541430014e-01 1.000291459757956192e+00 1.001993292299955929e+00 1.009763264000913985e+00
1.047500000000000142e+01 1.000769393477384916e+00 9.998396293815395852e-01 1.002212772352113257e+00 1.001426704313303384e+00
1.052500000000000036e+01 1.001441453659587699e+00 9.996178785826479452e-01 1.002192916289787128e+00 1.011039506602234628e+00
1.057500000000000107e+01 1.001509638644910050e+00 1.000089049871872193e+00 1.002374522934144530e+00 1.023273240192740019e+00
1.062500000000000000e+01 1.000237338902734141e+00 1.001133842583088240e+00 1.002647739327294563e+00 1.005867687743794425e+00
1.067500000000000071e+01 1.001722384306455993e+00 9.992299326346899546e-01 1.002461647333079187e+00 1.002219449364656789e+00
1.072500000000000142e+01 1.002502679328457047e+00 1.000148139537258896e+00 1.002720437164974499e+00 1.000630652517332964e+00
1.077500000000000036e+01 1.002581870245793816e+00 1.000366293129037132e+00 1.002672647571102083e+00 9.915269360824183753e-01
1.082500000000000107e+01 1.001580752936823471e+00 9.995865730370319113e-01 1.002811276392137962e+00 1.002287205459968522e+00
1.087500000000000000e+01 1.003386403265726923e+00 9.995410670775457529e-01 1.002606838301236536e+00 1.001643556138472002e+00
1.092500000000000071e+01 1.002016210068613189e+00 1.001424265298813676e+00 1.002690678241746625e+00 9.931238558435593333e-01
1.097500000000000142e+01 1.004036571399532285e+00 1.001316130381203928e+00 1.002119158511525665e+00 1.011306250527196582e+00
1.102500000000000036e+01 1.002571788941742037e+00 1.002476583338737681e+00 1.001723416625026841e+00 1.000690434361322545e+00
1.107500000000000107e+01 1.002903287365856322e+00 1.003229366952473667e+00 1.001892365736015256e+00 1.003890836773803530e+00
1.112500000000000000e+01 1.003017737240792240e+00 1.002058114151752388e+00 1.001619056525971940e+00 9.906502871092863760e-01
1.117500000000000071e+01 1.004015032289464315e+00 1.002672987894677403e+00 1.001326304206803242e+00 9.929033355204521794e-01
1.122500000000000142e+01 1.003283893918027525e+00 1.005239993058999026e+00 1.000925667995132384e+00 9.955229416734787673e-01
1.127500000000000036e+01 1.003406966359657204e+00 1.003482026545984285e+00 1.000662621306387390e+00 9.906171897170772400e-01
1.132500000000000107e+01 1.001913717682848759e+00 1.003358163778579337e+00 1.000164149575823780e+00 9.704991916633191051e-01
1.137500000000000000e+01 1.002271161527951149e+00 1.004636533268556953e+00 9.999988432418172035e-01 9.832638501363986094e-01
1.142500000000000071e+01 1.001376242052327337e+00 1.003614413114468418e+00 9.996266264915300015e-01 9.896703663156646291e-01
1.147500000000000142e+01 1.001233602987722016e+00 1.004525432972651844e+00 9.994533431075925956e-01 9.946480157169343972e-01
1.152500000000000036e+01 9.988959801939919503e-01 1.004824234692428986e+00 9.991876383367462866e-01 9.942145926820444846e-01
1.157500000000000107e+01 1.000398831386215992e+00 1.007463229851999653e+00 9.990409448967707551e-01 9.869718147076447234e-01
1.162500000000000000e+01 1.001001388374742840e+00 1.003501229004624129e+00 9.987400401689316976e-01 9.861916354123811956e-01
1.167500000000000071e+01 9.990725159879094708e-01 1.004564928903902032e+00 9.986139294047402526e-01 9.906786195843630960e-01
1.172500000000000142e+01 9.977056800305286188e-01 1.004854828474152528e+00 9.982917141858269616e-01 9.891952988709555861e-01
1.177500000000000036e+01 9.990231796965628464e-01 1.004836357620937148e+00 9.981643914174768151e-01 9.926317955674307525e-01
1.182500000000000107e+01 9.982471761099869223e-01 1.001312178944410380e+00 9.980168048247847201e-01 9.813085344982164226e-01
1.187500000000000000e+01 9.981456161091648571e-01 1.003224224633170847e+00 9.981651869225811602e-01 9.812967654414467278e-01
1.192500000000000071e+01 9.981184463467062118e-01 1.003092452608935981e+00 9.980856853564532560e-01 9.962647938264070913e-01
1.197500000000000142e+01 9.990706209176389851e-01 1.002653236904737843e+00 9.979178394462738799e-01 9.835873630283243907e-01
1.202500000000000036e+01 1.000791025457921535e+00 1.001070426404841784e+00 9.982380992328174774e-01 9.857865627971212907e-01
1.207500000000000107e+01 9.991180613894579121e-01 1.001701003112396515e+00 9.980942958087010153e-01 9.682626990662985822e-01
1.212500000000000000e+01 9.987291070836024076e-01 1.000130782722300715e+00 9.979769772208764156e-01 9.857085415969806252e-01
1.217500000000000071e+01 9.991469395521894725e-01 1.000402901201781880e+00 9.981441278182979771e-01 9.880528399211120361e-01
1.222500000000000142e+01 9.990239440366976975e-01 1.001183218180314860e+00 9.983007695876537912e-01 9.715281790825506247e-01
1.227500000000000036e+01 9.999854541183740286e-01 9.996331045983956054e-01 9.985763335552207964e-01 9.753137453540369206e-01
1.232500000000000107e+01 1.000476174152267417e+00 1.000601805782437292e+00 9.986586137731643387e-01 9.750606614802057592e-01
1.237500000000000000e+01 1.000375489995143807e+00 9.988005245576760949e-01 9.990178380424182825e-01 9.812004846532477176e-01
1.242500000000000071e+01 1.000533995549361954e+00 1.000520844748175486e+00 9.987218650405035314e-01 9.764736184686062526e-01
1.247500000000000142e+01 1.000865901868135177e+00 9.988836236561703386e-01 9.993062921067182858e-01 9.776276198184445931e-01
1.252500000000000036e+01 1.001290045980142374e+00 9.976042649357121928e-01 9.995714654128415866e-01 9.705541198434413097e-01
1.257500000000000107e+01 1.002212478439349130e+00 9.993917642037940530e-01 9.996568969303176733e-01 9.794328357840846877e-01
1.262500000000000000e+01 1.001610736907630805e+00 9.979595488863125530e-01 9.997424146440765380e-01 9.600575359932871367e-01
1.267500000000000071e+01 1.001403674330900273e+00 1.000040757849771866e+00 9.999858735830646772e-01 9.682943448867047387e-01
1.272500000000000142e+01 1.001435364934930350e+00 9.989058165226543107e-01 1.000109574843766724e+00 9.690855125603149434e-01
1.277500000000000036e+01 1.000601772816932744e+00 9.968050599830866609e-01 1.000154034397814140e+00 9.790154326232544113e-01
1.282500000000000107e+01 1.001722550201870954e+00 9.993958434510153976e-01 1.000268942613711909e+00 9.780009417060452348e-01
1.287500000000000000e+01 1.002090921403500090e+00 9.976995486935976709e-01 1.000450426680478344e+00 9.680469131673257177e-01
1.292500000000000071e+01 1.002308775864648505e+00 9.994163588676059362e-01 1.000492855596863295e+00 9.737447908049366996e-01
1.297500000000000142e+01 1.003079006853574873e+00 9.983323764977257708e-01 1.000632494587221810e+00 9.739306746159590578e-01
1.302500000000000036e+01 1.000947153545000967e+00 9.999443090047990257e-01 1.001074794702457416e+00 9.812607946511774371e-01
1.307500000000000107e+01 1.002537406523730468e+00 9.990696825559516325e-01 1.000819921190368111e+00 9.811104054435434429e-01
1.312500000000000000e+01 1.000851687527715583e+00 1.000231772466660507e+00 1.000872607513134449e+00 9.764762678705770638e-01
1.317500000000000071e+01 1.001406542492297103e+00 1.000881969084149947e+00 1.001106261448161172e+00 9.757144340715255826e-01
1.322500000000000142e+01 1.000529140590977528e+00 1.001060202084751438e+00 1.000919147206850157e+00 9.723661950625570594e-01
1.327500000000000036e+01 1.001236158755088423e+00 1.000789734557222532e+00 1.000997699000407026e+00 9.651083444920527388e-01
1.332500000000000107e+01 1.000461397679256237e+00 1.001268089523440263e+00 1.000897033183164364e+00 9.718554245419744886e-01
1.337500000000000000e+01 1.001706225767853731e+00 1.000927684529422823e+00 1.000799959096173364e+00 9.699945728239113274e-01
1.342500000000000071e+01 1.000617507624330882e+00 1.002881696017253743e+00 1.000709885130922627e+00 9.675109335723635073e-01
1.347500000000000142e+01 9.999858262193400682e-01 1.001686483337160150e+00 1.000689023813183143e+00 9.616335483534177442e-01
1.352500000000000036e+01 1.000979829681401867e+00 1.001520889360875577e+00 1.000669667248341277e+00 9.725052460832154244e-01
1.357500000000000107e+01 1.000860675022851254e+00 1.001249576981961376e+00 1.000553866527183811e+00 9.704869362489729756e-01
1.362500000000000000e+01 1.000826216329566032e+00 1.002672817679605588e+00 1.000584792874756657e+00 9.592407757993599571e-01
1.367500000000000071e+01 9.991739354267361595e-01 1.001175876804075049e+00 1.000355768595182049e+00 9.614028981698666820e-01
1.372500000000000142e+01 1.001428143608241061e+00 1.002909519084214329e+00 1.000437545745986645e+00 9.679821449571796022e-01
1.377500000000000036e+01 1.000240184094171036e+00 1.001814074811304023e+00 1.000281256686434750e+00 9.580560878176885842e-01
1.382500000000000107e+01 9.999274805980601366e-01 1.001612694046081442e+00 1.000361432376948301e+00 9.606437636153124515e-01
1.387500000000000000e+01 9.993075073630651728e-01 1.003464130688443090e+00 1.000215448482191460e+00 9.575267990950026009e-01
1.392500000000000071e+01 9.998166014597786866e-01 1.001919539876449550e+00 1.000187044859865537e+00 9.675173624847867027e-01
1.397500000000000142e+01 9.999430335695230765e-01 1.003422376285963535e+00 1.000229381956905916e+00 9.629560455896031268e-01
1.402500000000000036e+01 1.000031929871946001e+00 1.001514601658486381e+00 1.000027404111689444e+00 9.587207098313406117e-01
1.407500000000000107e+01 9.995972890989550663e-01 1.002788071583241791e+00 1.000112259245493407e+00 9.647787143119764819e-01
1.412500000000000000e+01 9.998234730790522828e-01 1.001966494901130211e+00 1.000006419481637154e+00 9.660334833452558501e-01
1.417500000000000071e+01 1.000306028532172320e+00 1.002906326880983023e+00 9.999698019050876630e-01 9.607218287312804250e-01
1.422500000000000142e+01 1.000226850112153176e+00 1.003226283030834054e+00 9.998628846419094218e-01 9.666139125459037862e-01
1.427500000000000036e+01 9.996395317446826745e-01 1.001902641706662989e+00 9.999533885072597883e-01 9.541560279484830875e-01
1.432500000000000107e+01 1.001178494351665726e+00 1.001960586210472792e+00 1.000078348934724248e+00 9.562230529229852616e-01
1.437500000000000000e+01 9.977702373209847986e-01 1.000864107661449509e+00 9.999581519653067962e-01 9.634044756497978090e-01
1.442500000000000071e+01 1.001214464037420315e+00 1.002186742840325495e+00 1.000040668782959052e+00 9.569173588430966992e-01
1.447500000000000142e+01 9.998152223567770003e-01 1.001540948728701919e+00 9.996655593044363464e-01 9.611784762670935178e-01
1.452500000000000036e+01 1.000148447067645163e+00 1.000909630567550224e+00 1.000061392339480104e+00 9.523531481023715939e-01
1.457500000000000107e+01 1.001519195687233132e+00 1.001750000667309015e+00 9.998320532022128004e-01 9.595838900215621914e-01
1.462500000000000000e+01 1.001180597949404394e+00 1.001342909538958992e+00 9.998393093421380495e-01 9.601702256017260462e-01
1.467500000000000071e+01 1.001397479024372927e+00 1.001267381797455558e+00 9.998735017339011044e-01 9.629874511939320314e-01
1.472500000000000142e+01 1.001133269863292208e+00 1.001933374221237960e+00 9.998637523233427915e-01 9.350371123427513309e-01
1.477500000000000036e+01 1.001160785095604355e+00 1.001519306081368743e+00 9.999091026531550241e-01 9.513260193185345548e-01
1.482500000000000107e+01 1.000404905464495675e+00 1.001111114495536691e+00 9.998659670406732092e-01 9.447067672942870420e-01
1.487500000000000000e+01 1.001550564239215735e+00 1.000414174650321009e+00 1.000004198719400383e+00 9.437837111565756665e-01
1.492500000000000071e+01 1.001540589981813723e+00 1.001044324131085128e+00 9.997722051651460884e-01 9.559679819595232608e-01
1.497500000000000142e+01 1.000827602285295104e+00 1.001800842378627987e+00 9.998447812943399571e-01 9.371925251176416172e-01
1.502500000000000036e+01 1.000169806008750939e+00 1.000609125830746793e+00 9.999622473686984314e-01 9.513741666703176003e-01
1.507500000000000107e+01 1.000785152786872301e+00 1.001558363077664993e+00 9.997373455236483464e-01 9.526145090178191888e-01
1.512500000000000000e+01 1.001846644559790001e+00 1.000838476899242213e+00 9.997296389415187834e-01 9.518118870474502335e-01
1.517500000000000071e+01 1.001630218928377225e+00 1.000902871765417368e+00 1.000040164082886873e+00 9.568142826661477640e-01
1.522500000000000142e+01 1.002319483099516573e+00 1.001388014767564227e+00 1.000136096254900187e+00 9.593470214744218572e-01
1.527500000000000036e+01 1.001803601337800442e+00 1.002020698085504202e+00 1.000032583486641036e+00 9.513911478924301779e-01
1.532500000000000107e+01 1.001604622006668333e+00 1.001900266876601941e+00 9.998222499339667335e-01 9.468678545360760257e-01
1.537500000000000000e+01 1.002020006264922047e+00 9.998509923695431123e-01 1.000019129382091254e+00 9.519302138833071192e-01
1.542500000000000071e+01 1.002468268579343125e+00 1.000471578202782430e+00 9.998868202803966598e-01 9.487994284700899117e-01
1.547500000000000142e+01 1.000610565398394769e+00 1.000875920986224354e+00 9.999146827356630851e-01 9.595319520067455699e-01
1.552500000000000036e+01 1.001394977813285125e+00 1.000923694469785019e+00 9.999082137799301107e-01 9.521180715447284948e-01
1.557500000000000107e+01 1.000588671996334389e+00 1.001916042896409120e+00 9.999123634199162947e-01 9.440073950557752447e-01
1.562500000000000000e+01 1.000923071547259458e+00 1.000416638004112846e+00 1.000134260643046114e+00 9.550825200707703244e-01
1.567500000000000071e+01 1.000641642461947756e+00 1.000525549350759658e+00 9.999968352417945017e-01 9.453404204047987092e-01
1.572500000000000142e+01 1.001599738120006799e+00 1.001798019098758763e+00 9.999265958569021340e-01 9.463064393434827970e-01
1.577500000000000036e+01 1.001728522344301764e+00 1.001385868361604592e+00 1.000009404451824180e+00 9.657179343109419944e-01
1.582500000000000107e+01 1.001126730737111670e+00 1.001039986312214358e+00 9.996639492378512903e-01 9.533430170630057265e-01
1.587500000000000000e+01 1.000710408523235007e+00 1.000910599343549867e+00 9.998991408265188729e-01 9.538126878762532845e-01
1.592500000000000071e+01 1.000416061896914011e+00 1.001136153127358819e+00 9.998374926839403987e-01 9.667753129157471426e-01
1.597500000000000142e+01 1.001219945837087844e+00 1.001463381908833217e+00 1.000062659712106949e+00 9.496512757629845813e-01
1.602499999999999858e+01 1.000235675382795009e+00 1.000551909815497797e+00 9.997922390775527690e-01 9.574091332177054881e-01
1.607500000000000284e+01 1.001248910194959096e+00 1.000803824953376386e+00 9.998523164122001816e-01 9.508464439165862370e-01
1.612500000000000000e+01 1.000782349533382964e+00 9.995990308022401072e-01 9.989732173132704895e-01 9.463274347936947439e-01
1.617500000000000071e+01 9.974650031081251367e-01 9.972442336766417226e-01 9.963727779401544415e-01 9.511163233465098621e-01
1.622500000000000142e+01 9.911675203326378858e-01 9.903947622434408071e-01 9.904918654008202372e-01 9.429511174018939679e-01
1.627499999999999858e+01 9.827926696551692043e-01 9.842382590230213113e-01 9.824049065000023395e-01 9.437420197527357502e-01
1.632500000000000284e+01 9.736240783402327903e-01 9.750524464509627842e-01 9.732197203601700153e-01 9.204712633055861515e-01
1.637500000000000000e+01 9.660981041515034340e-01 9.655540909851239029e-01 9.645454711452113861e-01 9.165349839410605881e-01
1.642500000000000071e+01 9.576616289840733653e-01 9.569241314425825928e-01 9.552844852714015289e-01 9.057219535961275048e-01
1.647500000000000142e+01 9.474000046757993232e-01 9.466090077616668985e-01 9.463013699784478261e-01 8.967826535646002961e-01
1.652499999999999858e+01 9.384046630138676015e-01 9.386072580647837338e-01 9.373853360435363546e-01 8.909868266794011005e-01
1.657500000000000284e+01 9.291479583743309512e-01 9.296138911702166441e-01 9.287226960284853394e-01 8.813587168689609452e-01
1.662500000000000000e+01 9.209583818087078155e-01 9.197706128323404062e-01 9.198427750037103667e-01 8.815540358350674177e-01
1.667500000000000071e+01 9.120627062898495341e-01 9.106626388520036031e-01 9.110888292678133160e-01 8.601433866879590884e-01
1.672500000000000142e+01 9.040257637823477799e-01 9.047722422978295986e-01 9.023579869202148496e-01 8.581215991164627965e-01
1.677499999999999858e+01 8.943580408595582787e-01 8.954680274045989652e-01 8.938110595568936612e-01 8.428306942220203934e-01
1.682500000000000284e+01 8.853528129046596140e-01 8.861732799690912321e-01 8.851499934836494221e-01 8.381595509445148862e-01
1.687500000000000000e+01 8.767029556095640164e-01 8.780329596664400160e-01 8.765489134876447430e-01 8.371462073709312612e-01
1.692500000000000071e+01 8.689572410962010940e-01 8.691705723167197917e-01 8.681599308091039191e-01 8.241653923521228275e-01
1.697500000000000142e+01 8.593090001090709640e-01 8.602140235370228094e-01 8.596456645357325455e-01 8.181149335413747670e-01
1.702499999999999858e+01 8.516350738858875502e-01 8.531445224347087297e-01 8.512708355106580749e-01 8.038827409607146590e-01
1.707500000000000284e+01 8.429018198893226677e-01 8.439633963665277294e-01 8.428805417670029998e-01 8.048346065908701386e-01
1.712500000000000000e+01 8.354660032407217329e-01 8.359765624906798642e-01 8.344008356089150924e-01 7.889975829089769244e-01
1.717500000000000071e+01 8.266635568384286259e-01 8.281123416855303843e-01 8.262566410554966767e-01 7.840294493535756581e-01
1.722500000000000142e+01 8.187315497652225549e-01 8.186867301496757454e-01 8.182385988977657343e-01 7.694476781225646489e-01
1.727499999999999858e+01 8.103831436790064346e-01 8.111134603703664681e-01 8.099273547431294906e-01 7.713700478210135936e-01
1.732500000000000284e+01 8.016556962085903404e-01 8.031312465208846341e-01 8.018330082036543294e-01 7.590308760681482303e-01
1.737500000000000000e+01 7.939102466207696995e-01 7.947145628770828640e-01 7.939081425359749700e-01 7.533348116328193456e-01
1.742500000000000071e+01 7.868234326644434340e-01 7.864757339658565716e-01 7.857325778293668961e-01 7.339053623678821747e-01
1.747500000000000142e+01 7.790752926956764357e-01 7.781791011964461768e-01 7.778653147184325656e-01 7.376539432177596778e-01
1.752499999999999858e+01 7.702623429625709006e-01 7.706259162228448201e-01 7.698424503322233159e-01 7.239072480593652381e-01
1.757500000000000284e+01 7.629688272330334975e-01 7.633776593610389627e-01 7.619719713911203840e-01 7.185208217536487307e-01
1.762500000000000000e+01 7.556583088166221041e-01 7.555831491420860191e-01 7.542427413930185010e-01 7.173137218601707277e-01
1.767500000000000071e+01 7.468211283143098012e-01 7.477533667636870884e-01 7.463424832425151756e-01 7.031894282219091075e-01
1.772500000000000142e+01 7.384504967884063520e-01 7.396227194151685502e-01 7.385370029466131747e-01 7.025959287980040324e-01
1.777499999999999858e+01 7.309952012537630495e-01 7.313412296943049284e-01 7.307418111917629577e-01 6.854890877861737897e-01
1.782500000000000284e+01 7.241795499086505217e-01 7.234734786893476377e-01 7.231725899575196514e-01 6.809414736804385582e-01
1.787500000000000000e+01 7.168154423173376255e-01 7.161711378183275301e-01 7.156251219305194144e-01 6.743237512302542314e-01
1.792500000000000071e+01 7.085048075981379423e-01 7.086877336457196863e-01 7.079386042576619742e-01 6.694595744729912035e-01
1.797500000000000142e+01 7.011761722275906550e-01 7.012129312015851212e-01 7.003726336402706920e-01 6.705225653432945743e-01
1.802499999999999858e+01 6.926668325531505355e-01 6.941343569580935569e-01 6.928763637431681888e-01 6.568928398508567801e-01
1.807500000000000284e+01 6.863545645455618738e-01 6.864431176046326133e-01 6.855488255953959831e-01 6.517444558671063870e-01
1.812500000000000000e+01 6.784821476402106422e-01 6.785943148499432587e-01 6.781492217087556895e-01 6.451890348880472414e-01
1.817500000000000071e+01 6.715355438736339000e-01 6.720871523577862661e-01 6.707740850689530854e-01 6.275831032838806722e-01
1.822500000000000142e+01 6.637129360735405381e-01 6.639727121641084695e-01 6.633827375960675843e-01 6.255821610479189721e-01
1.827499999999999858e+01 6.570034488817780849e-01 6.568958509763291875e-01 6.560847563739764521e-01 6.222197663926837263e-01
1.832500000000000284e+01 6.499735978701354222e-01 6.492985787346879922e-01 6.488065718979099117e-01 6.141718888295708556e-01
1.837500000000000000e+01 6.415706178233263612e-01 6.426565641873323020e-01 6.416098147097059057e-01 6.072007310846192496e-01
1.842500000000000071e+01 6.352824901858331597e-01 6.351129458065415401e-01 6.345340000036995276e-01 6.002133417036067398e-01
1.847500000000000142e+01 6.277428804145921415e-01 6.282419239046501680e-01 6.272664613706733228e-01 5.945820650481039582e-01
1.852499999999999858e+01 6.207604169226978996e-01 6.208388040545960163e-01 6.203114783429011236e-01 5.873109268889036283e-01
1.857500000000000284e+01 6.135403116902254927e-01 6.128577440811787680e-01 6.131833135540898372e-01 5.754682644820463544e-01
1.862500000000000000e+01 6.064428232236510619e-01 6.073198432626505383e-01 6.061838591931028031e-01 5.797793802411800312e-01
1.867500000000000071e+01 5.998764094372301958e-01 5.996665495758339848e-01 5.992529856602739624e-01 5.750947540569272265e-01
1.872500000000000142e+01 5.939547627793969609e-01 5.934570857875752781e-01 5.922050383390805584e-01 5.631606008267401320e-01
1.877499999999999858e+01 5.867341187842061156e-01 5.855614827956571178e-01 5.853978339236280970e-01 5.599259811891644789e-01
1.882500000000000284e+01 5.793786146054107355e-01 5.787742099127070050e-01 5.785401370998072279e-01 5.532560862405088153e-01
1.887500000000000000e+01 5.728113105975783936e-01 5.722109586022078309e-01 5.715552317077797762e-01 5.460180740315271342e-01
1.892500000000000071e+01 5.653169146914339693e-01 5.652588118422368080e-01 5.649007909109415859e-01 5.318153787014280320e-01
1.897500000000000142e+01 5.591663970747607904e-01 5.582300849387062947e-01 5.580447378480476450e-01 5.350503684142104976e-01
1.902499999999999858e+01 5.520635587034007363e-01 5.513980346525244602e-01 5.514479856095393373e-01 5.290076937411366531e-01
1.907500000000000284e+01 5.460434875406006139e-01 5.449861212386104548e-01 5.447599334155927009e-01 5.196236978970624198e-01
1.912500000000000000e+01 5.391182054418818259e-01 5.390213469083693365e-01 5.381159545441457359e-01 5.134539550575263345e-01
1.917500000000000426e+01 5.316383748118294061e-01 5.317540549048102028e-01 5.313976748337400080e-01 5.099392465352837744e-01
1.922500000000000142e+01 5.250306722678136362e-01 5.256008496750771419e-01 5.248185858983877017e-01 5.016908198955083442e-01
1.927499999999999858e+01 5.193444128464027587e-01 5.189312908002899905e-01 5.182710462024574527e-01 4.900930768591354458e-01
1.932500000000000284e+01 5.117655908321857572e-01 5.118009270206241856e-01 5.118916085049964870e-01 4.874098511341511952e-01
1.937500000000000000e+01 5.062460798176403598e-01 5.051333191316900173e-01 5.052619021727533521e-01 4.786609722662943378e-01
1.942500000000000426e+01 4.994542832916846753e-01 4.987491676909261429e-01 4.988516867861553794e-01 4.802204460851094980e-01
1.947500000000000142e+01 4.925849581703655167e-01 4.925688994226066764e-01 4.924392050879519145e-01 4.737085692943814874e-01
1.952499999999999858e+01 4.868899970800025789e-01 4.862253702701492819e-01 4.860942848878531675e-01 4.684115211425515235e-01
1.957500000000000284e+01 4.801851928462338992e-01 4.800866432703319031e-01 4.798215936733376541e-01 4.575903183067764335e-01
1.962500000000000000e+01 4.738303918591030839e-01 4.739827353384129527e-01 4.734408939208444300e-01 4.530247005619333356e-01
1.967500000000000426e+01 4.671476363233717510e-01 4.682222635402186750e-01 4.671173595289895841e-01 4.428872319879415542e-01
1.972500000000000142e+01 4.619570035589050105e-01 4.614565889913908592e-01 4.608425339580931590e-01 4.331354204284812992e-01
1.977499999999999858e+01 4.550894324584576767e-01 4.546961586585108739e-01 4.547009986483928068e-01 4.377727304107993933e-01
1.982500000000000284e+01 4.489109888704428397e-01 4.489758168813735573e-01 4.485121796077642942e-01 4.278952844863344041e-01
1.987500000000000000e+01 4.425658201185183604e-01 4.423067832234564567e-01 4.422801038551160691e-01 4.185382849889370260e-01
1.992500000000000426e+01 4.366647045546629413e-01 4.369083799110871635e-01 4.361244690614680120e-01 4.158742489936004261e-01
1.997500000000000142e+01 4.309613070971123339e-01 4.307911038221040045e-01 4.299865301520848226e-01 4.104152403797104998e-01
