# r (Angstroms), cation-water g(r), anion-water g(r), water-water g(r), cation-anion g(r)
2.500000000000000139e-02 0.000000000000000000e+00 0.000000000000000000e+00 5.748945472920250904e+04 0.000000000000000000e+00
7.500000000000001110e-02 0.000000000000000000e+00 0.000000000000000000e+00 0.000000000000000000e+00 0.000000000000000000e+00
1.250000000000000000e-01 0.000000000000000000e+00 0.000000000000000000e+00 0.000000000000000000e+00 0.000000000000000000e+00
1.750000000000000167e-01 0.000000000000000000e+00 0.000000000000000000e+00 0.000000000000000000e+00 0.000000000000000000e+00
2.250000000000000056e-01 0.000000000000000000e+00 0.000000000000000000e+00 0.000000000000000000e+00 0.000000000000000000e+00
2.750000000000000222e-01 0.000000000000000000e+00 0.000000000000000000e+00 0.000000000000000000e+00 0.000000000000000000e+00
3.250000000000000666e-01 0.000000000000000000e+00 0.000000000000000000e+00 0.000000000000000000e+00 0.000000000000000000e+00
3.750000000000000000e-01 0.000000000000000000e+00 0.000000000000000000e+00 0.000000000000000000e+00 0.000000000000000000e+00
4.250000000000000444e-01 0.000000000000000000e+00 0.000000000000000000e+00 0.000000000000000000e+00 0.000000000000000000e+00
4.749999999999999778e-01 0.000000000000000000e+00 0.000000000000000000e+00 0.000000000000000000e+00 0.000000000000000000e+00
5.250000000000000222e-01 0.000000000000000000e+00 0.000000000000000000e+00 0.000000000000000000e+00 0.000000000000000000e+00
5.750000000000000666e-01 0.000000000000000000e+00 0.000000000000000000e+00 0.000000000000000000e+00 0.000000000000000000e+00
6.250000000000000000e-01 0.000000000000000000e+00 0.000000000000000000e+00 0.000000000000000000e+00 0.000000000000000000e+00
6.750000000000000444e-01 0.000000000000000000e+00 0.000000000000000000e+00 0.000000000000000000e+00 0.000000000000000000e+00
7.250000000000000888e-01 0.000000000000000000e+00 0.000000000000000000e+00 0.000000000000000000e+00 0.000000000000000000e+00
7.750000000000000222e-01 0.000000000000000000e+00 0.000000000000000000e+00 0.000000000000000000e+00 0.000000000000000000e+00
8.250000000000000666e-01 0.000000000000000000e+00 0.000000000000000000e+00 0.000000000000000000e+00 0.000000000000000000e+00
8.750000000000000000e-01 0.000000000000000000e+00 0.000000000000000000e+00 0.000000000000000000e+00 0.000000000000000000e+00
9.250000000000000444e-01 0.000000000000000000e+00 0.000000000000000000e+00 0.000000000000000000e+00 0.000000000000000000e+00
9.750000000000000888e-01 0.000000000000000000e+00 0.000000000000000000e+00 0.000000000000000000e+00 0.000000000000000000e+00
1.024999999999999911e+00 0.000000000000000000e+00 0.000000000000000000e+00 0.000000000000000000e+00 0.000000000000000000e+00
1.075000000000000178e+00 0.000000000000000000e+00 0.000000000000000000e+00 0.000000000000000000e+00 0.000000000000000000e+00
1.125000000000000000e+00 0.000000000000000000e+00 0.000000000000000000e+00 0.000000000000000000e+00 0.000000000000000000e+00
1.175000000000000266e+00 0.000000000000000000e+00 0.000000000000000000e+00 0.000000000000000000e+00 0.000000000000000000e+00
1.225000000000000089e+00 0.000000000000000000e+00 0.000000000000000000e+00 0.000000000000000000e+00 0.000000000000000000e+00
1.274999999999999911e+00 0.000000000000000000e+00 0.000000000000000000e+00 0.000000000000000000e+00 0.000000000000000000e+00
1.325000000000000178e+00 0.000000000000000000e+00 0.000000000000000000e+00 0.000000000000000000e+00 0.000000000000000000e+00
1.375000000000000000e+00 0.000000000000000000e+00 0.000000000000000000e+00 0.000000000000000000e+00 0.000000000000000000e+00
1.425000000000000266e+00 0.000000000000000000e+00 0.000000000000000000e+00 0.000000000000000000e+00 0.000000000000000000e+00
1.475000000000000089e+00 0.000000000000000000e+00 0.000000000000000000e+00 0.000000000000000000e+00 0.000000000000000000e+00
1.524999999999999911e+00 0.000000000000000000e+00 0.000000000000000000e+00 0.000000000000000000e+00 0.000000000000000000e+00
1.575000000000000178e+00 0.000000000000000000e+00 0.000000000000000000e+00 0.000000000000000000e+00 0.000000000000000000e+00
1.625000000000000000e+00 0.000000000000000000e+00 0.000000000000000000e+00 0.000000000000000000e+00 0.000000000000000000e+00
1.675000000000000266e+00 0.000000000000000000e+00 0.000000000000000000e+00 0.000000000000000000e+00 0.000000000000000000e+00
1.725000000000000089e+00 0.000000000000000000e+00 0.000000000000000000e+00 0.000000000000000000e+00 0.000000000000000000e+00
1.774999999999999911e+00 0.000000000000000000e+00 0.000000000000000000e+00 0.000000000000000000e+00 0.000000000000000000e+00
1.825000000000000178e+00 0.000000000000000000e+00 0.000000000000000000e+00 0.000000000000000000e+00 0.000000000000000000e+00
1.875000000000000000e+00 0.000000000000000000e+00 0.000000000000000000e+00 0.000000000000000000e+00 0.000000000000000000e+00
1.925000000000000266e+00 0.000000000000000000e+00 0.000000000000000000e+00 0.000000000000000000e+00 0.000000000000000000e+00
1.975000000000000089e+00 0.000000000000000000e+00 0.000000000000000000e+00 0.000000000000000000e+00 0.000000000000000000e+00
2.025000000000000355e+00 0.000000000000000000e+00 0.000000000000000000e+00 0.000000000000000000e+00 0.000000000000000000e+00
2.075000000000000178e+00 3.894098342378083267e-03 0.000000000000000000e+00 0.000000000000000000e+00 0.000000000000000000e+00
2.125000000000000000e+00 7.611672370712035951e-02 0.000000000000000000e+00 0.000000000000000000e+00 0.000000000000000000e+00
2.174999999999999822e+00 7.207520957565218822e-01 0.000000000000000000e+00 0.000000000000000000e+00 0.000000000000000000e+00
2.225000000000000089e+00 2.820454453660435679e+00 0.000000000000000000e+00 0.000000000000000000e+00 0.000000000000000000e+00
2.275000000000000355e+00 5.895738200834727216e+00 0.000000000000000000e+00 0.000000000000000000e+00 0.000000000000000000e+00
2.325000000000000178e+00 7.877240878816175851e+00 0.000000000000000000e+00 0.000000000000000000e+00 0.000000000000000000e+00
2.375000000000000000e+00 7.811287357376363261e+00 0.000000000000000000e+00 1.019140508709065951e-05 0.000000000000000000e+00
2.425000000000000266e+00 6.452636911511178575e+00 0.000000000000000000e+00 7.901853054116705606e-04 0.000000000000000000e+00
2.475000000000000089e+00 4.643187757756185974e+00 0.000000000000000000e+00 1.766518955174122690e-02 0.000000000000000000e+00
2.525000000000000355e+00 3.167438738628998607e+00 0.000000000000000000e+00 1.472654262648517842e-01 0.000000000000000000e+00
2.575000000000000178e+00 2.071541011176952995e+00 0.000000000000000000e+00 6.022203984788420117e-01 0.000000000000000000e+00
2.625000000000000000e+00 1.349254686406439641e+00 0.000000000000000000e+00 1.459728455149826853e+00 6.952233344874092502e-01
2.675000000000000266e+00 8.830405860072257918e-01 0.000000000000000000e+00 2.409515490203421706e+00 3.012647943163393460e+00
2.725000000000000089e+00 6.073950005984936062e-01 0.000000000000000000e+00 3.005816252340416828e+00 6.935205795468725398e+00
2.775000000000000355e+00 4.182049538330444016e-01 0.000000000000000000e+00 3.097180163931176011e+00 1.010908218636961031e+01
2.825000000000000178e+00 3.134918779826381674e-01 0.000000000000000000e+00 2.804851300172755302e+00 1.410638416963522346e+01
2.875000000000000000e+00 2.322645732901718052e-01 1.448936826513860180e-04 2.350278696907528886e+00 1.231596302536781096e+01
2.925000000000000266e+00 1.902362321554274260e-01 1.399825107839789719e-04 1.896413064845955176e+00 1.315835601369402319e+01
2.975000000000000089e+00 1.514195735210610017e-01 3.653555393269568123e-03 1.524605661744099727e+00 9.336863782800007172e+00
3.025000000000000355e+00 1.358541166443335835e-01 3.285104362016159213e-02 1.251760616044800711e+00 6.151390638038225056e+00
3.075000000000000178e+00 1.228592954148706173e-01 2.157003918469326265e-01 1.065239234965094095e+00 4.053090158016349420e+00
3.125000000000000000e+00 1.139311551416968549e-01 6.608988106120606831e-01 9.459535796686838749e-01 3.065962194340604352e+00
3.175000000000000266e+00 1.166678375077429275e-01 1.482703270974166765e+00 8.712599656820849692e-01 1.663288925772302251e+00
3.225000000000000089e+00 1.128480433823197543e-01 2.424390515685061143e+00 8.317997035412679763e-01 1.612114905461710324e+00
3.275000000000000355e+00 1.271829150129400732e-01 3.202351904878058431e+00 8.118499730960511140e-01 7.816333670681127055e-01
3.325000000000000178e+00 1.349778959840970960e-01 3.536182551050466749e+00 8.047431989897834148e-01 5.416448474482227216e-01
3.375000000000000000e+00 1.543500068260768021e-01 3.479394023084832366e+00 8.076126483866956640e-01 7.360013949472327122e-01
3.425000000000000266e+00 1.969425051733082188e-01 3.083594859382803310e+00 8.145921809778937650e-01 7.146695366579354225e-01
3.475000000000000089e+00 2.196811103895755513e-01 2.589856810655975838e+00 8.250597679597941880e-01 4.958941543782743877e-01
3.525000000000000355e+00 2.652522034725349753e-01 2.084716536666954223e+00 8.375307481365817930e-01 1.927704967096910971e-01
3.575000000000000178e+00 3.116729906446342735e-01 1.629864199122707191e+00 8.514362597692904933e-01 9.370805491420150513e-02
3.625000000000000000e+00 3.623761140439565320e-01 1.296114365648668443e+00 8.665668808031322667e-01 2.734226212605305184e-01
3.675000000000000266e+00 4.260079536746232964e-01 1.026711092349040122e+00 8.830511720476514892e-01 4.433887944157195449e-01
3.725000000000000089e+00 4.897408736085063774e-01 8.545002905752930866e-01 8.981264145013917455e-01 1.726263213283420472e-01
3.775000000000000355e+00 5.584583890980590049e-01 7.104061343936634021e-01 9.151311809462897573e-01 1.680837890438100779e-01
3.825000000000000178e+00 6.474237207880040312e-01 6.232752825995527823e-01 9.319944828203641229e-01 2.455773375096740319e-01
3.875000000000000000e+00 7.559679090649098487e-01 5.769060863332446942e-01 9.505477318442486778e-01 1.595205547720847938e-01
3.925000000000000266e+00 8.252221913612757254e-01 5.568597792483106490e-01 9.678488838031302777e-01 1.554822781651014063e-01
3.975000000000000089e+00 9.486841772454192023e-01 5.463499160742235627e-01 9.866141108612214161e-01 1.515954262137134967e-01
4.025000000000000355e+00 1.024248344813837974e+00 5.591782374718058390e-01 1.004966601740021614e+00 1.478525218064002666e-01
4.075000000000000178e+00 1.119281055890101406e+00 5.722981621552906129e-01 1.022087590494160203e+00 3.606163592660935890e-01
4.125000000000000000e+00 1.206547329053918816e+00 5.907450549964730069e-01 1.038962817952516104e+00 2.111563404014558387e-01
4.175000000000000711e+00 1.279855264268653592e+00 6.196239208232521278e-01 1.055290308135434563e+00 2.748387317911962779e-01
4.224999999999999645e+00 1.347966668421650693e+00 6.605982687412060850e-01 1.069616080174129680e+00 4.696514199866384520e-01
4.275000000000000355e+00 1.401222915963753035e+00 7.062472811402752404e-01 1.082241485284159532e+00 9.174595839253829599e-01
4.325000000000000178e+00 1.445523869277511420e+00 7.349589624589871750e-01 1.093636735476159361e+00 1.088448676871049736e+00
4.375000000000000000e+00 1.448901273342406926e+00 7.907136548293313139e-01 1.100956104704712946e+00 1.001140973116190658e+00
4.425000000000000711e+00 1.466620934911605501e+00 8.437749519186586999e-01 1.107375751772688544e+00 6.728180116785242859e-01
4.474999999999999645e+00 1.477449944894715594e+00 8.963140513332701342e-01 1.110490826687776433e+00 1.614764755187715339e+00
4.525000000000000355e+00 1.471184136668720166e+00 9.434132053248165395e-01 1.111675211617444425e+00 2.222685957117181754e+00
4.575000000000000178e+00 1.467412718004879935e+00 9.847028841546492384e-01 1.110423733413266500e+00 1.430505671675648127e+00
4.625000000000000000e+00 1.451589799418310456e+00 1.019293076387037811e+00 1.107074562531650264e+00 2.687507150045471693e+00
4.675000000000000711e+00 1.432268572605826629e+00 1.075037106683288446e+00 1.100892905347515160e+00 2.465932806644305142e+00
4.724999999999999645e+00 1.381463390131706381e+00 1.102885439488884511e+00 1.093722140035562118e+00 3.433273414431081250e+00
4.775000000000000355e+00 1.338816738033259846e+00 1.143887794418954051e+00 1.084146774397734436e+00 3.571858842838263381e+00
4.825000000000001066e+00 1.296705954316890175e+00 1.160892905066847058e+00 1.073818734979676393e+00 3.652547915436769266e+00
4.875000000000000000e+00 1.238847728627948230e+00 1.181801166824798299e+00 1.062709212254274060e+00 3.023669353523853243e+00
4.925000000000000711e+00 1.189478769941886060e+00 1.211105656668101993e+00 1.049616903460186990e+00 4.987021824995037989e+00
4.974999999999999645e+00 1.115897757845558891e+00 1.215724177967643316e+00 1.036668291204156045e+00 3.387227052130832305e+00
5.025000000000000355e+00 1.071271875436993870e+00 1.208916034762157921e+00 1.023902173973191942e+00 3.462447839675044214e+00
5.075000000000001066e+00 1.023529260220689574e+00 1.223622232222399075e+00 1.010833144918429127e+00 4.836083915449171045e+00
5.125000000000000000e+00 9.962686752323767214e-01 1.224668592585069105e+00 9.976858581893184308e-01 3.784626300713408220e+00
5.175000000000000711e+00 9.356091224439809784e-01 1.211001358762036295e+00 9.850124682479035609e-01 3.935452548877698131e+00
5.224999999999999645e+00 9.235792810300940126e-01 1.192804856847397232e+00 9.719684655412413887e-01 3.860493836063661366e+00
5.275000000000000355e+00 8.872154961819052055e-01 1.188764604329696883e+00 9.591298365305531703e-01 4.347196677551663058e+00
5.325000000000001066e+00 8.796712471504839481e-01 1.159069398583741473e+00 9.479695022717098407e-01 3.632387153931992962e+00
5.375000000000000000e+00 8.671953609018324682e-01 1.152114989731044759e+00 9.360879571077317385e-01 4.104036556684421022e+00
5.425000000000000711e+00 8.721194493154483807e-01 1.116081751524683252e+00 9.255338864646047714e-01 3.784569492153268211e+00
5.474999999999999645e+00 8.579412585104415623e-01 1.114248862168266907e+00 9.155637626165892273e-01 3.835624310389903258e+00
5.525000000000000355e+00 8.654354854149930443e-01 1.100293442423522672e+00 9.077737915078030184e-01 3.138763207598124882e+00
5.575000000000001066e+00 8.786894815323079699e-01 1.071397725936249268e+00 9.016153274480475099e-01 3.082715367389581740e+00
5.625000000000000000e+00 8.938736429335611966e-01 1.041004146854067391e+00 8.988109747242436498e-01 2.725339923405310394e+00
5.675000000000000711e+00 8.831752324181862956e-01 1.031517731138812177e+00 8.977307218564535285e-01 1.933770351835685020e+00
5.724999999999999645e+00 8.905446563738007582e-01 1.012628678241794145e+00 8.994235740540080792e-01 2.192469713283330623e+00
5.775000000000000355e+00 9.046738822022234450e-01 9.961755117612606236e-01 9.037926223947748694e-01 1.795557879886914954e+00
5.825000000000001066e+00 9.199890026707012725e-01 9.713465839661996615e-01 9.102867613745802000e-01 1.764865336615065283e+00
5.875000000000000000e+00 9.312187199228931789e-01 9.572083171663350321e-01 9.173284773139035453e-01 1.526758716570678409e+00
5.925000000000000711e+00 9.402682668539674715e-01 9.245067219431684080e-01 9.270609792320677611e-01 1.774026699916777305e+00
5.974999999999999645e+00 9.530456163340429443e-01 9.140300912611262207e-01 9.359343396523642777e-01 1.408987147947122320e+00
6.025000000000000355e+00 9.643472741375477275e-01 9.002752085049527953e-01 9.463713315384099101e-01 1.583655587211409310e+00
6.075000000000001066e+00 9.762526426026962856e-01 8.874315980657956349e-01 9.565700678835681314e-01 1.427886722551561682e+00
6.125000000000000000e+00 9.847052914740080931e-01 8.665534262204724891e-01 9.671530513412559538e-01 1.372745259633079806e+00
6.175000000000000711e+00 9.752622245056157269e-01 8.603037787184802943e-01 9.769975944864186523e-01 1.413423513776254525e+00
6.224999999999999645e+00 1.000486341919334832e+00 8.494135533338196264e-01 9.868327368615874562e-01 1.236274865675245804e+00
6.275000000000000355e+00 9.984453574523244335e-01 8.574658219685150629e-01 9.952664894453158162e-01 1.459982244492523007e+00
6.325000000000001066e+00 1.004546434987441339e+00 8.558777538326914902e-01 1.003266914360668505e+00 1.556740116803664087e+00
6.375000000000000000e+00 1.008742664402392686e+00 8.585953119299944980e-01 1.011336868806346434e+00 1.237721060616432389e+00
6.425000000000000711e+00 1.017793337771054185e+00 8.649256003429397488e-01 1.018523876702244202e+00 1.421620636549176364e+00
6.474999999999999645e+00 1.027587886617599811e+00 8.716157454819359884e-01 1.024681948517019769e+00 1.771112225350027325e+00
6.525000000000000355e+00 1.018876120496668092e+00 8.796878531245665434e-01 1.031028370194474686e+00 1.209598928253912797e+00
6.575000000000001066e+00 1.026848781590903092e+00 8.941743228012406508e-01 1.035403887786785937e+00 1.357496028543214495e+00
6.625000000000000000e+00 1.025788203184668346e+00 9.196947648472031389e-01 1.039508147689670148e+00 1.173358500131430393e+00
6.675000000000000711e+00 1.014563999104904024e+00 9.309130038416976172e-01 1.042895612763460766e+00 1.612808391964132948e+00
6.724999999999999645e+00 1.010973888991411940e+00 9.324285056419640005e-01 1.045696032961066502e+00 1.588915374567390959e+00
6.775000000000000355e+00 1.019720599227326163e+00 9.465833499339559864e-01 1.046385506208548977e+00 1.617734376093094228e+00
6.825000000000001066e+00 1.016250376954224821e+00 9.671926737479337177e-01 1.047516075079015785e+00 1.568406653869897971e+00
6.875000000000000000e+00 1.020298539207858735e+00 9.912600917352464291e-01 1.047882023631712345e+00 1.697710279812410850e+00
6.925000000000000711e+00 1.003870033444935306e+00 1.002821109636479635e+00 1.046506688411044550e+00 1.773180723818051474e+00
6.974999999999999645e+00 1.011365094865722458e+00 1.019045787843307016e+00 1.044894175355139732e+00 2.067878878580451385e+00
7.025000000000000355e+00 9.994465754914068079e-01 1.036164703571403445e+00 1.042312526779594517e+00 2.159889887058620950e+00
7.075000000000001066e+00 9.944861407118623653e-01 1.031811671929033558e+00 1.039712003437109233e+00 1.890203183433671441e+00
7.125000000000000000e+00 9.883864206436359101e-01 1.045950876219968961e+00 1.035802357069821156e+00 2.099687109136736396e+00
7.175000000000000711e+00 9.890596731865758384e-01 1.060388105185212648e+00 1.032388089654789010e+00 1.744824657500898102e+00
7.224999999999999645e+00 9.797769434349569151e-01 1.062258633947524178e+00 1.028590548561604479e+00 1.743701941294883984e+00
7.275000000000000355e+00 9.808382137608941953e-01 1.083416185867255743e+00 1.024717734690142379e+00 2.262915775565000676e+00
7.325000000000001066e+00 9.798819953931832138e-01 1.080617944850105649e+00 1.019806422234161847e+00 1.584811081640037367e+00
7.375000000000000000e+00 9.771879613183559465e-01 1.081340898743112122e+00 1.015351799555636925e+00 1.563395043796549144e+00
7.425000000000000711e+00 9.692418754112792634e-01 1.080186788844249568e+00 1.011470546491261224e+00 2.194132809228509728e+00
7.474999999999999645e+00 9.732091795334959494e-01 1.082760587263997598e+00 1.007120045085017290e+00 1.800492711673280954e+00
7.525000000000000355e+00 9.801372387089337668e-01 1.079037170264208312e+00 1.002968063712730062e+00 1.861247642614232811e+00
7.575000000000001066e+00 9.738156417728149883e-01 1.089364411338450855e+00 9.996666733592932674e-01 1.961991390745983388e+00
7.625000000000000000e+00 9.784309136512117089e-01 1.072508432339263518e+00 9.957326901317008483e-01 1.936344812059747733e+00
7.675000000000000711e+00 9.739179508415127806e-01 1.062829313840822465e+00 9.935071999964173450e-01 1.931529724430465000e+00
7.724999999999999645e+00 9.821234257961819480e-01 1.068482693026870267e+00 9.908496654875373899e-01 1.705911623195100812e+00
7.775000000000000355e+00 9.907511933116699421e-01 1.062412102108604595e+00 9.889642472215315339e-01 1.406669760736068087e+00
7.825000000000001066e+00 9.962818884915061179e-01 1.049915047188741957e+00 9.871038115201333785e-01 1.682148668111701495e+00
7.875000000000000000e+00 9.848489437834719862e-01 1.036065105814097276e+00 9.860939291158499209e-01 1.467733150198914815e+00
7.925000000000000711e+00 1.000435821915285350e+00 1.029173347097343871e+00 9.850859789025131485e-01 1.449271342957163533e+00
7.974999999999999645e+00 1.007119322818547991e+00 1.016252355830907339e+00 9.847655371894483700e-01 1.318169713124010878e+00
8.025000000000000355e+00 1.010602168886296504e+00 1.019844914422649351e+00 9.845774985993949180e-01 1.376183440020351423e+00
8.074999999999999289e+00 1.016327933952476448e+00 1.008650326080282156e+00 9.848514682198762360e-01 1.414296186983186931e+00
8.125000000000000000e+00 1.008538476388712857e+00 9.939703557119822230e-01 9.853097440355501613e-01 1.306232489071744274e+00
8.175000000000000711e+00 1.018640474192441747e+00 9.958451207825301799e-01 9.859894278738026152e-01 1.021489893368680679e+00
8.225000000000001421e+00 1.017181217012828265e+00 9.911745474258077948e-01 9.873273306924553738e-01 9.914046949442768542e-01
8.275000000000000355e+00 1.019373208799756902e+00 9.845848811462324379e-01 9.882319711825888753e-01 1.311777060841799791e+00
8.324999999999999289e+00 1.026709988768542248e+00 9.763188904020387859e-01 9.896995933553219826e-01 1.036853875853980256e+00
8.375000000000000000e+00 1.022307826356680049e+00 9.780148213698044435e-01 9.907290311227873181e-01 1.058660874782685335e+00
8.425000000000000711e+00 1.029748706153919224e+00 9.705072355857237154e-01 9.922800536548240791e-01 1.214863537712926433e+00
8.475000000000001421e+00 1.029189653766191981e+00 9.716789587815901630e-01 9.937310170747085669e-01 1.100523592050948851e+00
8.525000000000000355e+00 1.030121913435656289e+00 9.639728891266652333e-01 9.949413112695292272e-01 1.054692963571357556e+00
8.574999999999999289e+00 1.016645395382025807e+00 9.672440226118882434e-01 9.959295250356872131e-01 1.351900408810230214e+00
8.625000000000000000e+00 1.019913382710451621e+00 9.767823968812283653e-01 9.971302082048704163e-01 1.078677137199688385e+00
8.675000000000000711e+00 1.025378146040234695e+00 9.796236501553102771e-01 9.982493425963234746e-01 1.304997795674363248e+00
8.725000000000001421e+00 1.012558375976004399e+00 9.822571417912655534e-01 9.991603218552045362e-01 1.179954602209451808e+00
8.775000000000000355e+00 1.020447929678675703e+00 9.774568147422838527e-01 9.999223164678724407e-01 1.104330376441324368e+00
8.824999999999999289e+00 1.007979497774506461e+00 9.842663133609910187e-01 1.000591164605895367e+00 1.261012400718724669e+00
8.875000000000000000e+00 1.009973947115272441e+00 9.884430822043208664e-01 1.000819649818154300e+00 1.049173502016708115e+00
8.925000000000000711e+00 1.012582262361018337e+00 9.853378965575828596e-01 1.001121886807654793e+00 1.593765328457041663e+00
8.975000000000001421e+00 1.009107670534076906e+00 9.831027299019162724e-01 1.001721672656049611e+00 1.085397750799151240e+00
9.025000000000000355e+00 1.004059654836268578e+00 9.876056867945341988e-01 1.001595412122972650e+00 1.132221214668043485e+00
9.074999999999999289e+00 1.004442076227731961e+00 9.995121385734846431e-01 1.001772056896405028e+00 1.352460772404104006e+00
9.125000000000000000e+00 9.940544069228159918e-01 9.946441367836731384e-01 1.001518833526511720e+00 1.150692411428523743e+00
9.175000000000000711e+00 9.981171163592342799e-01 1.003039766523303733e+00 1.001445340053399136e+00 1.095503071194654954e+00
9.225000000000001421e+00 9.875660163013769699e-01 9.980367042699146429e-01 1.001357235265442513e+00 1.182174448060703043e+00
9.275000000000000355e+00 9.930272462424341029e-01 1.000935043792670287e+00 1.000898846127827868e+00 1.322606984634587812e+00
9.324999999999999289e+00 9.874064363702825808e-01 1.007363918952240089e+00 1.000464221930524200e+00 1.184502071807006507e+00
9.375000000000000000e+00 9.884168218739347589e-01 1.005681923043222348e+00 1.000441508341982644e+00 1.144647591333983749e+00
9.425000000000000711e+00 9.816786692605787845e-01 1.003668724466028506e+00 1.000260953519739093e+00 1.038157112703637530e+00
9.475000000000001421e+00 9.870072163225321882e-01 1.010433379353719019e+00 9.995454964374745899e-01 1.027229244533823804e+00
9.525000000000000355e+00 9.837478654235217723e-01 1.006215879365240706e+00 9.997187422572949567e-01 1.135281550521636262e+00
9.575000000000001066e+00 9.880663201608733681e-01 1.012116112527156275e+00 9.995907820985138192e-01 1.097328929260052988e+00
9.625000000000000000e+00 9.798700178501367208e-01 1.014866299063957422e+00 9.989288865890224578e-01 1.137670020988627462e+00
9.675000000000000711e+00 9.852500515870820097e-01 1.009125130755196498e+00 9.989304463608305040e-01 1.113146777934602483e+00
9.725000000000001421e+00 9.849972639730141255e-01 1.008868080390554534e+00 9.984894039919745001e-01 1.101729988501866986e+00
9.775000000000000355e+00 9.799726311586561822e-01 1.004890907391896349e+00 9.986987157479360055e-01 1.178228353080767787e+00
9.825000000000001066e+00 9.760411964555318898e-01 1.005991919090448938e+00 9.984644364771990688e-01 1.091824188845360366e+00
9.875000000000000000e+00 9.910651446487762639e-01 1.009966788607614241e+00 9.987923430328843333e-01 1.093077525884713408e+00
9.925000000000000711e+00 9.874879016616239236e-01 1.011148023759082859e+00 9.987699865012411582e-01 1.142883595663485519e+00
9.975000000000001421e+00 9.939469802295116674e-01 1.000952370930121571e+00 9.986351513862112839e-01 9.509035487082374560e-01
1.002500000000000036e+01 9.889191728524056035e-01 1.009189966174274256e+00 9.989980829993212463e-01 1.167864635827819075e+00
1.007500000000000107e+01 9.955639772395021847e-01 1.001333686815217394e+00 9.991817857264260194e-01 1.191698705822554771e+00
1.012500000000000000e+01 9.865382892478063992e-01 1.003197893251256856e+00 9.997224147969943076e-01 1.016399402735057134e+00
1.017500000000000071e+01 9.985683961064127923e-01 1.002756090260612520e+00 1.000091189774043210e+00 8.097751126905571306e-01
1.022500000000000142e+01 1.004909663101166917e+00 1.004291073868944562e+00 9.998559036274726752e-01 8.820624237242925547e-01
1.027500000000000036e+01 1.001472021583368344e+00 1.002458961761637068e+00 1.000769002540521369e+00 1.270543677771402979e+00
1.032500000000000107e+01 9.973458996372914775e-01 9.957505955792965713e-01 1.000696824576574162e+00 9.774045989123554268e-01
1.037500000000000000e+01 9.989827601442152760e-01 9.974361749657865150e-01 1.001236390658963638e+00 9.123739901522056606e-01
1.042500000000000071e+01 1.003561899961633586e+00 9.957597122847272608e-01 1.001995709965846526e+00 9.256832837007611392e-01
1.047500000000000142e+01 1.001830357645236758e+00 9.935130612479814438e-01 1.002082670799461006e+00 9.714427550599893380e-01
1.052500000000000036e+01 9.997836179930432721e-01 9.988538180390307275e-01 1.001855190667328532e+00 1.070351109851646276e+00
1.057500000000000107e+01 1.008333238889121741e+00 9.963919996019970915e-01 1.002472178777314760e+00 8.781897951069331798e-01
1.062500000000000000e+01 1.004954998639879804e+00 9.958418053895404798e-01 1.003033653179566276e+00 9.442074496859289567e-01
1.067500000000000071e+01 1.002804301466759584e+00 1.000765376407968477e+00 1.003002707792841175e+00 9.564029914947870248e-01
1.072500000000000142e+01 1.006116315499249847e+00 9.968494957992184435e-01 1.003123736641243546e+00 1.020391382700084559e+00
1.077500000000000036e+01 1.008457286696621491e+00 9.988636403149292464e-01 1.003391387514140920e+00 8.974701453841188448e-01
1.082500000000000107e+01 1.002924023419105692e+00 1.004354917701807404e+00 1.003146200418515432e+00 1.083391385474183233e+00
1.087500000000000000e+01 1.008457599325933485e+00 9.949989406375745471e-01 1.003203415938487275e+00 9.924368333026197808e-01
1.092500000000000071e+01 1.006442687153522142e+00 9.967393991997294256e-01 1.003128678164099785e+00 1.133889905665539821e+00
1.097500000000000142e+01 1.009274830539396373e+00 1.000047538583014761e+00 1.002923132643757764e+00 8.849450259891854520e-01
1.102500000000000036e+01 1.003501132108119309e+00 1.001313717396272951e+00 1.002573668270296370e+00 1.034588039386838076e+00
1.107500000000000107e+01 1.000016616139808523e+00 1.006549034717322488e+00 1.002502626162226740e+00 8.299784440787754125e-01
1.112500000000000000e+01 1.002340835793243956e+00 1.006782523396463791e+00 1.002282251965902260e+00 9.386572930551420058e-01
1.117500000000000071e+01 1.003662826965068477e+00 1.003720369840138238e+00 1.002035054115097745e+00 8.439621676883960477e-01
1.122500000000000142e+01 1.005672454312211972e+00 1.006413862333197962e+00 1.001776317141006789e+00 9.410178727898241835e-01
1.127500000000000036e+01 1.003970487897529962e+00 1.006156186461727220e+00 1.001180763998225531e+00 8.479003050764568616e-01
1.132500000000000107e+01 1.001176085449138276e+00 1.009879203620632548e+00 1.000914842494239343e+00 9.805015107370259608e-01
1.137500000000000000e+01 9.972996800100660808e-01 1.000817034836356312e+00 1.000488328771642621e+00 8.793387065725819518e-01
1.142500000000000071e+01 1.003903366042919520e+00 1.003334493891578694e+00 1.000031475375176893e+00 1.036815372605173868e+00
1.147500000000000142e+01 1.001231477800434089e+00 1.008944522915076858e+00 9.998230102743813630e-01 9.004616348462737285e-01
1.152500000000000036e+01 1.001453448882331898e+00 1.014834414246230221e+00 9.997135446784581880e-01 9.106991251709855018e-01
1.157500000000000107e+01 1.000650928022549513e+00 1.007328429949750914e+00 9.991693628693844031e-01 7.419446585779259085e-01
1.162500000000000000e+01 9.991515925069783810e-01 1.005089375274380581e+00 9.992491316668858925e-01 8.773738716011996175e-01
1.167500000000000071e+01 9.999872069111586104e-01 1.006252064201750285e+00 9.988467568590196910e-01 8.874482276995203645e-01
1.172500000000000142e+01 1.003289979857486580e+00 1.002732422298606263e+00 9.984457107018508415e-01 8.798955226078126746e-01
1.177500000000000036e+01 9.981736727080866567e-01 1.007882793897154183e+00 9.983151114539494664e-01 9.760949238119508431e-01
1.182500000000000107e+01 1.001621564427353173e+00 1.005570081993334863e+00 9.980956495874140355e-01 9.335974288329385029e-01
1.187500000000000000e+01 9.994131106232845285e-01 1.006284059834184452e+00 9.981991353496018071e-01 8.238344542117442826e-01
1.192500000000000071e+01 9.962041749034235005e-01 1.008315107003952882e+00 9.980936655965763071e-01 8.506287497590206970e-01
1.197500000000000142e+01 1.000396939175890676e+00 1.000589032492869457e+00 9.978196816051686513e-01 8.685958680783480990e-01
1.202500000000000036e+01 9.964018759584972740e-01 1.002696631826931029e+00 9.981762019863386071e-01 8.448224981319083504e-01
1.207500000000000107e+01 1.002837620241838756e+00 1.002525483572339393e+00 9.978727579485334731e-01 8.624829025645077696e-01
1.212500000000000000e+01 9.981927666237254693e-01 9.999687073984253605e-01 9.982645048552025724e-01 1.018314664392113711e+00
1.217500000000000071e+01 9.979532920262564888e-01 1.002138598878730358e+00 9.981515689184566886e-01 9.372501831794689542e-01
1.222500000000000142e+01 9.987341378376166645e-01 1.002805141247965270e+00 9.984370667816686584e-01 8.895302727336407145e-01
1.227500000000000036e+01 1.001885555830807295e+00 9.958922858947016898e-01 9.984733662841608348e-01 9.220415286316286929e-01
1.232500000000000107e+01 1.004314439434651485e+00 1.001003044853293389e+00 9.986770424566193682e-01 8.199643725267600214e-01
1.237500000000000000e+01 1.000672966991247970e+00 1.005435767392161450e+00 9.988615387008382696e-01 7.664276507216948309e-01
1.242500000000000071e+01 1.000028730297007229e+00 1.003302553067150660e+00 9.986705127725862274e-01 8.533661249188998488e-01
1.247500000000000142e+01 9.951068677754076885e-01 1.003095119805498259e+00 9.988566825679603411e-01 7.695811204326262756e-01
1.252500000000000036e+01 1.000820605717989586e+00 1.002935359538084548e+00 9.990406701055989380e-01 9.619457809818041660e-01
1.257500000000000107e+01 1.000580282638768859e+00 9.972098973828493751e-01 9.992771174991430527e-01 7.801116435049328945e-01
1.262500000000000000e+01 1.006000482410073005e+00 9.938803567919777260e-01 9.996898117711340293e-01 8.641131097836048935e-01
1.267500000000000071e+01 9.987278328321411713e-01 9.959248048023965350e-01 9.998523987318403972e-01 8.051250723734509895e-01
1.272500000000000142e+01 9.932689556890136329e-01 1.003468581054042907e+00 9.999334752213990818e-01 8.875671093571544379e-01
1.277500000000000036e+01 9.984764029146673270e-01 9.953501556698037822e-01 9.999874811252199569e-01 9.613577208383294881e-01
1.282500000000000107e+01 9.978202224745285065e-01 9.992401147895030311e-01 1.000504823796699361e+00 8.300908918312565055e-01
1.287500000000000000e+01 1.002548438345685078e+00 9.987697353098333730e-01 1.000506710447212066e+00 8.019809502477014407e-01
1.292500000000000071e+01 9.988430846673027608e-01 9.983053900199720943e-01 1.000410557764677133e+00 8.889884835866694868e-01
1.297500000000000142e+01 1.000201753337426336e+00 9.997108794667043385e-01 1.000489561936178884e+00 8.821501444858305119e-01
1.302500000000000036e+01 9.984180565770469640e-01 1.001997273803492794e+00 1.000670577284890284e+00 1.009522807459097171e+00
1.307500000000000107e+01 1.001249101521504814e+00 1.000254290667692114e+00 1.000892328721918467e+00 7.636224159547997381e-01
1.312500000000000000e+01 1.001136754254235983e+00 1.000677893535470764e+00 1.001082177638443538e+00 1.008103094257310595e+00
1.317500000000000071e+01 9.988514411596011167e-01 1.001880438180096755e+00 1.000686005988269622e+00 8.831699740852749780e-01
1.322500000000000142e+01 9.947505170035370048e-01 1.003399151960826075e+00 1.000805588627434739e+00 1.006610719494451134e+00
1.327500000000000036e+01 9.956713355535784515e-01 1.000707324056590020e+00 1.000833176195724761e+00 7.611750503877080520e-01
1.332500000000000107e+01 1.001170876028031786e+00 1.002425501481568615e+00 1.000733106178921306e+00 8.701434597110735414e-01
1.337500000000000000e+01 9.973147649605437204e-01 1.001773608537650517e+00 1.000931569987530523e+00 9.172095646601180485e-01
1.342500000000000071e+01 9.960599050547983557e-01 9.994157229240152596e-01 1.000810959025909330e+00 9.701968493181793995e-01
1.347500000000000142e+01 9.993803653952385568e-01 1.005178214710697349e+00 1.000732629649572214e+00 8.310910281544943157e-01
1.352500000000000036e+01 9.968891705802400693e-01 1.003790005900032423e+00 1.000850655985290327e+00 8.315048250603603863e-01
1.357500000000000107e+01 9.988659055281055021e-01 1.001368074630129890e+00 1.000509954111805433e+00 9.098796734633862737e-01
1.362500000000000000e+01 9.974965482397125660e-01 1.000909406545033020e+00 1.000571914212957436e+00 8.967623902448681461e-01
1.367500000000000071e+01 9.958514883245133120e-01 1.002275138386827580e+00 1.000736344368410302e+00 9.350477658004741066e-01
1.372500000000000142e+01 9.959268600662518622e-01 1.000218415050737386e+00 1.000417403329114219e+00 8.519531376608109330e-01
1.377500000000000036e+01 9.999323895107230520e-01 1.001466153993475494e+00 1.000403425625203901e+00 7.700381353737032475e-01
1.382500000000000107e+01 9.961967084834206787e-01 1.006009602296345840e+00 1.000281002822941412e+00 6.328877874236564782e-01
1.387500000000000000e+01 9.971608804487724909e-01 9.984113286287145117e-01 1.000411336507206261e+00 9.269491483153056155e-01
1.392500000000000071e+01 9.989193744055082647e-01 1.000766159705192004e+00 1.000296940355204001e+00 8.461859065440408001e-01
1.397500000000000142e+01 1.000755999135610752e+00 1.001602273304411206e+00 1.000119282074754201e+00 9.689225990613852257e-01
1.402500000000000036e+01 9.936758322345577987e-01 1.005384545732192825e+00 9.999621144738045642e-01 8.950498617536978285e-01
1.407500000000000107e+01 9.933149402514216408e-01 1.002582832715423811e+00 9.999850055796529746e-01 8.403372814718300665e-01
1.412500000000000000e+01 1.000984091795054098e+00 1.007107016237072106e+00 9.999595584556255634e-01 8.704157295025685137e-01
1.417500000000000071e+01 9.971000124676684395e-01 9.994604075187629721e-01 1.000363497049548966e+00 1.055025060716498375e+00
1.422500000000000142e+01 1.000040454663897904e+00 1.002058753531922974e+00 1.000068675335460178e+00 7.990332761976207676e-01
1.427500000000000036e+01 1.002262917703945710e+00 1.004314121653295588e+00 1.000042527631713529e+00 9.521347845119551012e-01
1.432500000000000107e+01 1.002200527311159384e+00 1.000221981588546472e+00 1.000189309320242081e+00 8.404442007559440597e-01
1.437500000000000000e+01 1.002103160345237498e+00 1.003047890014791887e+00 9.998588999542794564e-01 8.867707941215469125e-01
1.442500000000000071e+01 1.003306887897265742e+00 1.004314149004481127e+00 1.000125600462459019e+00 9.094128853715326422e-01
1.447500000000000142e+01 1.000028702373373601e+00 9.979137517024496695e-01 1.000044227254514695e+00 1.000314506518092950e+00
1.452500000000000036e+01 9.994853089613150443e-01 1.000217615807400318e+00 9.997942175608233173e-01 9.593787363443172511e-01
1.457500000000000107e+01 1.004078876042746593e+00 1.002004123235893385e+00 1.000060350475802995e+00 9.809972510665034839e-01
1.462500000000000000e+01 1.000125627447010945e+00 1.002555780641152472e+00 9.998940461663581303e-01 8.119175418214709117e-01
1.467500000000000071e+01 1.002854215009637340e+00 1.006380104633519013e+00 1.000026051114796699e+00 8.786917359200706601e-01
1.472500000000000142e+01 1.002882443912135324e+00 1.002860349367155290e+00 9.999436926734429631e-01 8.948290716877205231e-01
1.477500000000000036e+01 1.004659401388444229e+00 1.003068370177372604e+00 1.000170246476945746e+00 8.229471781405005570e-01
1.482500000000000107e+01 9.945426814501260315e-01 1.001583267208586481e+00 1.000131903858303639e+00 1.024481519032928611e+00
1.487500000000000000e+01 1.001816701279057975e+00 1.000138734218892989e+00 1.000089910790239012e+00 1.060908205781704972e+00
1.492500000000000071e+01 9.995029096300867000e-01 1.001981518128999937e+00 1.000041418241874425e+00 1.010799127539450337e+00
1.497500000000000142e+01 1.001459547797237670e+00 1.002607808465972195e+00 1.000040810322422313e+00 9.826975025448460022e-01
1.502500000000000036e+01 9.981264493157995243e-01 9.993837961098605005e-01 1.000147647550404528e+00 1.034525843214755714e+00
1.507500000000000107e+01 1.001440013168965804e+00 9.997114116158853925e-01 1.000185997064232835e+00 1.090916224047614902e+00
1.512500000000000000e+01 9.961648839716893411e-01 1.002588646762953006e+00 1.000113419658138714e+00 9.475966301700979866e-01
1.517500000000000071e+01 9.987179630318488988e-01 1.003497587920022749e+00 9.999876685630781914e-01 9.621660547466621694e-01
1.522500000000000142e+01 1.001257406038853270e+00 9.967364617531994098e-01 9.999345002389687931e-01 1.043692280802367200e+00
1.527500000000000036e+01 9.995947688958114474e-01 1.000949887152076112e+00 9.998452399201775975e-01 1.062535905480352927e+00
1.532500000000000107e+01 1.000813743190864136e+00 1.001196211985076356e+00 9.997948667214185958e-01 9.995184488744655038e-01
1.537500000000000000e+01 1.000749392280427585e+00 1.003860204773391329e+00 1.000163789428331951e+00 1.104490429097897852e+00
1.542500000000000071e+01 1.000800752064352483e+00 1.000750415291473239e+00 9.998943780645326296e-01 8.557251389488028659e-01
1.547500000000000142e+01 9.999503430005438620e-01 1.002911054622195763e+00 9.993028873813899482e-01 9.802356044658279144e-01
1.552500000000000036e+01 9.964018596643118286e-01 9.938626801713461578e-01 9.973603875003060892e-01 1.058405542077669237e+00
1.557500000000000107e+01 9.918710726573517489e-01 9.971538631666817531e-01 9.927192617025299981e-01 1.017060602730810892e+00
1.562500000000000000e+01 9.814027111003826853e-01 9.877358923097969701e-01 9.853429996195932628e-01 8.977321156644639810e-01
1.567500000000000071e+01 9.732994899111520049e-01 9.800797719203390157e-01 9.764302839102956266e-01 1.018748339266766001e+00
1.572500000000000142e+01 9.647756037951805697e-01 9.679189999499612229e-01 9.670737024607208854e-01 9.590022167127481012e-01
1.577500000000000036e+01 9.544245679413991823e-01 9.613357357068363918e-01 9.577537101809885378e-01 8.518639933721326996e-01
1.582500000000000107e+01 9.442900951571996382e-01 9.508085423574997863e-01 9.483075246407945968e-01 9.756149881593754181e-01
1.587500000000000000e+01 9.349342449095193741e-01 9.377381304410147278e-01 9.391378586124273786e-01 8.554227045240122562e-01
1.592500000000000071e+01 9.285106236355327169e-01 9.331103904220006129e-01 9.296433563484023388e-01 9.350655274339076950e-01
1.597500000000000142e+01 9.207269894436465041e-01 9.198916288028341492e-01 9.205851470840515915e-01 9.198353123551389343e-01
1.602499999999999858e+01 9.120568628040544024e-01 9.147058996676044051e-01 9.116272244696459470e-01 7.835179455570442375e-01
1.607500000000000284e+01 8.986054177129619847e-01 9.055252184600461884e-01 9.026768467872219315e-01 8.018255386775516858e-01
1.612500000000000000e+01 8.898907215990381481e-01 8.960491189591311967e-01 8.933983457504810488e-01 8.291036086886796053e-01
1.617500000000000071e+01 8.811657314640272132e-01 8.879269919145021950e-01 8.845663479202239277e-01 8.880734782614319034e-01
1.622500000000000142e+01 8.758705770652823741e-01 8.736276597714403014e-01 8.756615171555731658e-01 8.871579559821630712e-01
1.627499999999999858e+01 8.643522775450213080e-01 8.693079696154824010e-01 8.669130590765623534e-01 7.686748649437832315e-01
1.632500000000000284e+01 8.571827658129559380e-01 8.613846200867361080e-01 8.580985723103212726e-01 8.134070840152091142e-01
1.637500000000000000e+01 8.457430733749610186e-01 8.486508037196511811e-01 8.494093595482822279e-01 7.995141807980882254e-01
1.642500000000000071e+01 8.442332292424490348e-01 8.400868227171006675e-01 8.406243284092452805e-01 7.857751124054177527e-01
1.647500000000000142e+01 8.327670895507106597e-01 8.323920268808940870e-01 8.322043278709098102e-01 8.295503755942839064e-01
1.652499999999999858e+01 8.220205295038600646e-01 8.246125612013661677e-01 8.234587167561771004e-01 8.113804806068213304e-01
1.657500000000000284e+01 8.122906895335849642e-01 8.181453903120081694e-01 8.150275768721566561e-01 7.759767226800735607e-01
1.662500000000000000e+01 8.078844043342333636e-01 8.065367675750363397e-01 8.065944602946888420e-01 7.626497415391900736e-01
1.667500000000000071e+01 7.964049469243555945e-01 8.006347054270880337e-01 7.981412412532785661e-01 6.934736445416703754e-01
1.672500000000000142e+01 7.902074140384985901e-01 7.907554555913645089e-01 7.899040473495394510e-01 7.706834337176513561e-01
1.677499999999999858e+01 7.808348826169934087e-01 7.808178582604176077e-01 7.814599829417439025e-01 8.384495613586808727e-01
1.682500000000000284e+01 7.718050284273243467e-01 7.731758175187293247e-01 7.730826715538022809e-01 8.292427836894025184e-01
1.687500000000000000e+01 7.666535424742743077e-01 7.660731426121821785e-01 7.651539322276957877e-01 6.939563568491934342e-01
1.692500000000000071e+01 7.578491990680585877e-01 7.583091072220325968e-01 7.569529718674261609e-01 7.316720631405003727e-01
1.697500000000000142e+01 7.477178041415306620e-01 7.518492550760521587e-01 7.487946580991962087e-01 7.398372900853407153e-01
1.702499999999999858e+01 7.411176168172035617e-01 7.392127594278595781e-01 7.406827473788432092e-01 7.561581393708085574e-01
1.707500000000000284e+01 7.331152998357814976e-01 7.349761549564794993e-01 7.326157937409324417e-01 7.147655430495608586e-01
1.712500000000000000e+01 7.215222463758830251e-01 7.260594543324336847e-01 7.247588969554371596e-01 6.452554969712155364e-01
1.717500000000000071e+01 7.145786385152224085e-01 7.178226999941804687e-01 7.167003034442854803e-01 6.983461506643157124e-01
1.722500000000000142e+01 7.084420774832195233e-01 7.118610903810923540e-01 7.087841079446864923e-01 5.731993288051392410e-01
1.727499999999999858e+01 7.016220295150173980e-01 7.007912801364410971e-01 7.011600766745806901e-01 6.902845078025624526e-01
1.732500000000000284e+01 6.924427856853907493e-01 6.935520476016312497e-01 6.933297323608927920e-01 6.264536721214162274e-01
1.737500000000000000e+01 6.883085188922370978e-01 6.861265484751699617e-01 6.855365040022055600e-01 5.911156220781866866e-01
1.742500000000000071e+01 6.803722502576226017e-01 6.795241861495715519e-01 6.778234823317703661e-01 6.311174757588664530e-01
1.747500000000000142e+01 6.712172481411305958e-01 6.733272542149627560e-01 6.700402569463698166e-01 6.157452668989710221e-01
1.752499999999999858e+01 6.648423222619695983e-01 6.628808248832508410e-01 6.624984225851355824e-01 6.083371592050399457e-01
1.757500000000000284e+01 6.571369721010407172e-01 6.521428288245716409e-01 6.549370674975177886e-01 5.854935052382159721e-01
1.762500000000000000e+01 6.473530244713995296e-01 6.484402675725634557e-01 6.472922622328379783e-01 5.744653265015248200e-01
1.767500000000000071e+01 6.414299618823918747e-01 6.427679195948184931e-01 6.398852379485839847e-01 5.290491814179928420e-01
1.772500000000000142e+01 6.346903664902306952e-01 6.325708436019069625e-01 6.324471946011773760e-01 5.603774542870249009e-01
1.777499999999999858e+01 6.254273146460201938e-01 6.240512994984271922e-01 6.250199307674751958e-01 6.216707553863379809e-01
1.782500000000000284e+01 6.189720585272060482e-01 6.193866968300779652e-01 6.176049809648809230e-01 5.804936240206917120e-01
1.787500000000000000e+01 6.085046508900511242e-01 6.099890097077800277e-01 6.103674912192539326e-01 5.585087470747305272e-01
1.792500000000000071e+01 6.042946119434932095e-01 6.044325293903030083e-01 6.029485973026066370e-01 6.523122484246740571e-01
1.797500000000000142e+01 5.977421750832619951e-01 5.970490052989404495e-01 5.957808826862414087e-01 5.856728658974263979e-01
1.802499999999999858e+01 5.897085010659579574e-01 5.895499921392767240e-01 5.885241739733529931e-01 6.082319279630132858e-01
1.807500000000000284e+01 5.840016380979012878e-01 5.820807127251097501e-01 5.814025527507520330e-01 5.975397629103422759e-01
1.812500000000000000e+01 5.711484465567505664e-01 5.777216264139086732e-01 5.743473795044724550e-01 6.307044455287612594e-01
1.817500000000000071e+01 5.674990582456056476e-01 5.650009790423498046e-01 5.671920736793651940e-01 5.873567937989184751e-01
1.822500000000000142e+01 5.593882477678473464e-01 5.604663797686890714e-01 5.602050247061973742e-01 5.661094452580447411e-01
1.827499999999999858e+01 5.527525722824566667e-01 5.550835300734205946e-01 5.530803623252887880e-01 5.701881365588667983e-01
1.832500000000000284e+01 5.476610077022009415e-01 5.478393350141419482e-01 5.461478291294561416e-01 6.170124993160805982e-01
1.837500000000000000e+01 5.372107243333190674e-01 5.429784111813855674e-01 5.391519234097960078e-01 5.072442922961319933e-01
1.842500000000000071e+01 5.302665881150244731e-01 5.352550911960574087e-01 5.323299091927813365e-01 4.833273847959705383e-01
1.847500000000000142e+01 5.269336098894649156e-01 5.268318527397513051e-01 5.254119966322574609e-01 5.193123502626375565e-01
1.852499999999999858e+01 5.195560673186254697e-01 5.187778081227252258e-01 5.186320607660472870e-01 5.688621028328761930e-01
1.857500000000000284e+01 5.112713418010716993e-01 5.145585572310780176e-01 5.118476007323982113e-01 4.720816245837853864e-01
1.862500000000000000e+01 5.037550342188141794e-01 5.029920148807265345e-01 5.051351394045719978e-01 4.522874809478960034e-01
1.867500000000000071e+01 4.977300736049212193e-01 4.987019276575799243e-01 4.985655109424286802e-01 4.945123094800407126e-01
1.872500000000000142e+01 4.915333369611188941e-01 4.887562931602197347e-01 4.916624131371931106e-01 5.021223108636864163e-01
1.877499999999999858e+01 4.872030015021881488e-01 4.862516653996697968e-01 4.851341172895257126e-01 4.382941329459343338e-01
1.882500000000000284e+01 4.768385268899656970e-01 4.786432356519825237e-01 4.785094979457455433e-01 4.968018502181182350e-01
1.887500000000000000e+01 4.735054023892136255e-01 4.738785536377951857e-01 4.720267619920642255e-01 4.168536470640281100e-01
1.892500000000000071e+01 4.658770289744021964e-01 4.655392866875016078e-01 4.653849150545067426e-01 4.146538967888275251e-01
1.897500000000000142e+01 4.586084474582624582e-01 4.569186448086012264e-01 4.590074537721053338e-01 4.523881109329346284e-01
1.902499999999999858e+01 4.524156529453638442e-01 4.530278034931374265e-01 4.524618719661815947e-01 4.599401413001591998e-01
1.907500000000000284e+01 4.443591091680077487e-01 4.450009707236438072e-01 4.460424849081984222e-01 4.246161060361857142e-01
1.912500000000000000e+01 4.380897637837735670e-01 4.401460927993814387e-01 4.396766407437003310e-01 4.191243853468294978e-01
1.917500000000000426e+01 4.330849025850199707e-01 4.359872059651099807e-01 4.333177187823134546e-01 3.778531897760334379e-01
1.922500000000000142e+01 4.271961088015038821e-01 4.266452350559602480e-01 4.270232640627550924e-01 3.694094528939752542e-01
1.927499999999999858e+01 4.208692926525290368e-01 4.209240946009124573e-01 4.207059892936345080e-01 3.642717745485556935e-01
1.932500000000000284e+01 4.130243139813472020e-01 4.166674482605388641e-01 4.143591122006676786e-01 3.784241592822288336e-01
1.937500000000000000e+01 4.077112547155368194e-01 4.092522437994911000e-01 4.082941314437023017e-01 3.413785341265225259e-01
1.942500000000000426e+01 4.014951402762103605e-01 4.021553427315039397e-01 4.019319340294928988e-01 3.459714789759664177e-01
1.947500000000000142e+01 3.955995010210783813e-01 3.973299606912483739e-01 3.958523186526716753e-01 3.915638669727622423e-01
1.952499999999999858e+01 3.881001334191578334e-01 3.888792553933995699e-01 3.896887505581531630e-01 3.204453281155469346e-01
1.957500000000000284e+01 3.836664451105366580e-01 3.840040090703895070e-01 3.836740715555554959e-01 3.188104065276963772e-01
1.962500000000000000e+01 3.761973654961586200e-01 3.767913155094650968e-01 3.776070483235517972e-01 3.296267089554358876e-01
1.967500000000000426e+01 3.711226778329208553e-01 3.722983601216215410e-01 3.714708530488187721e-01 3.217656790128113897e-01
1.972500000000000142e+01 3.645892876562597529e-01 3.661099359799162012e-01 3.653719290252671059e-01 2.678064861500206728e-01
1.977499999999999858e+01 3.590573914624339280e-01 3.587909375314124460e-01 3.593824468821468776e-01 3.277077082677711806e-01
1.982500000000000284e+01 3.539087452739368422e-01 3.558407079440218390e-01 3.534935500409329689e-01 2.742533758795790422e-01
1.987500000000000000e+01 3.486011269267212942e-01 3.496168291386651528e-01 3.475658383377949190e-01 2.668113273165832466e-01
1.992500000000000426e+01 3.414205912076130334e-01 3.424010346990419840e-01 3.417347373692636303e-01 2.775409268045097577e-01
1.997500000000000142e+01 3.365707480490685577e-01 3.376843659458133584e-01 3.358621929035208176e-01 2.611448976194078453e-01
