# r (Angstroms), cation-water g(r), anion-water g(r), water-water g(r), cation-anion g(r)
2.500000000000000139e-02 0.000000000000000000e+00 0.000000000000000000e+00 5.836580677070254751e+04 0.000000000000000000e+00
7.500000000000001110e-02 0.000000000000000000e+00 0.000000000000000000e+00 0.000000000000000000e+00 0.000000000000000000e+00
1.250000000000000000e-01 0.000000000000000000e+00 0.000000000000000000e+00 0.000000000000000000e+00 0.000000000000000000e+00
1.750000000000000167e-01 0.000000000000000000e+00 0.000000000000000000e+00 0.000000000000000000e+00 0.000000000000000000e+00
2.250000000000000056e-01 0.000000000000000000e+00 0.000000000000000000e+00 0.000000000000000000e+00 0.000000000000000000e+00
2.750000000000000222e-01 0.000000000000000000e+00 0.000000000000000000e+00 0.000000000000000000e+00 0.000000000000000000e+00
3.250000000000000666e-01 0.000000000000000000e+00 0.000000000000000000e+00 0.000000000000000000e+00 0.000000000000000000e+00
3.750000000000000000e-01 0.000000000000000000e+00 0.000000000000000000e+00 0.000000000000000000e+00 0.000000000000000000e+00
4.250000000000000444e-01 0.000000000000000000e+00 0.000000000000000000e+00 0.000000000000000000e+00 0.000000000000000000e+00
4.749999999999999778e-01 0.000000000000000000e+00 0.000000000000000000e+00 0.000000000000000000e+00 0.000000000000000000e+00
5.250000000000000222e-01 0.000000000000000000e+00 0.000000000000000000e+00 0.000000000000000000e+00 0.000000000000000000e+00
5.750000000000000666e-01 0.000000000000000000e+00 0.000000000000000000e+00 0.000000000000000000e+00 0.000000000000000000e+00
6.250000000000000000e-01 0.000000000000000000e+00 0.000000000000000000e+00 0.000000000000000000e+00 0.000000000000000000e+00
6.750000000000000444e-01 0.000000000000000000e+00 0.000000000000000000e+00 0.000000000000000000e+00 0.000000000000000000e+00
7.250000000000000888e-01 0.000000000000000000e+00 0.000000000000000000e+00 0.000000000000000000e+00 0.000000000000000000e+00
7.750000000000000222e-01 0.000000000000000000e+00 0.000000000000000000e+00 0.000000000000000000e+00 0.000000000000000000e+00
8.250000000000000666e-01 0.000000000000000000e+00 0.000000000000000000e+00 0.000000000000000000e+00 0.000000000000000000e+00
8.750000000000000000e-01 0.000000000000000000e+00 0.000000000000000000e+00 0.000000000000000000e+00 0.000000000000000000e+00
9.250000000000000444e-01 0.000000000000000000e+00 0.000000000000000000e+00 0.000000000000000000e+00 0.000000000000000000e+00
9.750000000000000888e-01 0.000000000000000000e+00 0.000000000000000000e+00 0.000000000000000000e+00 0.000000000000000000e+00
1.024999999999999911e+00 0.000000000000000000e+00 0.000000000000000000e+00 0.000000000000000000e+00 0.000000000000000000e+00
1.075000000000000178e+00 0.000000000000000000e+00 0.000000000000000000e+00 0.000000000000000000e+00 0.000000000000000000e+00
1.125000000000000000e+00 0.000000000000000000e+00 0.000000000000000000e+00 0.000000000000000000e+00 0.000000000000000000e+00
1.175000000000000266e+00 0.000000000000000000e+00 0.000000000000000000e+00 0.000000000000000000e+00 0.000000000000000000e+00
1.225000000000000089e+00 0.000000000000000000e+00 0.000000000000000000e+00 0.000000000000000000e+00 0.000000000000000000e+00
1.274999999999999911e+00 0.000000000000000000e+00 0.000000000000000000e+00 0.000000000000000000e+00 0.000000000000000000e+00
1.325000000000000178e+00 0.000000000000000000e+00 0.000000000000000000e+00 0.000000000000000000e+00 0.000000000000000000e+00
1.375000000000000000e+00 0.000000000000000000e+00 0.000000000000000000e+00 0.000000000000000000e+00 0.000000000000000000e+00
1.425000000000000266e+00 0.000000000000000000e+00 0.000000000000000000e+00 0.000000000000000000e+00 0.000000000000000000e+00
1.475000000000000089e+00 0.000000000000000000e+00 0.000000000000000000e+00 0.000000000000000000e+00 0.000000000000000000e+00
1.524999999999999911e+00 0.000000000000000000e+00 0.000000000000000000e+00 0.000000000000000000e+00 0.000000000000000000e+00
1.575000000000000178e+00 0.000000000000000000e+00 0.000000000000000000e+00 0.000000000000000000e+00 0.000000000000000000e+00
1.625000000000000000e+00 0.000000000000000000e+00 0.000000000000000000e+00 0.000000000000000000e+00 0.000000000000000000e+00
1.675000000000000266e+00 0.000000000000000000e+00 0.000000000000000000e+00 0.000000000000000000e+00 0.000000000000000000e+00
1.725000000000000089e+00 0.000000000000000000e+00 0.000000000000000000e+00 0.000000000000000000e+00 0.000000000000000000e+00
1.774999999999999911e+00 1.736574745299187443e-03 0.000000000000000000e+00 0.000000000000000000e+00 0.000000000000000000e+00
1.825000000000000178e+00 2.292215826626495812e-01 0.000000000000000000e+00 0.000000000000000000e+00 0.000000000000000000e+00
1.875000000000000000e+00 3.760602781404307482e+00 0.000000000000000000e+00 0.000000000000000000e+00 0.000000000000000000e+00
1.925000000000000266e+00 1.496696517018270711e+01 0.000000000000000000e+00 0.000000000000000000e+00 0.000000000000000000e+00
1.975000000000000089e+00 2.192390554544630632e+01 0.000000000000000000e+00 0.000000000000000000e+00 0.000000000000000000e+00
2.025000000000000355e+00 1.620089505685593068e+01 0.000000000000000000e+00 0.000000000000000000e+00 0.000000000000000000e+00
2.075000000000000178e+00 7.600406903642528356e+00 0.000000000000000000e+00 0.000000000000000000e+00 0.000000000000000000e+00
2.125000000000000000e+00 2.683918112676003442e+00 0.000000000000000000e+00 0.000000000000000000e+00 0.000000000000000000e+00
2.174999999999999822e+00 8.000209595265331819e-01 0.000000000000000000e+00 0.000000000000000000e+00 0.000000000000000000e+00
2.225000000000000089e+00 2.191978635261111197e-01 0.000000000000000000e+00 0.000000000000000000e+00 0.000000000000000000e+00
2.275000000000000355e+00 5.857421248750072779e-02 0.000000000000000000e+00 0.000000000000000000e+00 3.611945923778036791e-03
2.325000000000000178e+00 1.641975250241566736e-02 0.000000000000000000e+00 0.000000000000000000e+00 5.100947941354044834e-02
2.375000000000000000e+00 4.688375541618889329e-03 0.000000000000000000e+00 1.207277756306767357e-05 4.474165279803544171e-01
2.425000000000000266e+00 1.740234021144234375e-03 0.000000000000000000e+00 8.785919488542735453e-04 2.384206759166667577e+00
2.475000000000000089e+00 3.804414354697372271e-04 0.000000000000000000e+00 1.877185095425839070e-02 6.789496387698237712e+00
2.525000000000000355e+00 1.907082331133535082e-04 0.000000000000000000e+00 1.533866146655875617e-01 1.285449774477248042e+01
2.575000000000000178e+00 3.056237048197145932e-05 0.000000000000000000e+00 6.184614542708106733e-01 1.801935396913253484e+01
2.625000000000000000e+00 2.940921295501802241e-05 0.000000000000000000e+00 1.491894145912329606e+00 2.015419797072719277e+01
2.675000000000000266e+00 0.000000000000000000e+00 0.000000000000000000e+00 2.476269254396976649e+00 1.931900709810612327e+01
2.725000000000000089e+00 0.000000000000000000e+00 0.000000000000000000e+00 3.125494280967850536e+00 1.598260068990229676e+01
2.775000000000000355e+00 0.000000000000000000e+00 0.000000000000000000e+00 3.247697546793808066e+00 1.194458234188434531e+01
2.825000000000000178e+00 0.000000000000000000e+00 0.000000000000000000e+00 2.938012038172799656e+00 8.400082795390185098e+00
2.875000000000000000e+00 0.000000000000000000e+00 0.000000000000000000e+00 2.425357905931181168e+00 5.439952429468783990e+00
2.925000000000000266e+00 0.000000000000000000e+00 1.539593924722706736e-04 1.914565956718186079e+00 3.443075314689946875e+00
2.975000000000000089e+00 0.000000000000000000e+00 4.018353189703957953e-03 1.507168095177485512e+00 2.086864756519589026e+00
3.025000000000000355e+00 0.000000000000000000e+00 3.995131104569536046e-02 1.220307429246580977e+00 1.242122579784346703e+00
3.075000000000000178e+00 0.000000000000000000e+00 2.144985361678704294e-01 1.036824948738110042e+00 7.582057651226357109e-01
3.125000000000000000e+00 0.000000000000000000e+00 7.147067724781492881e-01 9.251410985103328821e-01 3.742475589999524899e-01
3.175000000000000266e+00 0.000000000000000000e+00 1.605035643025346959e+00 8.598691344648233814e-01 2.086304095987328300e-01
3.225000000000000089e+00 5.845319652072280175e-05 2.703572374376761012e+00 8.287640995739993244e-01 1.222256339248313922e-01
3.275000000000000355e+00 1.228110545033630997e-04 3.587806869763346285e+00 8.159970967074021697e-01 6.231125877864385904e-02
3.325000000000000178e+00 4.765813168049462187e-04 3.952646296251022484e+00 8.137485404381233911e-01 3.635536420069269969e-02
3.375000000000000000e+00 1.538918987235087096e-03 3.813494623281397988e+00 8.199381192442339872e-01 1.723277923711660428e-02
3.425000000000000266e+00 4.871642289043329882e-03 3.304549845584410228e+00 8.297999800044467689e-01 1.075713034701655454e-02
3.475000000000000089e+00 1.221713623914390257e-02 2.696068563092780312e+00 8.411830661767777384e-01 6.192477022313323982e-03
3.525000000000000355e+00 2.843489150870604290e-02 2.114827727556095827e+00 8.540020864393097488e-01 3.761282967705954338e-03
3.575000000000000178e+00 6.144233096169743336e-02 1.640232755182655655e+00 8.685319030990374944e-01 1.828404848779544315e-03
3.625000000000000000e+00 1.148068431124990019e-01 1.280228541778940965e+00 8.827354137230776221e-01 1.066988845167039486e-03
3.675000000000000266e+00 2.055449333744834850e-01 1.028028516556750205e+00 8.964705289331247329e-01 3.460510293790579404e-04
3.725000000000000089e+00 3.349833493858525579e-01 8.534542975775019080e-01 9.109125506156565688e-01 1.347294224526187321e-03
3.775000000000000355e+00 5.067688720584667683e-01 7.420861619888889926e-01 9.262034834434292874e-01 6.559205933157515045e-04
3.825000000000000178e+00 7.218946553721941051e-01 6.709881867403076905e-01 9.469178664256292510e-01 9.583269977467223861e-04
3.875000000000000000e+00 9.683664172643196011e-01 6.329936976549146443e-01 9.759426219761304644e-01 3.112519581079045564e-04
3.925000000000000266e+00 1.235010896079135057e+00 6.140886012226133284e-01 1.004544889756016302e+00 2.426980703476561314e-03
3.975000000000000089e+00 1.493711958341786383e+00 6.103539152487229558e-01 1.025049057275794206e+00 1.153575825603654625e-02
4.025000000000000355e+00 1.738444084028457626e+00 6.181191505804861652e-01 1.029878523545999958e+00 2.798310561263310861e-02
4.075000000000000178e+00 1.939132288290340123e+00 6.362137122350225438e-01 1.031268602797371425e+00 5.628994864401365428e-02
4.125000000000000000e+00 2.077831087641567542e+00 6.609602544142830771e-01 1.034343998706609424e+00 1.343127272250638216e-01
4.175000000000000711e+00 2.154296052797505023e+00 6.863543719051786729e-01 1.042392604620658192e+00 2.823395722093585136e-01
4.224999999999999645e+00 2.155831218580858799e+00 7.212470555378187598e-01 1.051685162865803269e+00 4.799163007215969112e-01
4.275000000000000355e+00 2.105104653111467883e+00 7.519367488719302939e-01 1.060770001828103215e+00 8.014627363038978602e-01
4.325000000000000178e+00 1.978905735447992198e+00 7.877044022184223060e-01 1.068775317418298121e+00 1.184552807330446544e+00
4.375000000000000000e+00 1.817898621015034966e+00 8.293920268826194819e-01 1.073378081905250303e+00 1.558811381758305803e+00
4.425000000000000711e+00 1.638824491258225713e+00 8.711525325184515944e-01 1.077434883105501395e+00 1.938145556843377193e+00
4.474999999999999645e+00 1.453011615643747589e+00 9.209013329595984176e-01 1.080065434709282179e+00 2.313768204178487498e+00
4.525000000000000355e+00 1.282477817323535385e+00 9.806074237251923842e-01 1.079302712502340889e+00 2.585214022604533923e+00
4.575000000000000178e+00 1.126292061925605603e+00 1.035771883464296161e+00 1.076329188095320522e+00 2.867304775038088671e+00
4.625000000000000000e+00 1.007446652285575395e+00 1.086304781879583681e+00 1.073062538175459935e+00 3.174020768417833871e+00
4.675000000000000711e+00 9.126963071200366873e-01 1.123567100979014910e+00 1.067587334737330362e+00 3.429820949503759930e+00
4.724999999999999645e+00 8.401452826787189077e-01 1.140754114719599865e+00 1.059336896161672481e+00 3.738826461572707593e+00
4.775000000000000355e+00 8.064622774295751029e-01 1.148450598270216894e+00 1.051460959638617743e+00 3.913267076926852717e+00
4.825000000000001066e+00 7.783923820349560874e-01 1.152202915964968932e+00 1.042722444665002746e+00 3.919911795153969258e+00
4.875000000000000000e+00 7.692139558853613446e-01 1.156867245527004817e+00 1.033511342115867038e+00 3.958893631833865445e+00
4.925000000000000711e+00 7.694404264055797471e-01 1.161022064769188233e+00 1.023439470772325777e+00 3.743461978766902565e+00
4.974999999999999645e+00 7.753198532856631076e-01 1.162081172817075014e+00 1.013409815633091293e+00 3.528483170040517258e+00
5.025000000000000355e+00 7.885066514954148786e-01 1.164868829257696081e+00 1.003064633132519479e+00 3.200042088844142540e+00
5.075000000000001066e+00 8.040983851176147779e-01 1.161719361701407660e+00 9.938485373112992960e-01 2.823005843616601229e+00
5.125000000000000000e+00 8.135645459081005670e-01 1.157340133199680432e+00 9.834269115516883764e-01 2.462493295146185091e+00
5.175000000000000711e+00 8.325883561274313172e-01 1.151607107995593848e+00 9.750638969716328708e-01 2.051794980324935569e+00
5.224999999999999645e+00 8.438239508834732838e-01 1.142239536810634837e+00 9.676152888311476685e-01 1.706107965701193052e+00
5.275000000000000355e+00 8.579963455364402192e-01 1.134933931265848850e+00 9.601068317879459801e-01 1.497557173475854153e+00
5.325000000000001066e+00 8.745561396587423486e-01 1.122448888054331295e+00 9.535682237364666580e-01 1.250515849604189267e+00
5.375000000000000000e+00 8.854404977008168975e-01 1.110368358712211290e+00 9.465105475423041259e-01 1.046013194736640006e+00
5.425000000000000711e+00 8.999255400096547453e-01 1.098024013475609628e+00 9.382072649770226702e-01 9.245516400310943572e-01
5.474999999999999645e+00 9.146015298529113213e-01 1.084511777878577998e+00 9.298964051191147551e-01 8.294723209346105408e-01
5.525000000000000355e+00 9.297829667587265146e-01 1.069444429824233822e+00 9.208291281943624673e-01 8.071781633793024824e-01
5.575000000000001066e+00 9.412301468531290016e-01 1.056848382885260618e+00 9.128384513659479893e-01 7.682539107795522959e-01
5.625000000000000000e+00 9.543957102956386329e-01 1.040828817095357017e+00 9.078198264388359640e-01 7.700188261421729852e-01
5.675000000000000711e+00 9.714271493569406335e-01 1.034752914593522588e+00 9.066853968358439264e-01 7.476577591732903594e-01
5.724999999999999645e+00 9.818838301605133934e-01 1.022588267261224315e+00 9.066171602616330816e-01 7.807139014130445309e-01
5.775000000000000355e+00 9.942284203534726972e-01 1.018142208346426436e+00 9.119689052495496551e-01 8.097153622727870648e-01
5.825000000000001066e+00 1.003521709079995938e+00 1.006981315262427845e+00 9.184083068010718831e-01 8.394009482033080172e-01
5.875000000000000000e+00 1.013533156160922655e+00 9.995813988019957019e-01 9.267692239779067309e-01 8.743271302307208392e-01
5.925000000000000711e+00 1.020401082075392374e+00 9.894307695673125735e-01 9.363682507424745394e-01 9.457692674881211792e-01
5.974999999999999645e+00 1.022226416251399872e+00 9.783985480587039651e-01 9.462481060645756559e-01 9.492510431442878760e-01
6.025000000000000355e+00 1.023102790383229932e+00 9.628550879306906340e-01 9.570988178013853931e-01 1.017377109339133723e+00
6.075000000000001066e+00 1.016898633113542338e+00 9.416580731719685904e-01 9.677549856832073916e-01 1.066424668822132826e+00
6.125000000000000000e+00 1.017504055570923605e+00 9.233664426828590566e-01 9.771874797578603555e-01 1.136788854205127208e+00
6.175000000000000711e+00 1.011230851001368336e+00 9.029903180800451512e-01 9.868005307557247141e-01 1.165398374175664609e+00
6.224999999999999645e+00 1.010669908184530286e+00 8.877439519354347608e-01 9.960595911144524139e-01 1.237691748094629229e+00
6.275000000000000355e+00 1.006243877447942969e+00 8.809729120027458560e-01 1.004336098845917569e+00 1.262438126527353210e+00
6.325000000000001066e+00 1.002757937825535350e+00 8.786150117806440507e-01 1.011122071351101770e+00 1.302839661250406289e+00
6.375000000000000000e+00 9.978983234434434246e-01 8.815678968666240678e-01 1.019131605764083126e+00 1.344813364916523923e+00
6.425000000000000711e+00 9.971572617271809991e-01 8.858434128070817870e-01 1.024069565488197942e+00 1.395064476783613339e+00
6.474999999999999645e+00 9.944662966046653452e-01 8.945370289430615296e-01 1.029233762129033947e+00 1.434579527490232431e+00
6.525000000000000355e+00 9.872994660750034068e-01 9.075853023456937896e-01 1.033710485791804690e+00 1.477444472355518901e+00
6.575000000000001066e+00 9.844021717742348354e-01 9.186639488753416405e-01 1.036636823936761154e+00 1.475924710382526372e+00
6.625000000000000000e+00 9.780743346628173462e-01 9.322598897587694999e-01 1.039101482262347220e+00 1.499412763404183169e+00
6.675000000000000711e+00 9.700715406913904548e-01 9.451899810467319085e-01 1.040889459296021613e+00 1.519516574600373593e+00
6.724999999999999645e+00 9.634904794369667513e-01 9.593108880282845696e-01 1.041808369449302329e+00 1.544336060720085557e+00
6.775000000000000355e+00 9.595271224731312110e-01 9.714433136536778646e-01 1.041461548189024588e+00 1.555328679241660295e+00
6.825000000000001066e+00 9.520564353683660386e-01 9.851970346190241923e-01 1.041097018360464421e+00 1.541453074337223894e+00
6.875000000000000000e+00 9.488939935356849320e-01 9.971909482773884115e-01 1.040295225751793895e+00 1.537901017516624558e+00
6.925000000000000711e+00 9.418714327800123964e-01 1.008522538427871318e+00 1.039021974885118160e+00 1.545498197432287002e+00
6.974999999999999645e+00 9.323194101309477677e-01 1.020341171030104022e+00 1.036932329906340211e+00 1.532546332296196745e+00
7.025000000000000355e+00 9.290491446318061008e-01 1.031105364303596117e+00 1.034434309173500433e+00 1.504179193081211618e+00
7.075000000000001066e+00 9.285733996628267040e-01 1.037912827392690973e+00 1.032040573874685840e+00 1.518287740822644949e+00
7.125000000000000000e+00 9.292908904265566594e-01 1.044141898561457671e+00 1.028947065430354746e+00 1.488859596579774847e+00
7.175000000000000711e+00 9.278158596339345365e-01 1.052609604237789043e+00 1.025172799353834430e+00 1.446211261440691676e+00
7.224999999999999645e+00 9.324613206333740578e-01 1.058920047129223274e+00 1.022074145417864788e+00 1.412654792308295715e+00
7.275000000000000355e+00 9.364802388078649065e-01 1.062214670327886745e+00 1.018396715598625324e+00 1.409640407427284803e+00
7.325000000000001066e+00 9.407844653075174701e-01 1.065108516287238238e+00 1.015280716863814492e+00 1.355706909032731833e+00
7.375000000000000000e+00 9.463933955303663881e-01 1.067532160005592923e+00 1.010929064290489343e+00 1.326130229183045905e+00
7.425000000000000711e+00 9.538506502613400828e-01 1.071224057088330239e+00 1.007882832040135623e+00 1.251107076064127854e+00
7.474999999999999645e+00 9.602083165034680512e-01 1.068355020111714238e+00 1.004286897967427095e+00 1.214267566690816702e+00
7.525000000000000355e+00 9.714668551806436847e-01 1.069191163159050051e+00 1.001595518995282097e+00 1.182502822591086966e+00
7.575000000000001066e+00 9.791386342840923129e-01 1.066145612388133213e+00 9.988446138476694269e-01 1.131431307193695002e+00
7.625000000000000000e+00 9.872547868658169135e-01 1.064786078653713775e+00 9.957818671811861089e-01 1.112702654715021167e+00
7.675000000000000711e+00 9.972770972996989336e-01 1.060392057801650356e+00 9.933282947125263718e-01 1.044537630984092580e+00
7.724999999999999645e+00 1.001106893487716087e+00 1.056084190701552572e+00 9.917541465976256188e-01 1.037247056946428048e+00
7.775000000000000355e+00 1.009781217661442687e+00 1.049421399818742273e+00 9.902382087206146322e-01 9.780245691305680111e-01
7.825000000000001066e+00 1.016729635327834336e+00 1.042813989105843442e+00 9.885786626019589240e-01 9.943419785075318096e-01
7.875000000000000000e+00 1.022100550500400828e+00 1.038318533444192227e+00 9.881744822056487410e-01 9.678887237493033480e-01
7.925000000000000711e+00 1.026159951794963998e+00 1.031012870340418441e+00 9.873023604568138545e-01 9.644207606721405535e-01
7.974999999999999645e+00 1.026287192487613575e+00 1.023397180600898126e+00 9.863878265235046516e-01 9.550846042872008779e-01
8.025000000000000355e+00 1.030781121238137032e+00 1.018613385889103551e+00 9.860569676918075066e-01 9.530901664356111747e-01
8.074999999999999289e+00 1.028369196636614635e+00 1.012255450447164362e+00 9.865334051323592091e-01 9.623249034343123176e-01
8.125000000000000000e+00 1.028206955173424531e+00 1.005301035551500632e+00 9.864472110530323468e-01 9.774201561698311336e-01
8.175000000000000711e+00 1.029362061636432069e+00 1.001464509437342443e+00 9.871118072204293492e-01 9.779486923390879882e-01
8.225000000000001421e+00 1.027092563548970272e+00 9.958800404799262873e-01 9.878425060122186796e-01 9.955254378196932707e-01
8.275000000000000355e+00 1.025215438816060587e+00 9.933623786383917187e-01 9.885072605669698032e-01 9.971137253439066317e-01
8.324999999999999289e+00 1.022649801918083634e+00 9.889098761970924745e-01 9.896126455840933422e-01 1.006212416265808152e+00
8.375000000000000000e+00 1.019793356197973733e+00 9.857450597634708211e-01 9.903010648485787160e-01 1.016755857819145792e+00
8.425000000000000711e+00 1.015239434869192880e+00 9.832221656450724767e-01 9.918418255253639293e-01 1.030139417020714765e+00
8.475000000000001421e+00 1.012559856311073148e+00 9.819187600051240139e-01 9.933486587510104160e-01 1.018475760425207488e+00
8.525000000000000355e+00 1.010080850729939916e+00 9.787949755880025471e-01 9.939998927970783438e-01 1.039940251975195462e+00
8.574999999999999289e+00 1.006675637466333928e+00 9.781065173757247377e-01 9.951915548243323029e-01 1.066938194526069861e+00
8.625000000000000000e+00 1.002763672323577326e+00 9.767988362357634680e-01 9.960231994909434228e-01 1.064341877589436880e+00
8.675000000000000711e+00 9.987899275312187575e-01 9.776765001924377918e-01 9.969017530867441135e-01 1.074838356015176188e+00
8.725000000000001421e+00 9.962706914469251496e-01 9.782177133883955822e-01 9.977280498381233542e-01 1.061940678551248185e+00
8.775000000000000355e+00 9.937333269557591109e-01 9.807438734737509156e-01 9.986846908734401396e-01 1.077975939964694652e+00
8.824999999999999289e+00 9.905518268524169390e-01 9.820657169831392697e-01 9.992549708364375505e-01 1.078457874473565559e+00
8.875000000000000000e+00 9.881248702060357880e-01 9.825037998147838625e-01 9.994337695566765101e-01 1.076902437632351717e+00
8.925000000000000711e+00 9.836190561413012956e-01 9.815303337631489100e-01 9.996505652364857664e-01 1.087811575575467815e+00
8.975000000000001421e+00 9.844114236183199029e-01 9.847359685420050690e-01 1.000111298789897907e+00 1.081643132969000387e+00
9.025000000000000355e+00 9.835994787616728630e-01 9.865789221513991958e-01 1.000141747089318134e+00 1.071642341934701648e+00
9.074999999999999289e+00 9.820393885933418332e-01 9.888088072246452587e-01 1.000446584443605236e+00 1.080693483948810041e+00
9.125000000000000000e+00 9.801196844630218896e-01 9.902741866736800569e-01 1.000362065556781088e+00 1.074720259786944743e+00
9.175000000000000711e+00 9.804968611485410657e-01 9.938162093987938928e-01 1.000482723147757547e+00 1.074864362253016292e+00
9.225000000000001421e+00 9.798402824058970451e-01 9.944116994562527401e-01 1.000541687079785635e+00 1.063463999352220801e+00
9.275000000000000355e+00 9.789158623845894969e-01 9.970002437685058228e-01 1.000472514363882404e+00 1.058494178229301808e+00
9.324999999999999289e+00 9.789931298497219769e-01 9.976403572388928831e-01 1.000104686207205607e+00 1.057278129040839065e+00
9.375000000000000000e+00 9.800091465437178462e-01 9.980931166642094121e-01 1.000279089357720697e+00 1.030822180048558412e+00
9.425000000000000711e+00 9.808413327622891309e-01 1.000740384896412927e+00 1.000214537426830752e+00 1.033383185830991868e+00
9.475000000000001421e+00 9.833632672341360292e-01 1.002201842923171826e+00 1.000101458449909053e+00 1.027919783158767641e+00
9.525000000000000355e+00 9.833480696750998007e-01 1.001393546036820847e+00 9.998266880831369052e-01 1.033744034206962592e+00
9.575000000000001066e+00 9.848975931462246036e-01 1.002816436912872922e+00 9.997831111391458636e-01 1.030775602408881664e+00
9.625000000000000000e+00 9.883132001027254976e-01 1.005439867194151349e+00 9.998675946279486082e-01 1.030184037428166333e+00
9.675000000000000711e+00 9.902818938021592521e-01 1.004669213576415254e+00 9.995996329966589933e-01 1.006382247474749470e+00
9.725000000000001421e+00 9.902969613882870448e-01 1.005239547820289125e+00 9.997779451325981004e-01 1.002435335289819429e+00
9.775000000000000355e+00 9.931188781778168551e-01 1.005296569124329631e+00 9.998665375585177317e-01 1.008885931203069575e+00
9.825000000000001066e+00 9.934704114999062252e-01 1.003893786088835949e+00 9.998661124713509318e-01 9.894443437017351739e-01
9.875000000000000000e+00 9.944008798464006871e-01 1.004802095320254329e+00 9.998644176860771449e-01 9.798334632294486424e-01
9.925000000000000711e+00 9.967763758497015791e-01 1.004683527789340447e+00 1.000384921316716635e+00 9.782890236148696905e-01
9.975000000000001421e+00 9.976663774383224270e-01 1.004874790595902567e+00 1.000365212133134785e+00 9.701032477246824826e-01
1.002500000000000036e+01 9.985536033529804900e-01 1.003970267563444319e+00 1.000672221459662392e+00 9.808658884016036028e-01
1.007500000000000107e+01 1.002422736504767542e+00 1.003769858850806163e+00 1.000744700926440300e+00 9.698652001460802419e-01
1.012500000000000000e+01 1.002570129022267942e+00 1.003428063124768066e+00 1.001080406966630587e+00 9.549759134549830053e-01
1.017500000000000071e+01 1.003816207718471132e+00 1.003932185231845242e+00 1.001273842385387747e+00 9.647993169217164988e-01
1.022500000000000142e+01 1.004011169842285112e+00 1.004691523565399924e+00 1.001098855739451343e+00 9.517210919384397894e-01
1.027500000000000036e+01 1.003872638134474249e+00 1.002573129113602635e+00 1.001470120288913357e+00 9.803309141061627985e-01
1.032500000000000107e+01 1.001843856206768635e+00 1.002545312385138665e+00 1.001619890044456840e+00 9.565670222409594636e-01
1.037500000000000000e+01 1.004488759286614963e+00 1.002157051582644343e+00 1.001718587073255673e+00 9.606991097507932009e-01
1.042500000000000071e+01 1.003921086461222911e+00 1.002298822797170086e+00 1.002293807388371594e+00 9.666432855153939130e-01
1.047500000000000142e+01 1.005733291462161283e+00 1.000277974424915950e+00 1.001975177913358994e+00 9.745175887580339591e-01
1.052500000000000036e+01 1.004000933794501949e+00 1.000393802322078640e+00 1.002400929768257232e+00 9.595425924791485262e-01
1.057500000000000107e+01 1.002423012737265307e+00 1.001805523416036348e+00 1.002334062805517068e+00 9.730166128133409531e-01
1.062500000000000000e+01 1.001717948940605396e+00 9.994008818826823903e-01 1.002616882131650566e+00 9.633421709194389670e-01
1.067500000000000071e+01 1.002448334972289024e+00 9.999070649380588094e-01 1.002492856512313235e+00 9.703752486287960943e-01
1.072500000000000142e+01 1.001454033541683941e+00 9.999582544786157490e-01 1.002308438741637220e+00 9.783326630981520333e-01
1.077500000000000036e+01 9.993038896249152314e-01 1.000561085878039380e+00 1.002316485152649816e+00 9.642421436176409344e-01
1.082500000000000107e+01 1.000863696678714332e+00 1.000260131754901138e+00 1.002621761541145906e+00 9.719471649142134018e-01
1.087500000000000000e+01 9.979728109887507914e-01 1.001088466607344740e+00 1.001884516846019979e+00 9.733841707976391699e-01
1.092500000000000071e+01 9.993349959657559234e-01 1.000584224137129663e+00 1.002064957657643030e+00 9.695462312322633558e-01
1.097500000000000142e+01 9.983588222281457591e-01 1.000680199573404927e+00 1.001983769304268135e+00 9.701222679151800810e-01
1.102500000000000036e+01 9.963647024066935032e-01 1.000765373126701885e+00 1.001522623808399848e+00 9.770692534761167281e-01
1.107500000000000107e+01 9.987119702192919224e-01 1.001501737687073845e+00 1.001336818277265950e+00 9.776024268067261547e-01
1.112500000000000000e+01 9.964961419606745974e-01 1.002133295509866739e+00 1.001094946376099415e+00 9.752921389120223772e-01
1.117500000000000071e+01 9.972609400924479228e-01 1.001310179214400575e+00 1.000914334398489869e+00 9.861951091536480529e-01
1.122500000000000142e+01 9.981656011855158939e-01 1.001368236730308947e+00 1.000782306494641505e+00 9.693056933101209527e-01
1.127500000000000036e+01 9.963329183989028115e-01 1.001815898237980784e+00 1.000157096334878926e+00 9.912055272181631294e-01
1.132500000000000107e+01 9.969087627181723033e-01 1.001834255135384266e+00 1.000028216306136475e+00 9.897605969142774240e-01
1.137500000000000000e+01 9.990327608076363664e-01 1.001357025254349997e+00 9.998196548578214271e-01 9.780082696576551937e-01
1.142500000000000071e+01 9.966109409172206890e-01 1.002438001463325179e+00 9.995128981608537577e-01 9.799935522080591710e-01
1.147500000000000142e+01 9.977161598426594891e-01 1.001414081093524366e+00 9.992331039863290298e-01 9.805938918096711587e-01
1.152500000000000036e+01 9.996626067814295968e-01 1.002460381397656697e+00 9.991862104049671345e-01 9.832581499723370699e-01
1.157500000000000107e+01 9.993662254878322715e-01 1.001708802044220414e+00 9.989298541158905254e-01 9.790724980147382794e-01
1.162500000000000000e+01 9.991661600668432230e-01 1.001821534722873608e+00 9.985536380286474945e-01 9.812166071717314253e-01
1.167500000000000071e+01 1.001469267189914580e+00 1.001879612796371388e+00 9.985955747306681785e-01 9.757447048380394339e-01
1.172500000000000142e+01 1.000502444784885592e+00 1.000723560722164063e+00 9.983752974836637151e-01 9.740698771160615221e-01
1.177500000000000036e+01 9.982223660078036742e-01 1.001430608513411036e+00 9.985501834272980659e-01 9.722534151317627771e-01
1.182500000000000107e+01 1.001760953227736062e+00 1.002076533877355402e+00 9.982842491107514205e-01 9.772847028264181057e-01
1.187500000000000000e+01 1.003240157794804688e+00 1.000763673620732375e+00 9.980603787006142591e-01 9.702654279091849077e-01
1.192500000000000071e+01 1.000496026971441799e+00 1.001755080777431806e+00 9.981237848664312740e-01 9.746679667792940149e-01
1.197500000000000142e+01 1.002384520060968010e+00 1.001269858961001180e+00 9.981443796645262934e-01 9.768122336134337225e-01
1.202500000000000036e+01 1.003237255487940516e+00 9.993926680719167344e-01 9.983006357664313546e-01 9.771741726886762347e-01
1.207500000000000107e+01 1.002066489379854763e+00 1.000585562204209467e+00 9.983004521675055143e-01 9.496093698066434552e-01
1.212500000000000000e+01 1.002407508437952899e+00 9.999335351847319364e-01 9.984375311602505798e-01 9.696421811709685645e-01
1.217500000000000071e+01 1.003374938882996226e+00 9.985581228645260543e-01 9.984035300944509306e-01 9.641536735192336449e-01
1.222500000000000142e+01 1.003345878555952586e+00 9.991968850938039992e-01 9.989449289205684090e-01 9.738582440223614300e-01
1.227500000000000036e+01 1.002960530434820363e+00 9.997107545399557260e-01 9.989165252522050897e-01 9.662819423628680182e-01
1.232500000000000107e+01 1.004160628787362119e+00 9.990684592272295328e-01 9.991284745876222173e-01 9.644266645070912469e-01
1.237500000000000000e+01 1.002491942616818843e+00 9.981537761614004411e-01 9.990935783259905500e-01 9.611353677762947134e-01
1.242500000000000071e+01 1.002956566649978454e+00 9.980523614362917240e-01 9.993710142161666976e-01 9.624067903707915761e-01
1.247500000000000142e+01 1.002949873241918421e+00 9.991976205143986434e-01 9.994077402585431757e-01 9.682218399293299749e-01
1.252500000000000036e+01 1.001707997638017211e+00 9.989619296215012101e-01 9.996291790752752648e-01 9.532972051283428172e-01
1.257500000000000107e+01 1.002860889291919522e+00 9.984699479349699036e-01 9.998593045749608610e-01 9.639083054538144513e-01
1.262500000000000000e+01 1.001483574263739795e+00 9.984203861054239404e-01 9.997451151281203652e-01 9.719173083598121599e-01
1.267500000000000071e+01 1.000384340710736231e+00 9.989065908000824834e-01 1.000140480448601821e+00 9.634208044666113802e-01
1.272500000000000142e+01 1.002470319858204340e+00 9.992564075218798303e-01 1.000041984410814599e+00 9.636865453767237133e-01
1.277500000000000036e+01 1.000217725334056729e+00 9.981272459126341312e-01 1.000167406016419180e+00 9.589642839034501209e-01
1.282500000000000107e+01 1.000849709946394883e+00 9.986464381048051342e-01 1.000308490085323410e+00 9.618730055732803708e-01
1.287500000000000000e+01 1.000272375233736799e+00 9.997213190729240528e-01 1.000503650731453087e+00 9.610142082696772059e-01
1.292500000000000071e+01 9.992700418810270824e-01 9.975753532771707288e-01 1.000526612191299680e+00 9.603637005632595924e-01
1.297500000000000142e+01 1.000267913211822624e+00 9.996365411360499387e-01 1.000663500037445530e+00 9.665795634466718411e-01
1.302500000000000036e+01 1.000234354258446867e+00 9.994605937282797781e-01 1.000678587211552228e+00 9.577678618651291886e-01
1.307500000000000107e+01 9.992213479042373336e-01 9.990287176095568045e-01 1.000607123096328044e+00 9.647001468831211124e-01
1.312500000000000000e+01 1.000409294717561348e+00 9.994534675545327929e-01 1.000865110898121024e+00 9.563059589120946891e-01
1.317500000000000071e+01 9.983480332126005719e-01 9.998036020727619766e-01 1.000788464998310090e+00 9.706553029804599886e-01
1.322500000000000142e+01 1.000427508931823750e+00 1.000249361980832585e+00 1.000797179457266095e+00 9.654139568113261349e-01
1.327500000000000036e+01 9.988014166436173236e-01 1.000604278226827404e+00 1.000846814635871551e+00 9.577043804396219162e-01
1.332500000000000107e+01 9.984880643267969313e-01 1.000822417723766788e+00 1.000606503166686201e+00 9.610069403104877228e-01
1.337500000000000000e+01 9.984652679679092424e-01 1.000105897776698338e+00 1.000843789264685535e+00 9.585640918164508584e-01
1.342500000000000071e+01 9.998245626720002610e-01 1.000916930402457883e+00 1.000624131904105152e+00 9.511520045440521320e-01
1.347500000000000142e+01 9.982639816988793102e-01 1.000519588604490639e+00 1.000648174249765709e+00 9.573109327176602124e-01
1.352500000000000036e+01 9.991214155889944770e-01 1.000268868964355518e+00 1.000566943825667687e+00 9.563267777499372402e-01
1.357500000000000107e+01 9.983605327191458212e-01 1.001503755711848243e+00 1.000681224129343683e+00 9.568021101148954655e-01
1.362500000000000000e+01 9.997327924158980750e-01 1.001464960952451966e+00 1.000413069518799825e+00 9.500191869864368366e-01
1.367500000000000071e+01 9.986574387568725175e-01 1.000860825718282276e+00 1.000503552128501061e+00 9.678521492539159388e-01
1.372500000000000142e+01 9.988411682302034134e-01 1.001365254806204641e+00 1.000273093642013889e+00 9.536926285887579180e-01
1.377500000000000036e+01 9.990776220389873119e-01 1.001319622089299477e+00 1.000499152412250403e+00 9.603041308747275462e-01
1.382500000000000107e+01 9.996482108346512740e-01 1.000979669172100683e+00 1.000359084551726063e+00 9.440539936547762689e-01
1.387500000000000000e+01 9.995740982144325493e-01 1.001648893816414532e+00 1.000493364014859887e+00 9.609323459542568058e-01
1.392500000000000071e+01 1.000305615731060138e+00 1.001386787678360424e+00 1.000282514147644353e+00 9.624318070778746792e-01
1.397500000000000142e+01 9.994741898747999675e-01 1.001408110780209970e+00 1.000007410005939956e+00 9.505318529814261730e-01
1.402500000000000036e+01 1.000125116917039536e+00 1.001194789557952047e+00 1.000049582298343065e+00 9.558606180894032578e-01
1.407500000000000107e+01 1.000742096705826700e+00 1.001370960253881615e+00 1.000180144742170318e+00 9.685212792730966136e-01
1.412500000000000000e+01 1.000856533308154050e+00 1.001217624908964154e+00 9.999133588922981541e-01 9.493549549798815379e-01
1.417500000000000071e+01 1.000853179368704104e+00 1.001302247763516950e+00 1.000013336349609316e+00 9.449721521941736313e-01
1.422500000000000142e+01 1.001754532059510483e+00 1.000408268173344384e+00 9.999004848637755849e-01 9.573958630964939376e-01
1.427500000000000036e+01 1.002443689703841567e+00 1.001120763137656633e+00 9.999871611405500849e-01 9.545998552681769223e-01
1.432500000000000107e+01 1.001140987360485290e+00 1.000604739866768345e+00 9.997549299564105763e-01 9.647105373749849111e-01
1.437500000000000000e+01 1.003337166955349025e+00 1.000647824867289870e+00 9.999084260712097771e-01 9.516556566291320962e-01
1.442500000000000071e+01 1.002670109291903477e+00 1.000693539629805562e+00 1.000084222323458727e+00 9.622300491395047173e-01
1.447500000000000142e+01 1.001374135530084031e+00 1.001328676995732581e+00 9.999221097882605713e-01 9.625535143969468077e-01
1.452500000000000036e+01 1.002982215806277555e+00 1.001467900151226775e+00 9.998199084986651997e-01 9.560045108856448648e-01
1.457500000000000107e+01 1.001615990949265456e+00 1.001288777071021485e+00 9.999277941201908382e-01 9.663313879962894815e-01
1.462500000000000000e+01 1.002950930221132797e+00 1.000737653001924743e+00 9.998660703365522817e-01 9.541633151272957969e-01
1.467500000000000071e+01 1.002170916297641989e+00 1.001169436559983916e+00 9.998267723141276431e-01 9.610193210685586962e-01
1.472500000000000142e+01 1.002200366188275460e+00 9.997934358576626712e-01 9.997001485789428488e-01 9.595478596859553511e-01
1.477500000000000036e+01 1.002841438086422343e+00 1.001159546397763833e+00 1.000003788209855582e+00 9.554837242959315358e-01
1.482500000000000107e+01 1.001415599783600952e+00 1.000322021137589612e+00 1.000156182924788251e+00 9.612770680425730685e-01
1.487500000000000000e+01 1.002444473172910522e+00 9.998534354390158363e-01 9.999550899502297474e-01 9.630633785803742741e-01
1.492500000000000071e+01 1.002038351043690101e+00 1.000818819942108195e+00 9.999192266993819356e-01 9.557193111622448445e-01
1.497500000000000142e+01 1.001803712953594827e+00 9.999866115669192590e-01 9.998704312570093622e-01 9.603104637303094826e-01
1.502500000000000036e+01 1.001983134332742553e+00 1.000424073384247325e+00 1.000102033624622244e+00 9.622108656429424478e-01
1.507500000000000107e+01 1.000497329329627094e+00 1.000841319508198213e+00 9.999146750342184919e-01 9.585327569035043682e-01
1.512500000000000000e+01 1.001673899180572258e+00 9.996769543619820064e-01 1.000121907622803397e+00 9.566800216930406719e-01
1.517500000000000071e+01 9.998326037136004985e-01 1.000431243953251670e+00 1.000055194003466319e+00 9.566574639891901599e-01
1.522500000000000142e+01 1.002025058599671281e+00 1.000525704265305738e+00 9.998235131082938709e-01 9.566145663038184699e-01
1.527500000000000036e+01 1.000454398516826604e+00 1.000435290526918486e+00 1.000096016609038685e+00 9.572127459345491918e-01
1.532500000000000107e+01 1.001285146909284274e+00 1.000567009417996589e+00 9.998568752597051246e-01 9.618225318015283243e-01
1.537500000000000000e+01 1.001365113076293500e+00 1.000712505934729046e+00 1.000041217445091890e+00 9.519786122064908263e-01
1.542500000000000071e+01 1.001055904844369682e+00 1.000728412790831134e+00 1.000049680515451733e+00 9.643797226866271943e-01
1.547500000000000142e+01 1.000192416664017037e+00 1.000772090937408265e+00 9.998192604521863869e-01 9.564795287815218705e-01
1.552500000000000036e+01 1.001002544983970788e+00 1.000544520394788917e+00 9.998812648153573290e-01 9.633010675503046460e-01
1.557500000000000107e+01 1.001493455644009378e+00 1.001153862264989591e+00 9.999082099744427410e-01 9.611335344147647897e-01
1.562500000000000000e+01 1.001237921490103044e+00 1.001210736697145220e+00 9.999888640761430691e-01 9.630515362051975670e-01
1.567500000000000071e+01 1.001498072402175366e+00 1.000342757668494897e+00 1.000013220553530369e+00 9.634418648616354108e-01
1.572500000000000142e+01 1.001110589977733500e+00 1.000035550168309584e+00 1.000027601791112275e+00 9.596495909087620069e-01
1.577500000000000036e+01 1.000265692832028375e+00 1.001275905516260334e+00 1.000045260782664425e+00 9.610883439985684618e-01
1.582500000000000107e+01 1.000872922862487302e+00 1.001155341124654985e+00 9.999261502936404034e-01 9.513854950359844631e-01
1.587500000000000000e+01 1.000486907031197248e+00 9.998154568481484317e-01 1.000001641725756008e+00 9.559542300966697992e-01
1.592500000000000071e+01 1.001173960232348170e+00 1.000600413103021058e+00 1.000024032342857305e+00 9.598019041862586587e-01
1.597500000000000142e+01 1.001871337004971885e+00 1.000897973717741696e+00 9.999449459617862912e-01 9.491148185344739918e-01
1.602499999999999858e+01 1.000882924190253709e+00 1.000938164583213164e+00 9.998440893570905708e-01 9.577793387818505089e-01
1.607500000000000284e+01 9.995439039772172629e-01 1.000568130485242735e+00 9.997917536406145667e-01 9.593002230633685956e-01
1.612500000000000000e+01 9.986694642971175595e-01 9.992421217907939690e-01 9.987378775019121191e-01 9.587706884132703999e-01
1.617500000000000071e+01 9.962278759029810082e-01 9.966660944818759305e-01 9.955776895458720022e-01 9.516554985008308654e-01
1.622500000000000142e+01 9.903004929306192805e-01 9.894398416943389618e-01 9.889879790374542790e-01 9.425679805343097906e-01
1.627499999999999858e+01 9.812167130345639254e-01 9.810372993112740359e-01 9.805971670030400045e-01 9.292686457826194735e-01
1.632500000000000284e+01 9.722650114002338029e-01 9.716623856300798945e-01 9.716301474980383324e-01 9.188676155954370595e-01
1.637500000000000000e+01 9.621854935875077119e-01 9.630557678413566025e-01 9.626593743947134962e-01 9.238273906275112912e-01
1.642500000000000071e+01 9.541508013083490614e-01 9.538662918573005411e-01 9.536325349002755525e-01 9.033646905773197178e-01
1.647500000000000142e+01 9.456063118985988947e-01 9.446933731519835398e-01 9.446624300968676780e-01 8.997494322543441170e-01
1.652499999999999858e+01 9.362147684116470803e-01 9.362418556509678469e-01 9.356982968028626502e-01 8.852932631305825417e-01
1.657500000000000284e+01 9.278065536540888170e-01 9.267288534614989137e-01 9.268023831323706219e-01 8.808277968715341188e-01
1.662500000000000000e+01 9.200950031138099838e-01 9.185011763777882754e-01 9.179103931256823445e-01 8.663217269812776289e-01
1.667500000000000071e+01 9.106294077372912854e-01 9.091788641946983995e-01 9.092399062337440663e-01 8.631848269328706857e-01
1.672500000000000142e+01 9.013494979409969465e-01 9.005442455208901853e-01 9.005339958881173335e-01 8.494602074477474174e-01
1.677499999999999858e+01 8.932776120672626385e-01 8.924164792141057179e-01 8.920636006737557855e-01 8.430087792188688534e-01
1.682500000000000284e+01 8.841527225740021256e-01 8.839868156828282197e-01 8.834963324557125741e-01 8.359915359669360946e-01
1.687500000000000000e+01 8.758663016215371133e-01 8.751793801721791111e-01 8.747762137810254357e-01 8.251856071466011633e-01
1.692500000000000071e+01 8.685769591311232052e-01 8.670569967635505249e-01 8.663772362232391444e-01 8.166462527850152364e-01
1.697500000000000142e+01 8.579162675054506915e-01 8.586960417757529829e-01 8.578852407312477224e-01 8.129454018304275165e-01
1.702499999999999858e+01 8.510719259250041357e-01 8.505463275286676561e-01 8.494000000424478669e-01 8.052588679675087846e-01
1.707500000000000284e+01 8.424944083802913264e-01 8.415431944216601456e-01 8.411832872849522857e-01 7.991230746294312182e-01
1.712500000000000000e+01 8.333293514383079970e-01 8.328008901674553988e-01 8.328907650683027297e-01 7.883118883168517277e-01
1.717500000000000071e+01 8.256680406222510760e-01 8.252584125214907917e-01 8.245212169212308151e-01 7.852972590843040335e-01
1.722500000000000142e+01 8.177304384155437145e-01 8.172562485473783278e-01 8.164139454093631842e-01 7.729947139642767695e-01
1.727499999999999858e+01 8.094100129791085285e-01 8.082340221659285451e-01 8.082816058326275366e-01 7.623716961627228228e-01
1.732500000000000284e+01 8.010432597263553722e-01 8.001226755571466676e-01 8.000338587439485005e-01 7.537890531713020703e-01
1.737500000000000000e+01 7.920148179971131519e-01 7.930167068891329496e-01 7.922905103794848358e-01 7.449828053850341414e-01
1.742500000000000071e+01 7.847832952251377892e-01 7.845757227970556746e-01 7.841195514609313744e-01 7.430994478607331200e-01
1.747500000000000142e+01 7.765062343113199317e-01 7.771685286217766553e-01 7.761121833862298924e-01 7.376594046668796256e-01
1.752499999999999858e+01 7.688402441681392308e-01 7.694517511146650168e-01 7.682221768180991228e-01 7.298344479588848577e-01
1.757500000000000284e+01 7.607075224321061535e-01 7.611610454480095544e-01 7.603225978366729976e-01 7.179102858617483207e-01
1.762500000000000000e+01 7.526470785683221365e-01 7.523447032462802220e-01 7.524716677678146004e-01 7.182210202439260893e-01
1.767500000000000071e+01 7.458795579439542189e-01 7.455568355529197389e-01 7.446379097930293511e-01 7.007587917469070282e-01
1.772500000000000142e+01 7.371963819593673195e-01 7.377116025883745376e-01 7.368221426995714696e-01 6.943711868358457551e-01
1.777499999999999858e+01 7.298869167960130300e-01 7.296577731176909776e-01 7.291013070285727871e-01 6.922897147795882278e-01
1.782500000000000284e+01 7.221834187789553106e-01 7.223820986352531559e-01 7.215864665619861062e-01 6.871169025048113888e-01
1.787500000000000000e+01 7.148764549473211050e-01 7.147664119925796200e-01 7.139796258790435113e-01 6.718542183393227951e-01
1.792500000000000071e+01 7.066065480819834210e-01 7.071957981539902516e-01 7.062370906503254719e-01 6.713841526217666500e-01
1.797500000000000142e+01 7.002225934926245010e-01 6.986598850394681870e-01 6.988069586727628790e-01 6.668442009281012606e-01
1.802499999999999858e+01 6.923076493404306531e-01 6.911102224714613662e-01 6.912960056007687593e-01 6.540296750573311169e-01
1.807500000000000284e+01 6.836888052845463415e-01 6.844060213430822603e-01 6.839129326499853168e-01 6.486566776686265579e-01
1.812500000000000000e+01 6.769276115913421821e-01 6.772678194636965188e-01 6.766416120272918944e-01 6.390791387983967287e-01
1.817500000000000071e+01 6.695214826725942592e-01 6.694208706492043026e-01 6.691752693116530537e-01 6.348178498304148931e-01
1.822500000000000142e+01 6.614032293369950244e-01 6.617709830114183456e-01 6.617356953023922905e-01 6.300589399825669013e-01
1.827499999999999858e+01 6.550893938373355541e-01 6.552588406045730673e-01 6.545749753343491628e-01 6.209063908108780616e-01
1.832500000000000284e+01 6.473176647552583152e-01 6.467521987477098389e-01 6.473469141813283922e-01 6.147808894826101156e-01
1.837500000000000000e+01 6.403457584016696291e-01 6.404920585643035791e-01 6.401366118938619509e-01 6.120072293351650483e-01
1.842500000000000071e+01 6.328533881638670477e-01 6.331408208674731419e-01 6.328883576180690529e-01 6.007464388278864753e-01
1.847500000000000142e+01 6.265770427117413055e-01 6.255921998880020762e-01 6.256974812457581914e-01 5.955821762336818148e-01
1.852499999999999858e+01 6.190723915894937868e-01 6.192694793821158505e-01 6.185750541286926252e-01 5.879044704071950678e-01
1.857500000000000284e+01 6.120093861587094786e-01 6.116192386806007519e-01 6.116736135556317677e-01 5.798265876330571666e-01
1.862500000000000000e+01 6.050111553692067989e-01 6.052978520286499409e-01 6.045299866543067946e-01 5.753163991658731824e-01
1.867500000000000071e+01 5.976498722610242842e-01 5.979510154037498415e-01 5.976980512585191585e-01 5.665845892002021600e-01
1.872500000000000142e+01 5.908312676568415744e-01 5.906093241409398065e-01 5.907788917375744742e-01 5.579510437989182448e-01
1.877499999999999858e+01 5.838872932210451561e-01 5.841839434593976144e-01 5.837499232086470480e-01 5.521723788700537705e-01
1.882500000000000284e+01 5.770835714594667598e-01 5.773037351276512075e-01 5.770105392351678741e-01 5.550723513241677676e-01
1.887500000000000000e+01 5.709901250731281852e-01 5.702453870012872406e-01 5.702015090114115337e-01 5.484491419767218989e-01
1.892500000000000071e+01 5.635624148998875649e-01 5.630787748820405003e-01 5.632774301273804074e-01 5.313311460854659440e-01
1.897500000000000142e+01 5.578360959262660401e-01 5.572482009190315999e-01 5.566284294810905919e-01 5.304428339759631461e-01
1.902499999999999858e+01 5.499608885675089098e-01 5.497443496858249734e-01 5.499840012518389942e-01 5.192652073346614161e-01
1.907500000000000284e+01 5.436174917037142063e-01 5.432270611253728898e-01 5.431870036112579347e-01 5.202972709810042007e-01
1.912500000000000000e+01 5.366754413802636847e-01 5.368293298498438837e-01 5.365436246010789612e-01 5.084441445413079297e-01
1.917500000000000426e+01 5.306898259700004727e-01 5.305174481138728027e-01 5.298815273415375948e-01 5.036732140633430888e-01
1.922500000000000142e+01 5.243772439957584686e-01 5.231783751131595661e-01 5.233166103818701620e-01 5.009555734613262423e-01
1.927499999999999858e+01 5.175870167736197347e-01 5.173452398344022818e-01 5.167461728571636215e-01 4.875665165201260032e-01
1.932500000000000284e+01 5.107137091566967824e-01 5.107553571695424566e-01 5.103450281220328622e-01 4.857351099605886069e-01
1.937500000000000000e+01 5.039151632084047927e-01 5.037179837319079034e-01 5.038602903672912969e-01 4.835052316635186642e-01
1.942500000000000426e+01 4.975562453491163550e-01 4.977992706205317530e-01 4.972783431185233138e-01 4.808954867455062510e-01
1.947500000000000142e+01 4.912639186675995528e-01 4.914406444160581700e-01 4.910390503414775454e-01 4.683863497540414200e-01
1.952499999999999858e+01 4.843537930295103711e-01 4.845215081386590183e-01 4.844692982672181847e-01 4.622145347960464057e-01
1.957500000000000284e+01 4.783404788732424917e-01 4.784465179035001237e-01 4.782210990581767796e-01 4.546237325119777961e-01
1.962500000000000000e+01 4.722137027081062532e-01 4.722565865011059683e-01 4.719972995112104441e-01 4.545672520931285931e-01
1.967500000000000426e+01 4.661699095553313299e-01 4.657384059904110529e-01 4.656511191197622024e-01 4.417196768469627277e-01
1.972500000000000142e+01 4.599406135819416597e-01 4.593554275267536235e-01 4.593313952785586518e-01 4.377053013868307252e-01
1.977499999999999858e+01 4.537941906419429294e-01 4.532387784299155564e-01 4.531047027590339726e-01 4.363312896279578079e-01
1.982500000000000284e+01 4.467682552195462176e-01 4.471896444723577058e-01 4.470653150782685770e-01 4.257377862311528260e-01
1.987500000000000000e+01 4.414401545929668713e-01 4.410734681882427233e-01 4.407669276537333758e-01 4.224743936984683423e-01
1.992500000000000426e+01 4.347338830133014587e-01 4.350933716074461555e-01 4.348332766694687490e-01 4.132697531912852829e-01
1.997500000000000142e+01 4.287016740074661714e-01 4.287906841244717437e-01 4.286077558755890249e-01 4.099969153326776805e-01
