# r (Angstroms), cation-water g(r), anion-water g(r), water-water g(r), cation-anion g(r)
2.500000000000000139e-02 0.000000000000000000e+00 0.000000000000000000e+00 5.753772080293729960e+04 0.000000000000000000e+00
7.500000000000001110e-02 0.000000000000000000e+00 0.000000000000000000e+00 0.000000000000000000e+00 0.000000000000000000e+00
1.250000000000000000e-01 0.000000000000000000e+00 0.000000000000000000e+00 0.000000000000000000e+00 0.000000000000000000e+00
1.750000000000000167e-01 0.000000000000000000e+00 0.000000000000000000e+00 0.000000000000000000e+00 0.000000000000000000e+00
2.250000000000000056e-01 0.000000000000000000e+00 0.000000000000000000e+00 0.000000000000000000e+00 0.000000000000000000e+00
2.750000000000000222e-01 0.000000000000000000e+00 0.000000000000000000e+00 0.000000000000000000e+00 0.000000000000000000e+00
3.250000000000000666e-01 0.000000000000000000e+00 0.000000000000000000e+00 0.000000000000000000e+00 0.000000000000000000e+00
3.750000000000000000e-01 0.000000000000000000e+00 0.000000000000000000e+00 0.000000000000000000e+00 0.000000000000000000e+00
4.250000000000000444e-01 0.000000000000000000e+00 0.000000000000000000e+00 0.000000000000000000e+00 0.000000000000000000e+00
4.749999999999999778e-01 0.000000000000000000e+00 0.000000000000000000e+00 0.000000000000000000e+00 0.000000000000000000e+00
5.250000000000000222e-01 0.000000000000000000e+00 0.000000000000000000e+00 0.000000000000000000e+00 0.000000000000000000e+00
5.750000000000000666e-01 0.000000000000000000e+00 0.000000000000000000e+00 0.000000000000000000e+00 0.000000000000000000e+00
6.250000000000000000e-01 0.000000000000000000e+00 0.000000000000000000e+00 0.000000000000000000e+00 0.000000000000000000e+00
6.750000000000000444e-01 0.000000000000000000e+00 0.000000000000000000e+00 0.000000000000000000e+00 0.000000000000000000e+00
7.250000000000000888e-01 0.000000000000000000e+00 0.000000000000000000e+00 0.000000000000000000e+00 0.000000000000000000e+00
7.750000000000000222e-01 0.000000000000000000e+00 0.000000000000000000e+00 0.000000000000000000e+00 0.000000000000000000e+00
8.250000000000000666e-01 0.000000000000000000e+00 0.000000000000000000e+00 0.000000000000000000e+00 0.000000000000000000e+00
8.750000000000000000e-01 0.000000000000000000e+00 0.000000000000000000e+00 0.000000000000000000e+00 0.000000000000000000e+00
9.250000000000000444e-01 0.000000000000000000e+00 0.000000000000000000e+00 0.000000000000000000e+00 0.000000000000000000e+00
9.750000000000000888e-01 0.000000000000000000e+00 0.000000000000000000e+00 0.000000000000000000e+00 0.000000000000000000e+00
1.024999999999999911e+00 0.000000000000000000e+00 0.000000000000000000e+00 0.000000000000000000e+00 0.000000000000000000e+00
1.075000000000000178e+00 0.000000000000000000e+00 0.000000000000000000e+00 0.000000000000000000e+00 0.000000000000000000e+00
1.125000000000000000e+00 0.000000000000000000e+00 0.000000000000000000e+00 0.000000000000000000e+00 0.000000000000000000e+00
1.175000000000000266e+00 0.000000000000000000e+00 0.000000000000000000e+00 0.000000000000000000e+00 0.000000000000000000e+00
1.225000000000000089e+00 0.000000000000000000e+00 0.000000000000000000e+00 0.000000000000000000e+00 0.000000000000000000e+00
1.274999999999999911e+00 0.000000000000000000e+00 0.000000000000000000e+00 0.000000000000000000e+00 0.000000000000000000e+00
1.325000000000000178e+00 0.000000000000000000e+00 0.000000000000000000e+00 0.000000000000000000e+00 0.000000000000000000e+00
1.375000000000000000e+00 0.000000000000000000e+00 0.000000000000000000e+00 0.000000000000000000e+00 0.000000000000000000e+00
1.425000000000000266e+00 0.000000000000000000e+00 0.000000000000000000e+00 0.000000000000000000e+00 0.000000000000000000e+00
1.475000000000000089e+00 0.000000000000000000e+00 0.000000000000000000e+00 0.000000000000000000e+00 0.000000000000000000e+00
1.524999999999999911e+00 0.000000000000000000e+00 0.000000000000000000e+00 0.000000000000000000e+00 0.000000000000000000e+00
1.575000000000000178e+00 0.000000000000000000e+00 0.000000000000000000e+00 0.000000000000000000e+00 0.000000000000000000e+00
1.625000000000000000e+00 0.000000000000000000e+00 0.000000000000000000e+00 0.000000000000000000e+00 0.000000000000000000e+00
1.675000000000000266e+00 0.000000000000000000e+00 0.000000000000000000e+00 0.000000000000000000e+00 0.000000000000000000e+00
1.725000000000000089e+00 0.000000000000000000e+00 0.000000000000000000e+00 0.000000000000000000e+00 0.000000000000000000e+00
1.774999999999999911e+00 0.000000000000000000e+00 0.000000000000000000e+00 0.000000000000000000e+00 0.000000000000000000e+00
1.825000000000000178e+00 0.000000000000000000e+00 0.000000000000000000e+00 0.000000000000000000e+00 0.000000000000000000e+00
1.875000000000000000e+00 0.000000000000000000e+00 0.000000000000000000e+00 0.000000000000000000e+00 0.000000000000000000e+00
1.925000000000000266e+00 0.000000000000000000e+00 0.000000000000000000e+00 0.000000000000000000e+00 0.000000000000000000e+00
1.975000000000000089e+00 0.000000000000000000e+00 0.000000000000000000e+00 0.000000000000000000e+00 0.000000000000000000e+00
2.025000000000000355e+00 5.845994959955005217e-04 0.000000000000000000e+00 0.000000000000000000e+00 0.000000000000000000e+00
2.075000000000000178e+00 1.030018602984066750e-02 0.000000000000000000e+00 0.000000000000000000e+00 0.000000000000000000e+00
2.125000000000000000e+00 1.637750795269259374e-01 0.000000000000000000e+00 0.000000000000000000e+00 0.000000000000000000e+00
2.174999999999999822e+00 1.215690870774256194e+00 0.000000000000000000e+00 0.000000000000000000e+00 0.000000000000000000e+00
2.225000000000000089e+00 3.815979409364701702e+00 0.000000000000000000e+00 0.000000000000000000e+00 0.000000000000000000e+00
2.275000000000000355e+00 6.718433232588939319e+00 0.000000000000000000e+00 0.000000000000000000e+00 0.000000000000000000e+00
2.325000000000000178e+00 8.106256404456964049e+00 0.000000000000000000e+00 0.000000000000000000e+00 0.000000000000000000e+00
2.375000000000000000e+00 7.510784093966141661e+00 0.000000000000000000e+00 1.444994534982876456e-05 0.000000000000000000e+00
2.425000000000000266e+00 5.880408626615663437e+00 0.000000000000000000e+00 1.405590914701615847e-03 0.000000000000000000e+00
2.475000000000000089e+00 4.179031366918645851e+00 0.000000000000000000e+00 2.566786620718828835e-02 0.000000000000000000e+00
2.525000000000000355e+00 2.756304522957634173e+00 0.000000000000000000e+00 1.920336405796938817e-01 0.000000000000000000e+00
2.575000000000000178e+00 1.778259425437502816e+00 0.000000000000000000e+00 7.237835828917343894e-01 1.807725348620009276e-01
2.625000000000000000e+00 1.182524028682947259e+00 0.000000000000000000e+00 1.643224118184116955e+00 2.609276321012681699e+00
2.675000000000000266e+00 7.975143836228415495e-01 0.000000000000000000e+00 2.582903686627896711e+00 9.380551456181292380e+00
2.725000000000000089e+00 5.512467859441194662e-01 0.000000000000000000e+00 3.106724545767796553e+00 1.727186122870301332e+01
2.775000000000000355e+00 3.952078265423982217e-01 0.000000000000000000e+00 3.115488516042674405e+00 2.739526485681846779e+01
2.825000000000000178e+00 2.922773455737124881e-01 0.000000000000000000e+00 2.762416526426075603e+00 3.244188419523221967e+01
2.875000000000000000e+00 2.214384091604602312e-01 0.000000000000000000e+00 2.278558595754067717e+00 3.262844928690474688e+01
2.925000000000000266e+00 1.724631431511768620e-01 0.000000000000000000e+00 1.820112127201536145e+00 2.101500525806379116e+01
2.975000000000000089e+00 1.451814676781396640e-01 7.042384626178416034e-03 1.448391536131179658e+00 1.923112724841029220e+01
3.025000000000000355e+00 1.286327049284021473e-01 6.536427674060353576e-02 1.182265286845497032e+00 1.375400612778230602e+01
3.075000000000000178e+00 1.237230360852569905e-01 3.005607772112134368e-01 1.002183466556616720e+00 7.479158943678445581e+00
3.125000000000000000e+00 1.139040661817859873e-01 8.578399984315757676e-01 8.891358770637254327e-01 5.400623827584681180e+00
3.175000000000000266e+00 1.174792242025439609e-01 1.740309641121896123e+00 8.205227020817102979e-01 2.734840239532906114e+00
3.225000000000000089e+00 1.225083490642135953e-01 2.722612641856050786e+00 7.839935051854606263e-01 2.535450309889651255e+00
3.275000000000000355e+00 1.312011411948558470e-01 3.369768322358166923e+00 7.696674673533894229e-01 1.564579196531500571e+00
3.325000000000000178e+00 1.437648120466830937e-01 3.601601275549596970e+00 7.660331285440211690e-01 1.192619104459663681e+00
3.375000000000000000e+00 1.541638995353722674e-01 3.429173374852680034e+00 7.733105337381593891e-01 1.052313307408684562e+00
3.425000000000000266e+00 1.838242736914532105e-01 2.972864601878343560e+00 7.844122022356162516e-01 8.174509113572129282e-01
3.475000000000000089e+00 2.133142482726194666e-01 2.419811421307546340e+00 7.992050088532163254e-01 8.933588806205563504e-01
3.525000000000000355e+00 2.493650492813065944e-01 1.942153399296149052e+00 8.153183700923039012e-01 2.893985098042243242e-01
3.575000000000000178e+00 3.034938544582699294e-01 1.523096476020489254e+00 8.332320608750100055e-01 4.689336440949782303e-01
3.625000000000000000e+00 3.525552214155388553e-01 1.197775578889376691e+00 8.523325775550202321e-01 2.736521770366407980e-01
3.675000000000000266e+00 4.263656145952306464e-01 9.669553228590835880e-01 8.720426449582687756e-01 8.875220953272912328e-02
3.725000000000000089e+00 4.948168661996076856e-01 7.890463086360364198e-01 8.924056736160359549e-01 1.727712521646674881e-01
3.775000000000000355e+00 5.854226733455705212e-01 6.797127332335568539e-01 9.130458930132063777e-01 2.523373592006769583e-01
3.825000000000000178e+00 6.583721098896073709e-01 5.879960966497899122e-01 9.335991795771869661e-01 7.373505461680520678e-01
3.875000000000000000e+00 7.663415159004652866e-01 5.650172134941138236e-01 9.560289223878682963e-01 2.394817237188954229e-01
3.925000000000000266e+00 8.578934517457502684e-01 5.334407314682444445e-01 9.768035841800782881e-01 1.556128154808181230e-01
3.975000000000000089e+00 9.426531367691237673e-01 5.446086326143200207e-01 9.987782463298028324e-01 1.517227002686502291e-01
4.025000000000000355e+00 1.046120951591114290e+00 5.487714193331419965e-01 1.019783178949499547e+00 6.658949405417660117e-01
4.075000000000000178e+00 1.158261639138150834e+00 5.558876282564438887e-01 1.039919002753711741e+00 1.443676479045433170e-01
4.125000000000000000e+00 1.214886534844143551e+00 5.997648125746861680e-01 1.058564465277754829e+00 4.226672393056280508e-01
4.175000000000000711e+00 1.302041366930662969e+00 6.321096569571487134e-01 1.076622343557339434e+00 4.126042147239874502e-01
4.224999999999999645e+00 1.369310338705867380e+00 6.735083707934410580e-01 1.091218665255866860e+00 4.700457223882440472e-01
4.275000000000000355e+00 1.410269873781587746e+00 7.272380411352546981e-01 1.104094656746382297e+00 9.838176963409831499e-01
4.325000000000000178e+00 1.442315948864423714e+00 7.646683942508960552e-01 1.115339052815979670e+00 1.345683087175799653e+00
4.375000000000000000e+00 1.472850173787108918e+00 8.134837262423805226e-01 1.122227290237137742e+00 1.064605338423438630e+00
4.425000000000000711e+00 1.493195940120282339e+00 8.815806302751798551e-01 1.126356411026978588e+00 7.958161373222233381e-01
4.474999999999999645e+00 1.512748600756327999e+00 9.205302390310438065e-01 1.128318556824450036e+00 1.855545705830181191e+00
4.525000000000000355e+00 1.499289536893920971e+00 9.785687360399353274e-01 1.127509754458364988e+00 2.283092887386783953e+00
4.575000000000000178e+00 1.474371531514358624e+00 1.016454469327960908e+00 1.123719193146181627e+00 2.290730676270124722e+00
4.625000000000000000e+00 1.465640915174115211e+00 1.069797389087709272e+00 1.117686386453711878e+00 2.913910441179659472e+00
4.675000000000000711e+00 1.433141986585084293e+00 1.126615999710336435e+00 1.110116685908328238e+00 2.961603737920269985e+00
4.724999999999999645e+00 1.382140007574442331e+00 1.139891018949344748e+00 1.099796019455249407e+00 3.489845802444888179e+00
4.775000000000000355e+00 1.336786474144171510e+00 1.185959024312504440e+00 1.088495682574329715e+00 3.364571902832584893e+00
4.825000000000001066e+00 1.278950186771664832e+00 1.195488904454560686e+00 1.076801194396541872e+00 3.501151880051256438e+00
4.875000000000000000e+00 1.223294113774690217e+00 1.207406522208803068e+00 1.063474525613603783e+00 2.774023924202521751e+00
4.925000000000000711e+00 1.175602623007811154e+00 1.223340322525468205e+00 1.049621450279278889e+00 3.953432672269742376e+00
4.974999999999999645e+00 1.103613349076847827e+00 1.223767145770706888e+00 1.036292159909824040e+00 3.002634177758670031e+00
5.025000000000000355e+00 1.051806383490181407e+00 1.226878006106590924e+00 1.022513502130528940e+00 3.655237240093152540e+00
5.075000000000001066e+00 9.977677858456163174e-01 1.213014579517708080e+00 1.008772691213246642e+00 3.583568240594825483e+00
5.125000000000000000e+00 9.584056177193290837e-01 1.214379005166960956e+00 9.947459893122821972e-01 3.377078030152390387e+00
5.175000000000000711e+00 9.245335976983337645e-01 1.208303108223480749e+00 9.806443187519048310e-01 2.954067459725504996e+00
5.224999999999999645e+00 8.956840151978726627e-01 1.185683668157772264e+00 9.681407248559381618e-01 3.468580254932938978e+00
5.275000000000000355e+00 8.714616160556597491e-01 1.167276095415729742e+00 9.556440327682634850e-01 3.316981929623618708e+00
5.325000000000001066e+00 8.785075239891342314e-01 1.164607943696499337e+00 9.432603174739487839e-01 3.170439048175587970e+00
5.375000000000000000e+00 8.682138548964024594e-01 1.126113946745587180e+00 9.308559450630563559e-01 3.277687782510551706e+00
5.425000000000000711e+00 8.579857610722548822e-01 1.115104535858600032e+00 9.194828863079822501e-01 3.461919191642536475e+00
5.474999999999999645e+00 8.554225299634546920e-01 1.102828064410158904e+00 9.098530271565838934e-01 2.879133421716938201e+00
5.525000000000000355e+00 8.674186332101997410e-01 1.073965578012628486e+00 9.013480134444388225e-01 2.748723600032321635e+00
5.575000000000001066e+00 8.734108557118820393e-01 1.059377524420439309e+00 8.947499717349290949e-01 2.391110215663738714e+00
5.625000000000000000e+00 8.777658505046785908e-01 1.029831112650806402e+00 8.925306525148509751e-01 2.083604737926513906e+00
5.675000000000000711e+00 8.935936838840161656e-01 1.021962404601912455e+00 8.917152352511857893e-01 2.158708553678743147e+00
5.724999999999999645e+00 8.920603342148972770e-01 9.888659960985818342e-01 8.927665364555373850e-01 2.157738591287264196e+00
5.775000000000000355e+00 9.109683751067473301e-01 9.704512387065921120e-01 8.986078001093923406e-01 1.473593599754463801e+00
5.825000000000001066e+00 9.229163356781577843e-01 9.590911233426336890e-01 9.054940774925476221e-01 1.837000936086668368e+00
5.875000000000000000e+00 9.343967829640275058e-01 9.406825860457375121e-01 9.137050999776283877e-01 1.493312334328892765e+00
5.925000000000000711e+00 9.477500121432689273e-01 9.259316507295877186e-01 9.228394528479826331e-01 1.570648865460617882e+00
5.974999999999999645e+00 9.662351105182908073e-01 9.033482399226706594e-01 9.336159291262378090e-01 1.712349386212830504e+00
6.025000000000000355e+00 9.691854093118698055e-01 8.816149788156318889e-01 9.444419417001319594e-01 1.584985167352722213e+00
6.075000000000001066e+00 9.664190861253525444e-01 8.665779746903220504e-01 9.555995445757560214e-01 1.559002390657601378e+00
6.125000000000000000e+00 9.801322768030915622e-01 8.486534556059106560e-01 9.663281827684895298e-01 1.661457764824643357e+00
6.175000000000000711e+00 9.937793645676503695e-01 8.448680670015553673e-01 9.767761275151002343e-01 1.414610173205461896e+00
6.224999999999999645e+00 1.002254298783270103e+00 8.626235495870205883e-01 9.868294006590559997e-01 1.515708176919855488e+00
6.275000000000000355e+00 1.008142189638444375e+00 8.433909884329228168e-01 9.968240378270240010e-01 1.582975325699764957e+00
6.325000000000001066e+00 1.014917873224505440e+00 8.486862326656663402e-01 1.005098041679178600e+00 1.348309990113150114e+00
6.375000000000000000e+00 1.011654168723268965e+00 8.612332864932784604e-01 1.013674704597395948e+00 1.592691694199898755e+00
6.425000000000000711e+00 1.021261172530337102e+00 8.585086527830299019e-01 1.021382256920586373e+00 1.713184418392706743e+00
6.474999999999999645e+00 1.027878806173896820e+00 8.875575672803307503e-01 1.028015239130702252e+00 1.458105783123852639e+00
6.525000000000000355e+00 1.024405067064826591e+00 8.958828571172936517e-01 1.033680457241399564e+00 1.745537134008114499e+00
6.575000000000001066e+00 1.019004527213838607e+00 8.904332232305302020e-01 1.038677628086136728e+00 1.469544772722741088e+00
6.625000000000000000e+00 1.030227069442986920e+00 9.153871885478365167e-01 1.042736778399722342e+00 1.747860256192539818e+00
6.675000000000000711e+00 1.033736534246163741e+00 9.278743803812670166e-01 1.045938849075340071e+00 1.883189522374273617e+00
6.724999999999999645e+00 1.016831951741191231e+00 9.406590068877002109e-01 1.048179530426614825e+00 1.775778463877487390e+00
6.775000000000000355e+00 1.010783821288106177e+00 9.653447718115054643e-01 1.049249909135371306e+00 1.697435756309794375e+00
6.825000000000001066e+00 1.011313620658525814e+00 9.761106427180459288e-01 1.049066961711378143e+00 2.187319535775437807e+00
6.875000000000000000e+00 1.013673876322578771e+00 9.839263229232044772e-01 1.048831071760083722e+00 1.673775383084991519e+00
6.925000000000000711e+00 1.011086659250549413e+00 1.004887813944026931e+00 1.047574712417442599e+00 1.624697358564330063e+00
6.974999999999999645e+00 1.000880594614572239e+00 1.030988565139127511e+00 1.045055886090745290e+00 1.626126067611002757e+00
7.025000000000000355e+00 1.000115653202669375e+00 1.038176203731340896e+00 1.041954958172342183e+00 1.918815246818799336e+00
7.075000000000001066e+00 9.884004760891410557e-01 1.043094762882299076e+00 1.039268365904144842e+00 1.748109866856627503e+00
7.125000000000000000e+00 9.877286910423468402e-01 1.068362977710677786e+00 1.035367522053184608e+00 1.629213991248851023e+00
7.175000000000000711e+00 9.791096245483913441e-01 1.063862877345141511e+00 1.030502786283586714e+00 1.932560434651173331e+00
7.224999999999999645e+00 9.761677259826465614e-01 1.071348155146817582e+00 1.026749751931631982e+00 1.331837127025793377e+00
7.275000000000000355e+00 9.832470611132666516e-01 1.083714282818210917e+00 1.022271601113472261e+00 1.630667259412982073e+00
7.325000000000001066e+00 9.646868725126147570e-01 1.090975022443461340e+00 1.017884499044691138e+00 1.697841746814847230e+00
7.375000000000000000e+00 9.615458859544866455e-01 1.090446939951594141e+00 1.012704728649938435e+00 1.630822020137792316e+00
7.425000000000000711e+00 9.737518113660599273e-01 1.088051219045946150e+00 1.008724299221164022e+00 1.761128404426625771e+00
7.474999999999999645e+00 9.721813416714049083e-01 1.086630069722442915e+00 1.004638271563970120e+00 1.673289744701213388e+00
7.525000000000000355e+00 9.652955856184490813e-01 1.081234357189955197e+00 1.001247951013679360e+00 1.714632188660213385e+00
7.575000000000001066e+00 9.778084676889170490e-01 1.083740503658206400e+00 9.978318576927623917e-01 1.733851111309607784e+00
7.625000000000000000e+00 9.776442657958818172e-01 1.061430564745575289e+00 9.946000232448480860e-01 1.587486471241731367e+00
7.675000000000000711e+00 9.816339152804434143e-01 1.069256544617043447e+00 9.924593187489800794e-01 1.566870055484953284e+00
7.724999999999999645e+00 9.780870728606146924e-01 1.054555990722781722e+00 9.901288283952965896e-01 1.365875076077582406e+00
7.775000000000000355e+00 9.886086597273324728e-01 1.042206132644735828e+00 9.881673084316626721e-01 1.269048563342144220e+00
7.825000000000001066e+00 1.000563757888759620e+00 1.042515747346129062e+00 9.864573182344867908e-01 1.429069169569749498e+00
7.875000000000000000e+00 9.967896704597674074e-01 1.030498560829972154e+00 9.861660353293100201e-01 1.217695007639280735e+00
7.925000000000000711e+00 1.004997398862274904e+00 1.019635877439649008e+00 9.856239927396364120e-01 1.202378292535290383e+00
7.974999999999999645e+00 1.005816328043129815e+00 1.027735163103731031e+00 9.852533321865354354e-01 1.243889177987681283e+00
8.025000000000000355e+00 1.014335600512446645e+00 1.011897338522481649e+00 9.852486984378661106e-01 1.228437338455722116e+00
8.074999999999999289e+00 1.019938641791547251e+00 1.004662448879686476e+00 9.858529148279906451e-01 1.139740024711640265e+00
8.125000000000000000e+00 1.010547279296165835e+00 9.904834082401553497e-01 9.866429835891920019e-01 1.198385058549042315e+00
8.175000000000000711e+00 1.020500099591691301e+00 9.958920159204994738e-01 9.875938903062054797e-01 1.381065920321989493e+00
8.225000000000001421e+00 1.017255590874763582e+00 9.876833833019569298e-01 9.884168590986520675e-01 1.151703710145259629e+00
8.275000000000000355e+00 1.024115157807609533e+00 9.702521340729245436e-01 9.898212340369445528e-01 1.207848111047536310e+00
8.324999999999999289e+00 1.022314173932562520e+00 9.765678241372416357e-01 9.918637085589747659e-01 1.366337101637186358e+00
8.375000000000000000e+00 1.029096179506383990e+00 9.735039998934067462e-01 9.922311646646733152e-01 1.093728710492021916e+00
8.425000000000000711e+00 1.027641086395466585e+00 9.744292962909176792e-01 9.935559204556758672e-01 1.232770764085074910e+00
8.475000000000001421e+00 1.026932956233945315e+00 9.765166978316905944e-01 9.952786553006195414e-01 1.068070353440684128e+00
8.525000000000000355e+00 1.034054541516977954e+00 9.727320311834565247e-01 9.965771524313167262e-01 8.411640739670768196e-01
8.574999999999999289e+00 1.014450529113501531e+00 9.661487949376490469e-01 9.976129325586295948e-01 1.141114205976942353e+00
8.625000000000000000e+00 1.024717393206425742e+00 9.776024681693066265e-01 9.987626446696814542e-01 1.240714510211412769e+00
8.675000000000000711e+00 1.018275032270028024e+00 9.810513696638173409e-01 9.993293507451743718e-01 1.337949361969065665e+00
8.725000000000001421e+00 1.022147478333151893e+00 9.840108197407941848e-01 1.000174244166176507e+00 1.495863982772077660e+00
8.775000000000000355e+00 1.020432908554044893e+00 9.809861115520777108e-01 1.000517413180526338e+00 1.120824539913826356e+00
8.824999999999999289e+00 1.017136960959064584e+00 9.805830723551578476e-01 1.001046046933401934e+00 1.031204436404947078e+00
8.875000000000000000e+00 1.010821884832394213e+00 9.868989074610937662e-01 1.002019050941421296e+00 1.263108856118284828e+00
8.925000000000000711e+00 1.007112168921097117e+00 9.889490576057972104e-01 1.001722344641044815e+00 1.128610893659897529e+00
8.975000000000001421e+00 1.005773335309130045e+00 9.893298906811399673e-01 1.001929051407395965e+00 1.071428066258172551e+00
9.025000000000000355e+00 1.002018189851348939e+00 9.886408761606122475e-01 1.001813306505692003e+00 1.015439653092220063e+00
9.074999999999999289e+00 1.000118416159151868e+00 1.002563622287666156e+00 1.001626002175768138e+00 1.339041451329306742e+00
9.125000000000000000e+00 1.001194309407723804e+00 9.957959102297762044e-01 1.001068433134625346e+00 1.194845684719058498e+00
9.175000000000000711e+00 9.922199307813288627e-01 9.926328692445282043e-01 1.000923990101218797e+00 1.153379845487896960e+00
9.225000000000001421e+00 9.920995805352702535e-01 1.006790570277561470e+00 1.000757855488833004e+00 1.380361452295825853e+00
9.275000000000000355e+00 9.919520162941484198e-01 1.002499953874351757e+00 1.000285890220957929e+00 1.128643254949094343e+00
9.324999999999999289e+00 9.880148697236621480e-01 1.003646882200524448e+00 9.997529947610059864e-01 1.433623719218417802e+00
9.375000000000000000e+00 9.842959952865834028e-01 1.000689108770129288e+00 9.996023353582741411e-01 1.363819757366545815e+00
9.425000000000000711e+00 9.814503286910725155e-01 1.014280937214100176e+00 9.991707069903641436e-01 1.254930782014625379e+00
9.475000000000001421e+00 9.864072251354558674e-01 1.015020217954228476e+00 9.985956123732210310e-01 1.188313747489855965e+00
9.525000000000000355e+00 9.847191170122114867e-01 1.012424746652830443e+00 9.984400757601256116e-01 1.387263286726268197e+00
9.575000000000001066e+00 9.831954234731714592e-01 1.004938162691733750e+00 9.980408637543685124e-01 1.111324614298132785e+00
9.625000000000000000e+00 9.854412658997859786e-01 1.008006746496537875e+00 9.981284227090179151e-01 1.190380857168108486e+00
9.675000000000000711e+00 9.880877006303505627e-01 1.009421717935079288e+00 9.977935772281991689e-01 1.434219650738057794e+00
9.725000000000001421e+00 9.896138164595899012e-01 1.010881115597910274e+00 9.974221091404827932e-01 1.064632376411746240e+00
9.775000000000000355e+00 9.883850257293925745e-01 1.011906652414199970e+00 9.976154640146839281e-01 1.329755961914449225e+00
9.825000000000001066e+00 9.880115690820567842e-01 1.009829133454743344e+00 9.976932529694195750e-01 1.167245902693529125e+00
9.875000000000000000e+00 9.959413019597830319e-01 1.008085878269426638e+00 9.977140905068777599e-01 1.069411071800613788e+00
9.925000000000000711e+00 9.867228816645422507e-01 1.002505483005294407e+00 9.981379005815258498e-01 1.143843119530226105e+00
9.975000000000001421e+00 9.914324353682198998e-01 1.000190502156145467e+00 9.984297090916934847e-01 1.216732799973149204e+00
1.002500000000000036e+01 9.862190443591373201e-01 1.004336143918705071e+00 9.987048627543525514e-01 1.144991150571753824e+00
1.007500000000000107e+01 9.904953653154057180e-01 1.004571577810559058e+00 9.989349994184981707e-01 1.310788244095640653e+00
1.012500000000000000e+01 9.932712941186835343e-01 1.004613077486293804e+00 9.992655084763868434e-01 1.099100656242642637e+00
1.017500000000000071e+01 9.958523341912161042e-01 9.988857513672022570e-01 9.997361965017248497e-01 1.123059030804040903e+00
1.022500000000000142e+01 1.000789015434803364e+00 9.967877396287436742e-01 1.000159060992282800e+00 1.077707523695129010e+00
1.027500000000000036e+01 9.997355396370869451e-01 9.946718054435450540e-01 1.000533906590050037e+00 1.112659082885894213e+00
1.032500000000000107e+01 1.001488961813836065e+00 9.911220235660465061e-01 1.001056428863168035e+00 1.101908837617531889e+00
1.037500000000000000e+01 1.004320354868339704e+00 9.955007589015179015e-01 1.001702939319822461e+00 1.202672177293882649e+00
1.042500000000000071e+01 9.984927543152068985e-01 9.997942106672762508e-01 1.002140824704386590e+00 1.191163440877073487e+00
1.047500000000000142e+01 1.007379810500408368e+00 1.002682382549259676e+00 1.002215392665409377e+00 1.103349355967480960e+00
1.052500000000000036e+01 1.006379615031197661e+00 9.917824847621036222e-01 1.002599704920107637e+00 1.038787624783559904e+00
1.057500000000000107e+01 1.006671641328780842e+00 1.002352036232255328e+00 1.002817974777034493e+00 1.018269191488683667e+00
1.062500000000000000e+01 1.005480183244896297e+00 9.947347880281625088e-01 1.003264317110726278e+00 1.136123802559811491e+00
1.067500000000000071e+01 1.007106887483973701e+00 9.947578788160030827e-01 1.003400018021755047e+00 9.782434464406079000e-01
1.072500000000000142e+01 1.011379475510429060e+00 9.958210738439472465e-01 1.003570325014502718e+00 1.010827167882617061e+00
1.077500000000000036e+01 1.006124032945604041e+00 9.959338407411391092e-01 1.003456473958130646e+00 1.218280324343324006e+00
1.082500000000000107e+01 1.002865867891034712e+00 9.950200297993321286e-01 1.003795318400406700e+00 8.694866203320917863e-01
1.087500000000000000e+01 1.005513621137811731e+00 1.006456214142063654e+00 1.003240694936075261e+00 8.919159610124933746e-01
1.092500000000000071e+01 9.966020693645163409e-01 1.002959192455237680e+00 1.003738336726366365e+00 9.239420605787828089e-01
1.097500000000000142e+01 9.990759602555362440e-01 1.007236231660296966e+00 1.003157449368783816e+00 1.124525205777990866e+00
1.102500000000000036e+01 1.006108842520771596e+00 1.002371337116990446e+00 1.002681993832637009e+00 1.005872166716838434e+00
1.107500000000000107e+01 1.002195047113460191e+00 1.001970276159655615e+00 1.002902117898228473e+00 8.209026138948490869e-01
1.112500000000000000e+01 1.006058811114923124e+00 1.001071034225454737e+00 1.002449365207593868e+00 1.055665399906877466e+00
1.117500000000000071e+01 9.989191210518845176e-01 1.007308237144892482e+00 1.002315810807638874e+00 1.084634002871749159e+00
1.122500000000000142e+01 1.001341593710586064e+00 1.012443511283219522e+00 1.002013511823829583e+00 9.322947061851587502e-01
1.127500000000000036e+01 1.005001965809292575e+00 1.001192640061193018e+00 1.001464459968782750e+00 9.146153405090856614e-01
1.132500000000000107e+01 9.998203386506873125e-01 1.001212885136062436e+00 1.000923684072683839e+00 8.785192592299854164e-01
1.137500000000000000e+01 1.002639265356566334e+00 1.010263511086848753e+00 1.000618812446137484e+00 8.708129995705188309e-01
1.142500000000000071e+01 1.000540365373878027e+00 1.007115436748369230e+00 1.000071919087627492e+00 8.540246338375535595e-01
1.147500000000000142e+01 9.981759024673096947e-01 1.000788523273395514e+00 9.999640821029287530e-01 1.055972172494623162e+00
1.152500000000000036e+01 9.965456946144846118e-01 1.008448869273053994e+00 9.997945483692097790e-01 8.663417492211262783e-01
1.157500000000000107e+01 9.984939284030281970e-01 1.007565777975637733e+00 9.994610913479962111e-01 8.946597211646580838e-01
1.162500000000000000e+01 9.942073327010174655e-01 1.006350092815459396e+00 9.989154950171802438e-01 8.426312716376866963e-01
1.167500000000000071e+01 9.911269857959207341e-01 1.009990100870959528e+00 9.987533652057416500e-01 7.474894085679718581e-01
1.172500000000000142e+01 1.001926360753228051e+00 1.009206851839624886e+00 9.983418828998366079e-01 8.631959491656114869e-01
1.177500000000000036e+01 1.003265171425322011e+00 1.005279517083516039e+00 9.981164001798540353e-01 1.054721760942793241e+00
1.182500000000000107e+01 9.999250875089279456e-01 1.007151540612935214e+00 9.980114232882492109e-01 9.000920236307926592e-01
1.187500000000000000e+01 9.934604667229973707e-01 1.007409408539760909e+00 9.979424376842966904e-01 8.840280005749073799e-01
1.192500000000000071e+01 9.977907452708640879e-01 1.001836731363502819e+00 9.980963520870616001e-01 9.356342839227018704e-01
1.197500000000000142e+01 1.001755087890190632e+00 1.004655624554809279e+00 9.979130219782254008e-01 9.027606910052368150e-01
1.202500000000000036e+01 9.971140761450213441e-01 1.001532394175260077e+00 9.979245598044071963e-01 7.957946170786464046e-01
1.207500000000000107e+01 9.977111066438218989e-01 1.002364203490093697e+00 9.978934488488577781e-01 9.371961845847982531e-01
1.212500000000000000e+01 9.967641800856137380e-01 1.005602418897353356e+00 9.979004318944736385e-01 7.745688995528360321e-01
1.217500000000000071e+01 1.001936796411834196e+00 9.968261117147971806e-01 9.982084710600815924e-01 9.380370646460328699e-01
1.222500000000000142e+01 9.961157973411713940e-01 9.963403717423240380e-01 9.983183589035619088e-01 8.180924613417459579e-01
1.227500000000000036e+01 9.985103899815855888e-01 1.005741764275441152e+00 9.984039002386841943e-01 9.228156414600958701e-01
1.232500000000000107e+01 1.002727230846637729e+00 1.000770289589968609e+00 9.986435836792837417e-01 8.679981380387030709e-01
1.237500000000000000e+01 1.003344673911007456e+00 1.001528750453318128e+00 9.987895551534946570e-01 8.296891660131902047e-01
1.242500000000000071e+01 9.944161126933862560e-01 9.966211986281187096e-01 9.986561202552963756e-01 7.609099352245721759e-01
1.247500000000000142e+01 1.002858964180990187e+00 9.983300280509592728e-01 9.991600865354172134e-01 8.780590456182492121e-01
1.252500000000000036e+01 1.000537646324333840e+00 1.000843282323058414e+00 9.991253635014279988e-01 1.016239695758802464e+00
1.257500000000000107e+01 9.958564242370855357e-01 1.002163199079827649e+00 9.993378852344109164e-01 8.565691793628213979e-01
1.262500000000000000e+01 1.003453412817399970e+00 1.000821295375661224e+00 9.994683418885943471e-01 7.670742258781612088e-01
1.267500000000000071e+01 1.002409015671229087e+00 9.961939021993968524e-01 9.998422857241716644e-01 7.610343026733360494e-01
1.272500000000000142e+01 9.979300138982960533e-01 1.000772613190155091e+00 9.998457925741672803e-01 7.476628345775316875e-01
1.277500000000000036e+01 1.006519906869409731e+00 9.976253906570989871e-01 1.000191565083512701e+00 7.271322089337456385e-01
1.282500000000000107e+01 1.003001373314391431e+00 9.986288059132345518e-01 1.000478810030214660e+00 6.850355595145920518e-01
1.287500000000000000e+01 9.968532098449812695e-01 1.004706205622398763e+00 1.000380766870853977e+00 7.737297865411227882e-01
1.292500000000000071e+01 9.993803155108047509e-01 9.952043019581501282e-01 1.000511268954348276e+00 7.247033828489978236e-01
1.297500000000000142e+01 9.992970654015074228e-01 9.994109867906617595e-01 1.000590457653097731e+00 9.184912000569613877e-01
1.302500000000000036e+01 1.006604440504441422e+00 9.987263778572147421e-01 1.000575157792998438e+00 7.277492849007662912e-01
1.307500000000000107e+01 9.990046137016429517e-01 1.000505094385337745e+00 1.000642128938992625e+00 7.221939739278716575e-01
1.312500000000000000e+01 9.950677083411176849e-01 1.001281445368135126e+00 1.000752407936820410e+00 8.280343854592008279e-01
1.317500000000000071e+01 9.981086679900209591e-01 9.999800742667894760e-01 1.000676195968398074e+00 8.010447531555409117e-01
1.322500000000000142e+01 1.001205495334163142e+00 1.002233511490864037e+00 1.000838904772683779e+00 8.018526022267201681e-01
1.327500000000000036e+01 1.001125763328348794e+00 1.004791993711164455e+00 1.000827009764575060e+00 8.094274871151796447e-01
1.332500000000000107e+01 9.967456732317844237e-01 9.974680260851543911e-01 1.000925665906747808e+00 7.223528533699138388e-01
1.337500000000000000e+01 9.961351995515119739e-01 1.000343164528361362e+00 1.000775673641937535e+00 8.509738090125519294e-01
1.342500000000000071e+01 9.932714952326217039e-01 9.991441189230232389e-01 1.000732055086466454e+00 8.313453695358976603e-01
1.347500000000000142e+01 9.988330944860041027e-01 1.003335316307234493e+00 1.000749826306166268e+00 7.525708029622777406e-01
1.352500000000000036e+01 9.968283920746533466e-01 1.004272348960836281e+00 1.000866712474291820e+00 9.304946107728664373e-01
1.357500000000000107e+01 1.002390915882076516e+00 1.004700047806012408e+00 1.000568744105615471e+00 7.415240544470115269e-01
1.362500000000000000e+01 9.979530506595363226e-01 1.002014468723428475e+00 1.000638300151159399e+00 7.102638903467956011e-01
1.367500000000000071e+01 1.002770482522618689e+00 1.005090835077051770e+00 1.000477256299705964e+00 7.948168970986539961e-01
1.372500000000000142e+01 9.971766121647454018e-01 1.000918172039372944e+00 1.000526644523920927e+00 7.254044654889987287e-01
1.377500000000000036e+01 1.000399188556544194e+00 1.004429490154755245e+00 1.000200036067225851e+00 9.033434616679663076e-01
1.382500000000000107e+01 9.980741444442251531e-01 1.004602751590955689e+00 1.000204201301602591e+00 9.532644440951474341e-01
1.387500000000000000e+01 9.963792076282642629e-01 1.001030297251814805e+00 1.000312584934670790e+00 8.592374404952974887e-01
1.392500000000000071e+01 1.001136555791097837e+00 9.999311194036765160e-01 1.000233640664843771e+00 8.283511585356503337e-01
1.397500000000000142e+01 1.002093340971829338e+00 1.005383078530999841e+00 1.000181181015561416e+00 9.206355109619187571e-01
1.402500000000000036e+01 9.968501390523498706e-01 1.000567409808435171e+00 9.999883321512751388e-01 8.226746755270583078e-01
1.407500000000000107e+01 9.974283535137681289e-01 1.001548858158969546e+00 1.000039785352007771e+00 7.321307813059821923e-01
1.412500000000000000e+01 1.001938632184653066e+00 1.003620846114087195e+00 1.000097172675170842e+00 8.651385922803266348e-01
1.417500000000000071e+01 9.993688851804408690e-01 1.000651488720953664e+00 1.000126528040218954e+00 9.008052772904252548e-01
1.422500000000000142e+01 1.000495009856464002e+00 1.000945213654949928e+00 9.998994850108142707e-01 8.411702550659452271e-01
1.427500000000000036e+01 9.993455856553470351e-01 1.002616149818184033e+00 1.000103391842343425e+00 9.235226143262669218e-01
1.432500000000000107e+01 1.001540719991738770e+00 1.000769666001613434e+00 1.000090133783588797e+00 9.054043065865664541e-01
1.437500000000000000e+01 1.002399219198740976e+00 1.001587113700127984e+00 1.000050192442495822e+00 8.295077592975895753e-01
1.442500000000000071e+01 9.986593667674379393e-01 1.002778202988242606e+00 1.000109980560134781e+00 8.410490744580407796e-01
1.447500000000000142e+01 9.982595682698734985e-01 1.000879732185352644e+00 9.999102944201531118e-01 8.409696409943689943e-01
1.452500000000000036e+01 1.004273127283062061e+00 1.002284580131279634e+00 9.998392580171695521e-01 8.749607467842926978e-01
1.457500000000000107e+01 9.982296831997946596e-01 1.000859157459698778e+00 9.999684766593183172e-01 8.012561049493005516e-01
1.462500000000000000e+01 1.001503293580709331e+00 1.001800312598099651e+00 1.000073219865696528e+00 9.414942438030708960e-01
1.467500000000000071e+01 1.000061571247813585e+00 1.003161838373007875e+00 1.000058999751562760e+00 8.571654170196040257e-01
1.472500000000000142e+01 1.000064710675466539e+00 9.983785871997562511e-01 9.999631452312184310e-01 9.950892643536981552e-01
1.477500000000000036e+01 1.001384686729936746e+00 1.000473193904886759e+00 1.000043134019082514e+00 1.032293078972139844e+00
1.482500000000000107e+01 9.992772342195890278e-01 1.000831608509395343e+00 9.999633950245031544e-01 7.690062275883334797e-01
1.487500000000000000e+01 9.991473532669912228e-01 1.001937284066093836e+00 1.000176388092527624e+00 1.115972319641067134e+00
1.492500000000000071e+01 1.002144726448770395e+00 1.001321417369082312e+00 9.997775567926190377e-01 1.011647758048309420e+00
1.497500000000000142e+01 9.999805067928533298e-01 1.001739087856119870e+00 1.000153959545142301e+00 8.873083784262993934e-01
1.502500000000000036e+01 9.966918823493021717e-01 9.964582548963378805e-01 1.000040007997162528e+00 9.716778157376089187e-01
1.507500000000000107e+01 1.002802966680954366e+00 1.002038156743237263e+00 1.000028046343069965e+00 9.335955791444866536e-01
1.512500000000000000e+01 9.971741393819472110e-01 1.000632365076824515e+00 1.000145122035360101e+00 1.037467708463168270e+00
1.517500000000000071e+01 9.978647398047144623e-01 1.002820151208261068e+00 1.000089802809132289e+00 1.056668608109195162e+00
1.522500000000000142e+01 1.004688762455063555e+00 1.000241589517407270e+00 9.998863638223152162e-01 1.075595315154066478e+00
1.527500000000000036e+01 1.001317613939398665e+00 9.968018980569259835e-01 1.000139027506073086e+00 9.349946423322075262e-01
1.532500000000000107e+01 9.974535091482250593e-01 1.000163661648891367e+00 9.997747777324398344e-01 8.982803015390987689e-01
1.537500000000000000e+01 9.974113092432824734e-01 1.002750781071615860e+00 1.000119116149364995e+00 1.074993378543853018e+00
1.542500000000000071e+01 9.987139664326992738e-01 1.002074247988442801e+00 9.999706109764797679e-01 1.108338744023374955e+00
1.547500000000000142e+01 1.001500632187739104e+00 1.002221409916268291e+00 9.996206536665014353e-01 9.209937642317428397e-01
1.552500000000000036e+01 9.984021343378328694e-01 1.003251015970159532e+00 9.979033709133140473e-01 1.019508445771263316e+00
1.557500000000000107e+01 9.927976971707277443e-01 9.950460034475121507e-01 9.934519790039343379e-01 8.647331833785959487e-01
1.562500000000000000e+01 9.843771356934771788e-01 9.879072521087495229e-01 9.863450454863894601e-01 9.917712321071074921e-01
1.567500000000000071e+01 9.740141888630967637e-01 9.817709821329488884e-01 9.773821397160032953e-01 9.415478623153824556e-01
1.572500000000000142e+01 9.672676812492855269e-01 9.685377293726464831e-01 9.679929853729870581e-01 9.064847292690473290e-01
1.577500000000000036e+01 9.583375415957080534e-01 9.582363881327640165e-01 9.586351158163634034e-01 9.778168084598038989e-01
1.582500000000000107e+01 9.442165411567459143e-01 9.526023867792543509e-01 9.489709805737986947e-01 1.062590027509632051e+00
1.587500000000000000e+01 9.379546609794496836e-01 9.429678415042560546e-01 9.399221393255676738e-01 9.465113135070840622e-01
1.592500000000000071e+01 9.326554485375873060e-01 9.352975721299152667e-01 9.306642515586552866e-01 1.039833971935847812e+00
1.597500000000000142e+01 9.208142399301195713e-01 9.219931812607518040e-01 9.214368994378352440e-01 9.722743244656035788e-01
1.602499999999999858e+01 9.118657117325649208e-01 9.146103268889909099e-01 9.121844044951843422e-01 8.215174617873597374e-01
1.607500000000000284e+01 9.026950947828963345e-01 9.050330101362908941e-01 9.032991675784924901e-01 9.973250019441043390e-01
1.612500000000000000e+01 8.908821716788913880e-01 8.975343992273138172e-01 8.943305333880501307e-01 9.173896619099581873e-01
1.617500000000000071e+01 8.812045505800922829e-01 8.865008126836317892e-01 8.854710012493232085e-01 8.017697821102235389e-01
1.622500000000000142e+01 8.761915717957297067e-01 8.752262621047247615e-01 8.764991231059621191e-01 8.742427390233236117e-01
1.627499999999999858e+01 8.655667011661594135e-01 8.695173867493100062e-01 8.676194918764863484e-01 8.100489340022509754e-01
1.632500000000000284e+01 8.591977731727097334e-01 8.590853298037482988e-01 8.589728954302566777e-01 8.590673388647146469e-01
1.637500000000000000e+01 8.488536850431492864e-01 8.507714478751678966e-01 8.501290375592284176e-01 8.404182107680466807e-01
1.642500000000000071e+01 8.404233491586583504e-01 8.427293360062739769e-01 8.416480192295293650e-01 7.775485517008380310e-01
1.647500000000000142e+01 8.359834885264159077e-01 8.312228178380790533e-01 8.327948902223952787e-01 8.258306296094527488e-01
1.652499999999999858e+01 8.236719737629514260e-01 8.224999712209454250e-01 8.244148916889043610e-01 6.628179170146055732e-01
1.657500000000000284e+01 8.148531469086677248e-01 8.179465704883135402e-01 8.157488435612283428e-01 7.679020451589224638e-01
1.662500000000000000e+01 8.051235329247685701e-01 8.068365986278016599e-01 8.073240980950081580e-01 7.329319083863152784e-01
1.667500000000000071e+01 7.999144668374346123e-01 8.001127685117245258e-01 7.990581139897321439e-01 7.587194494567058856e-01
1.672500000000000142e+01 7.893624641076917303e-01 7.941789943868166057e-01 7.905284758114916599e-01 7.670453024585078827e-01
1.677499999999999858e+01 7.805149807455906696e-01 7.843358979210537374e-01 7.823561857419748522e-01 7.326619333106387799e-01
1.682500000000000284e+01 7.736259320813084761e-01 7.747099340222547426e-01 7.739617186200470345e-01 7.706576298914519230e-01
1.687500000000000000e+01 7.650915097314556768e-01 7.674487329281238779e-01 7.658903810914609034e-01 7.155856132742858255e-01
1.692500000000000071e+01 7.570962101199626426e-01 7.574644455409872412e-01 7.577086525770213576e-01 6.737034407381569112e-01
1.697500000000000142e+01 7.469353621335815818e-01 7.492357751236620178e-01 7.494862830264878983e-01 7.529380672776793126e-01
1.702499999999999858e+01 7.413552327390848795e-01 7.438530631293653883e-01 7.415483762333692219e-01 7.113026939209258215e-01
1.707500000000000284e+01 7.357247759367765427e-01 7.369006068071659588e-01 7.335017977842608339e-01 6.865865571853999594e-01
1.712500000000000000e+01 7.257085064794859264e-01 7.241267119978577194e-01 7.253964883215052728e-01 7.071070938544478102e-01
1.717500000000000071e+01 7.204774562580700259e-01 7.167877430552730411e-01 7.175195172105441888e-01 7.639494296540206841e-01
1.722500000000000142e+01 7.115093423532831141e-01 7.140747448856727964e-01 7.095523321014567397e-01 6.262006181423543927e-01
1.727499999999999858e+01 7.001907104092039980e-01 7.052115246954759886e-01 7.017563047366007778e-01 6.265976229267438136e-01
1.732500000000000284e+01 6.945296854744112958e-01 6.911112488199185888e-01 6.940032222686148833e-01 6.749016292164304875e-01
1.737500000000000000e+01 6.841614437994304465e-01 6.882550805134570737e-01 6.861799521372673460e-01 6.551406962312242843e-01
1.742500000000000071e+01 6.794985729834687183e-01 6.817330254460307604e-01 6.784265727016773884e-01 6.395429309806586193e-01
1.747500000000000142e+01 6.718946098215929918e-01 6.686719901639160968e-01 6.708171008362220356e-01 5.416827195607941681e-01
1.752499999999999858e+01 6.597764626022246670e-01 6.659078731562539932e-01 6.632589710992947696e-01 6.439737373741759585e-01
1.757500000000000284e+01 6.555969855819913095e-01 6.548363692069064657e-01 6.556609239258480715e-01 6.325534139735559114e-01
1.762500000000000000e+01 6.481936393198114432e-01 6.481782044841905011e-01 6.481293995339570957e-01 5.633715001648539333e-01
1.767500000000000071e+01 6.410859944352083062e-01 6.433574441772880181e-01 6.405997276926193029e-01 5.563517104756002807e-01
1.772500000000000142e+01 6.342541454686011493e-01 6.317055303989846937e-01 6.331587064542926191e-01 5.608479269964169456e-01
1.777499999999999858e+01 6.238126650445910970e-01 6.302887803980982140e-01 6.257462578129155961e-01 5.766663935167450905e-01
1.782500000000000284e+01 6.177940534430260699e-01 6.185485742034689816e-01 6.183404019256628636e-01 5.583453627277314979e-01
1.787500000000000000e+01 6.092068573795309527e-01 6.116753627102845536e-01 6.111342423320050843e-01 6.114990409009449790e-01
1.792500000000000071e+01 6.021942469182136604e-01 6.050780223899225874e-01 6.037070165867493010e-01 5.707860894844267730e-01
1.797500000000000142e+01 5.979991643083144570e-01 5.980028742106924255e-01 5.963610272340937879e-01 5.861645757225242281e-01
1.802499999999999858e+01 5.890303860971937144e-01 5.899896168254754603e-01 5.892832540745646108e-01 5.497129942845091488e-01
1.807500000000000284e+01 5.814320272902063769e-01 5.815310893685214921e-01 5.821830866162649443e-01 4.989793574392361597e-01
1.812500000000000000e+01 5.781373343916628160e-01 5.745834506967125721e-01 5.748858373058864935e-01 4.925814156245233999e-01
1.817500000000000071e+01 5.672388832486190413e-01 5.688790570921987699e-01 5.678167760044446899e-01 5.660776982266157997e-01
1.822500000000000142e+01 5.618571762210208265e-01 5.609802329759716599e-01 5.608442959465292921e-01 4.907995116324673224e-01
1.827499999999999858e+01 5.521865718133273093e-01 5.542826060148533518e-01 5.538528759343446239e-01 5.778450452837206042e-01
1.832500000000000284e+01 5.459505234673168728e-01 5.488311427173716561e-01 5.468331923234693859e-01 4.854575192161669772e-01
1.837500000000000000e+01 5.414071457970904833e-01 5.431680157099142425e-01 5.399756508616296857e-01 4.828191696452155957e-01
1.842500000000000071e+01 5.333987949992312627e-01 5.341614691927614178e-01 5.331085692214007077e-01 4.907949671328634689e-01
1.847500000000000142e+01 5.257184285459571838e-01 5.272179727609814792e-01 5.261751609169859067e-01 5.267719724909392109e-01
1.852499999999999858e+01 5.198001593757273220e-01 5.212147764191240595e-01 5.192651616885595178e-01 4.855105408201085826e-01
1.857500000000000284e+01 5.136842994307724286e-01 5.127636622150822943e-01 5.126880726885201245e-01 5.002707889033025657e-01
1.862500000000000000e+01 5.046824681134634005e-01 5.062547091697349178e-01 5.058661272010713805e-01 5.666978752275406706e-01
1.867500000000000071e+01 5.000554828438638078e-01 5.010075308516425130e-01 4.992580790529153600e-01 4.021285809029504499e-01
1.872500000000000142e+01 4.930263090286048366e-01 4.945476153158248622e-01 4.924856880541141346e-01 4.854505455848303619e-01
1.877499999999999858e+01 4.850344746289423914e-01 4.863912667332137008e-01 4.859612350462704788e-01 4.794678864718192601e-01
1.882500000000000284e+01 4.774790166964647531e-01 4.788455231906514342e-01 4.792904698819492881e-01 4.667769707865471185e-01
1.887500000000000000e+01 4.718976714319152999e-01 4.742057495362551611e-01 4.727331889765957196e-01 4.104745316756051032e-01
1.892500000000000071e+01 4.647554132155218842e-01 4.669241334765192319e-01 4.661719891608164246e-01 4.384295589361930090e-01
1.897500000000000142e+01 4.607213208599547638e-01 4.615569440058395201e-01 4.596433536850599300e-01 3.895135779622275751e-01
1.902499999999999858e+01 4.524278861259156681e-01 4.544943868830987888e-01 4.532665211463396404e-01 3.609752925207686536e-01
1.907500000000000284e+01 4.474467307090905788e-01 4.482011394303020424e-01 4.467069687178988890e-01 4.150895147276981723e-01
1.912500000000000000e+01 4.392539176323762562e-01 4.406532642420604717e-01 4.403896955056894047e-01 4.522478504365868845e-01
1.917500000000000426e+01 4.329920924789080749e-01 4.374616756525361305e-01 4.339465229012842706e-01 4.042511404302539524e-01
1.922500000000000142e+01 4.256575219603244697e-01 4.298087595266814054e-01 4.277004756929027041e-01 3.632332870562320348e-01
1.927499999999999858e+01 4.251523342206267597e-01 4.219259837427620230e-01 4.213581589640598146e-01 3.258613982643392970e-01
1.932500000000000284e+01 4.148924611421155872e-01 4.154669933017006156e-01 4.150071493160055192e-01 3.723225168260477225e-01
1.937500000000000000e+01 4.079864986115061543e-01 4.078364213990561260e-01 4.088552029935462739e-01 4.119140511926453474e-01
1.942500000000000426e+01 4.027312314911349889e-01 4.034396389548704498e-01 4.026159866213172012e-01 3.208482234855543624e-01
1.947500000000000142e+01 3.973633042968126583e-01 3.976477424814028883e-01 3.965482877643849990e-01 3.160424273224683445e-01
1.952499999999999858e+01 3.893346589940699376e-01 3.902464939461654514e-01 3.904152651630230508e-01 3.049930701836863767e-01
1.957500000000000284e+01 3.830156823404027855e-01 3.864973871439773556e-01 3.842043169654018042e-01 3.284627173183568560e-01
1.962500000000000000e+01 3.793360603619401195e-01 3.792053438999626325e-01 3.781798234590019181e-01 2.769944075237126824e-01
1.967500000000000426e+01 3.724808754756102624e-01 3.726171214002507170e-01 3.722042900555935785e-01 2.446233646953904495e-01
1.972500000000000142e+01 3.676712023624991166e-01 3.670211493744606202e-01 3.660332783283918312e-01 3.234860840949741467e-01
1.977499999999999858e+01 3.590952307285792400e-01 3.610907151093245004e-01 3.601153431877855415e-01 2.881344574347968757e-01
1.982500000000000284e+01 3.545566033799611994e-01 3.536355583133339864e-01 3.541190398773150227e-01 2.683839929244900002e-01
1.987500000000000000e+01 3.456165480582396587e-01 3.489605586991768593e-01 3.483413947979082104e-01 2.731043173179178996e-01
1.992500000000000426e+01 3.424680946814959159e-01 3.410671478528553568e-01 3.423164904958069799e-01 3.079667597442635740e-01
1.997500000000000142e+01 3.359760985266187494e-01 3.353121735134352854e-01 3.365111079281925544e-01 2.553557743013215031e-01
