# r (Angstroms), cation-water g(r), anion-water g(r), water-water g(r), cation-anion g(r)
2.500000000000000139e-02 0.000000000000000000e+00 0.000000000000000000e+00 5.700765459854328947e+04 0.000000000000000000e+00
7.500000000000001110e-02 0.000000000000000000e+00 0.000000000000000000e+00 0.000000000000000000e+00 0.000000000000000000e+00
1.250000000000000000e-01 0.000000000000000000e+00 0.000000000000000000e+00 0.000000000000000000e+00 0.000000000000000000e+00
1.750000000000000167e-01 0.000000000000000000e+00 0.000000000000000000e+00 0.000000000000000000e+00 0.000000000000000000e+00
2.250000000000000056e-01 0.000000000000000000e+00 0.000000000000000000e+00 0.000000000000000000e+00 0.000000000000000000e+00
2.750000000000000222e-01 0.000000000000000000e+00 0.000000000000000000e+00 0.000000000000000000e+00 0.000000000000000000e+00
3.250000000000000666e-01 0.000000000000000000e+00 0.000000000000000000e+00 0.000000000000000000e+00 0.000000000000000000e+00
3.750000000000000000e-01 0.000000000000000000e+00 0.000000000000000000e+00 0.000000000000000000e+00 0.000000000000000000e+00
4.250000000000000444e-01 0.000000000000000000e+00 0.000000000000000000e+00 0.000000000000000000e+00 0.000000000000000000e+00
4.749999999999999778e-01 0.000000000000000000e+00 0.000000000000000000e+00 0.000000000000000000e+00 0.000000000000000000e+00
5.250000000000000222e-01 0.000000000000000000e+00 0.000000000000000000e+00 0.000000000000000000e+00 0.000000000000000000e+00
5.750000000000000666e-01 0.000000000000000000e+00 0.000000000000000000e+00 0.000000000000000000e+00 0.000000000000000000e+00
6.250000000000000000e-01 0.000000000000000000e+00 0.000000000000000000e+00 0.000000000000000000e+00 0.000000000000000000e+00
6.750000000000000444e-01 0.000000000000000000e+00 0.000000000000000000e+00 0.000000000000000000e+00 0.000000000000000000e+00
7.250000000000000888e-01 0.000000000000000000e+00 0.000000000000000000e+00 0.000000000000000000e+00 0.000000000000000000e+00
7.750000000000000222e-01 0.000000000000000000e+00 0.000000000000000000e+00 0.000000000000000000e+00 0.000000000000000000e+00
8.250000000000000666e-01 0.000000000000000000e+00 0.000000000000000000e+00 0.000000000000000000e+00 0.000000000000000000e+00
8.750000000000000000e-01 0.000000000000000000e+00 0.000000000000000000e+00 0.000000000000000000e+00 0.000000000000000000e+00
9.250000000000000444e-01 0.000000000000000000e+00 0.000000000000000000e+00 0.000000000000000000e+00 0.000000000000000000e+00
9.750000000000000888e-01 0.000000000000000000e+00 0.000000000000000000e+00 0.000000000000000000e+00 0.000000000000000000e+00
1.024999999999999911e+00 0.000000000000000000e+00 0.000000000000000000e+00 0.000000000000000000e+00 0.000000000000000000e+00
1.075000000000000178e+00 0.000000000000000000e+00 0.000000000000000000e+00 0.000000000000000000e+00 0.000000000000000000e+00
1.125000000000000000e+00 0.000000000000000000e+00 0.000000000000000000e+00 0.000000000000000000e+00 0.000000000000000000e+00
1.175000000000000266e+00 0.000000000000000000e+00 0.000000000000000000e+00 0.000000000000000000e+00 0.000000000000000000e+00
1.225000000000000089e+00 0.000000000000000000e+00 0.000000000000000000e+00 0.000000000000000000e+00 0.000000000000000000e+00
1.274999999999999911e+00 0.000000000000000000e+00 0.000000000000000000e+00 0.000000000000000000e+00 0.000000000000000000e+00
1.325000000000000178e+00 0.000000000000000000e+00 0.000000000000000000e+00 0.000000000000000000e+00 0.000000000000000000e+00
1.375000000000000000e+00 0.000000000000000000e+00 0.000000000000000000e+00 0.000000000000000000e+00 0.000000000000000000e+00
1.425000000000000266e+00 0.000000000000000000e+00 0.000000000000000000e+00 0.000000000000000000e+00 0.000000000000000000e+00
1.475000000000000089e+00 0.000000000000000000e+00 0.000000000000000000e+00 0.000000000000000000e+00 0.000000000000000000e+00
1.524999999999999911e+00 0.000000000000000000e+00 0.000000000000000000e+00 0.000000000000000000e+00 0.000000000000000000e+00
1.575000000000000178e+00 0.000000000000000000e+00 0.000000000000000000e+00 0.000000000000000000e+00 0.000000000000000000e+00
1.625000000000000000e+00 0.000000000000000000e+00 0.000000000000000000e+00 0.000000000000000000e+00 0.000000000000000000e+00
1.675000000000000266e+00 0.000000000000000000e+00 0.000000000000000000e+00 0.000000000000000000e+00 0.000000000000000000e+00
1.725000000000000089e+00 0.000000000000000000e+00 0.000000000000000000e+00 0.000000000000000000e+00 0.000000000000000000e+00
1.774999999999999911e+00 0.000000000000000000e+00 0.000000000000000000e+00 0.000000000000000000e+00 0.000000000000000000e+00
1.825000000000000178e+00 0.000000000000000000e+00 0.000000000000000000e+00 0.000000000000000000e+00 0.000000000000000000e+00
1.875000000000000000e+00 0.000000000000000000e+00 0.000000000000000000e+00 0.000000000000000000e+00 0.000000000000000000e+00
1.925000000000000266e+00 0.000000000000000000e+00 0.000000000000000000e+00 0.000000000000000000e+00 0.000000000000000000e+00
1.975000000000000089e+00 0.000000000000000000e+00 0.000000000000000000e+00 0.000000000000000000e+00 0.000000000000000000e+00
2.025000000000000355e+00 0.000000000000000000e+00 0.000000000000000000e+00 0.000000000000000000e+00 0.000000000000000000e+00
2.075000000000000178e+00 3.861463190435954641e-03 0.000000000000000000e+00 0.000000000000000000e+00 0.000000000000000000e+00
2.125000000000000000e+00 8.021267752378785643e-02 0.000000000000000000e+00 0.000000000000000000e+00 0.000000000000000000e+00
2.174999999999999822e+00 7.320334906430545630e-01 0.000000000000000000e+00 0.000000000000000000e+00 2.008322333725801379e+00
2.225000000000000089e+00 2.827282529089921059e+00 0.000000000000000000e+00 0.000000000000000000e+00 8.635853643919663369e+00
2.275000000000000355e+00 5.848622533680996938e+00 0.000000000000000000e+00 0.000000000000000000e+00 1.973327858670664980e+01
2.325000000000000178e+00 7.752346301635365755e+00 0.000000000000000000e+00 0.000000000000000000e+00 1.977247051739118788e+01
2.375000000000000000e+00 7.803511922249194654e+00 0.000000000000000000e+00 1.136924357331795066e-05 1.915928083651728286e+01
2.425000000000000266e+00 6.391693219019609629e+00 6.058476984852709940e-04 8.477828794137226651e-04 1.231890320253384274e+01
2.475000000000000089e+00 4.631998482681116691e+00 7.173277409141190150e-03 1.781570687123298913e-02 7.561022133959633074e+00
2.525000000000000355e+00 3.147785489981683504e+00 1.480850621063636019e-01 1.474748398881743638e-01 3.352869330710118945e+00
2.575000000000000178e+00 2.076926720556728334e+00 9.064613774351156783e-01 6.033371823203195206e-01 1.791071680369720864e+00
2.625000000000000000e+00 1.360007729269525845e+00 2.796366164921816999e+00 1.458731088463909087e+00 8.617461217016384456e-01
2.675000000000000266e+00 8.930666141602046082e-01 5.272428953473588642e+00 2.401457619176758485e+00 6.638666524142015080e-01
2.725000000000000089e+00 6.095015722324627072e-01 6.709635124604699463e+00 2.994350879644064545e+00 3.198643779755773742e-01
2.775000000000000355e+00 4.322813037771560118e-01 6.575518355029111639e+00 3.080735142462040166e+00 0.000000000000000000e+00
2.825000000000000178e+00 3.022336117738901318e-01 5.351662914930778392e+00 2.785092107541962569e+00 0.000000000000000000e+00
2.875000000000000000e+00 2.311801168804219209e-01 3.827905950235053201e+00 2.334182392649276849e+00 0.000000000000000000e+00
2.925000000000000266e+00 1.961376307652840933e-01 2.580327259940457196e+00 1.887810398751408769e+00 1.388093635989271490e-01
2.975000000000000089e+00 1.576648140365756179e-01 1.664672070585325292e+00 1.520474917872344012e+00 0.000000000000000000e+00
3.025000000000000355e+00 1.418536763067753392e-01 1.093039031889901258e+00 1.252170563841112472e+00 0.000000000000000000e+00
3.075000000000000178e+00 1.179361272732794563e-01 6.999553112822005652e-01 1.069689717394378015e+00 0.000000000000000000e+00
3.125000000000000000e+00 1.229484127627738094e-01 4.649176874303504459e-01 9.522808176369618183e-01 0.000000000000000000e+00
3.175000000000000266e+00 1.214628059757260903e-01 3.424756323680269166e-01 8.810789422377119928e-01 3.534320251476026353e-01
3.225000000000000089e+00 1.221790431532009530e-01 2.625136637469243084e-01 8.426108541286346787e-01 1.141860216385055526e-01
3.275000000000000355e+00 1.312104379801997955e-01 2.139228406563257467e-01 8.239074333238547432e-01 0.000000000000000000e+00
3.325000000000000178e+00 1.501746980497566386e-01 1.903501895165727875e-01 8.171924845504789925e-01 3.222633005359584746e-01
3.375000000000000000e+00 1.570184021158596566e-01 1.866287780792754425e-01 8.201406865788120060e-01 1.042618871951259407e-01
3.425000000000000266e+00 1.987341557083018295e-01 1.855729533435136192e-01 8.277948806571376883e-01 3.037200545720354361e-01
3.475000000000000089e+00 2.212822031714803961e-01 1.973837252289604993e-01 8.383470012013867212e-01 1.966952917079825280e-01
3.525000000000000355e+00 2.590149584032039876e-01 2.101748684607548101e-01 8.498005522079898899e-01 4.778873771276826443e-01
3.575000000000000178e+00 3.011625311732059052e-01 2.327714102403211083e-01 8.631500271952653458e-01 9.292271865881082116e-01
3.625000000000000000e+00 3.576219955374267401e-01 2.533268773038683808e-01 8.770776595886501381e-01 1.536409887322783607e+00
3.675000000000000266e+00 4.139960020619754544e-01 2.990655061624423738e-01 8.914236133183872646e-01 1.934560757298950717e+00
3.725000000000000089e+00 5.045518625988671957e-01 3.385932431621914152e-01 9.061778841011199903e-01 1.968565367222043339e+00
3.775000000000000355e+00 5.714456980429893918e-01 3.845195348943201696e-01 9.227063766081302632e-01 2.250114313425800816e+00
3.825000000000000178e+00 6.620476267806832960e-01 4.485624307981922465e-01 9.390343595870190851e-01 3.165750054493214005e+00
3.875000000000000000e+00 7.431468614304527209e-01 5.061086383879807027e-01 9.556050828443983791e-01 3.796407976656207772e+00
3.925000000000000266e+00 8.631724334277001143e-01 5.701548019676047074e-01 9.722500776171072445e-01 5.087914674129517145e+00
3.975000000000000089e+00 9.556157390642011640e-01 6.521848173556766826e-01 9.884191997738714930e-01 6.463973065873942048e+00
4.025000000000000355e+00 1.057009441818631768e+00 7.300615182101223288e-01 1.006293954330205853e+00 7.477284351584745359e+00
4.075000000000000178e+00 1.131427899063078835e+00 8.221089569993736967e-01 1.022172443671668596e+00 6.865807731356231791e+00
4.125000000000000000e+00 1.205648669615373869e+00 9.258382310089113831e-01 1.037770781919850949e+00 7.119148101237011694e+00
4.175000000000000711e+00 1.268992952350108450e+00 1.007222701454585367e+00 1.054006945681007279e+00 6.404581880317326004e+00
4.224999999999999645e+00 1.349310652314990921e+00 1.100152899101656256e+00 1.067319429282482357e+00 8.382877678205652217e+00
4.275000000000000355e+00 1.385515728820045922e+00 1.183156740989004918e+00 1.079593388014526978e+00 7.863017831585081829e+00
4.325000000000000178e+00 1.444583617534829667e+00 1.259510825150791158e+00 1.089662127017244631e+00 7.809246471093220343e+00
4.375000000000000000e+00 1.442963202492411945e+00 1.316263389132870110e+00 1.097091574284947635e+00 7.755865166475381933e+00
4.425000000000000711e+00 1.467551950885403134e+00 1.369658545003065608e+00 1.101975637758607407e+00 7.157014804284905551e+00
4.474999999999999645e+00 1.465720278680645361e+00 1.416319307928430860e+00 1.105031159277827912e+00 8.480598820608225452e+00
4.525000000000000355e+00 1.460130662155827874e+00 1.432463929580618300e+00 1.105612167016952085e+00 8.990238048548238936e+00
4.575000000000000178e+00 1.466689916059945364e+00 1.445809344698961940e+00 1.103702177001976370e+00 8.794805872153334647e+00
4.625000000000000000e+00 1.443033337340764666e+00 1.478844060382771275e+00 1.100721800450771948e+00 7.661829115964200021e+00
4.675000000000000711e+00 1.410103761429876812e+00 1.452271026126199960e+00 1.094311377262837226e+00 8.585602863426609943e+00
4.724999999999999645e+00 1.378822615017698761e+00 1.431805150687360362e+00 1.087130350216759522e+00 7.553735005112392820e+00
4.775000000000000355e+00 1.341399644421430670e+00 1.411040126097020009e+00 1.077484616333266088e+00 7.135935669076845400e+00
4.825000000000001066e+00 1.276758340636597211e+00 1.388681298897612493e+00 1.067790423557057444e+00 6.937795042615357843e+00
4.875000000000000000e+00 1.245355941604022076e+00 1.327210322742314652e+00 1.056650110625974026e+00 6.796212353362504288e+00
4.925000000000000711e+00 1.187784828437375095e+00 1.291536675234802978e+00 1.043490931528949117e+00 7.001658372832541666e+00
4.974999999999999645e+00 1.111200179654333153e+00 1.250352115097703276e+00 1.031555657718226104e+00 5.230193435630119403e+00
5.025000000000000355e+00 1.078755551384615874e+00 1.200948040157603147e+00 1.018295761485449535e+00 3.668596660620859318e+00
5.075000000000001066e+00 1.019378065075987827e+00 1.146183587261674131e+00 1.006082021908279556e+00 3.135554730409696678e+00
5.125000000000000000e+00 9.803682435823997121e-01 1.098426609231031970e+00 9.934173328557556193e-01 3.255535169169484266e+00
5.175000000000000711e+00 9.569922763293016166e-01 1.075263749960916559e+00 9.809727821392519864e-01 3.414661968366831779e+00
5.224999999999999645e+00 9.187101733789010405e-01 1.023723022402844851e+00 9.700652846919219918e-01 2.218581317407261722e+00
5.275000000000000355e+00 8.981754757228115338e-01 9.838785908744654973e-01 9.579733731715142087e-01 2.134041711943574171e+00
5.325000000000001066e+00 8.939106848957014684e-01 9.302652027464941575e-01 9.463158899099595178e-01 1.968504998833245700e+00
5.375000000000000000e+00 8.773983683025773361e-01 9.145184360769976761e-01 9.356113493617589372e-01 1.438762316837996824e+00
5.425000000000000711e+00 8.642455587794843908e-01 8.853503086156738755e-01 9.248186120043581093e-01 2.421195009887895377e+00
5.474999999999999645e+00 8.738097289212984897e-01 8.549904307468429998e-01 9.166837351636178965e-01 2.218696205830547274e+00
5.525000000000000355e+00 8.651077761255786536e-01 8.250348759002976706e-01 9.085074273726686522e-01 2.023097875451074223e+00
5.575000000000001066e+00 8.800375836510310190e-01 8.037302129527934547e-01 9.029248274302617006e-01 1.948761094446727737e+00
5.625000000000000000e+00 8.854815499389446787e-01 7.909691281362969395e-01 8.998810691609435697e-01 2.026874812288712135e+00
5.675000000000000711e+00 8.854720815203569462e-01 7.932446254199733149e-01 9.002255981503265447e-01 2.249450148789845727e+00
5.724999999999999645e+00 9.090617351841747684e-01 7.851020653792855075e-01 9.012465146337924615e-01 2.137860426333956898e+00
5.775000000000000355e+00 9.047126916018698450e-01 7.882673439856329178e-01 9.062799676383486158e-01 2.457103665296741291e+00
5.825000000000001066e+00 9.175641039634526708e-01 7.983840248486117064e-01 9.122757985909702994e-01 2.800119333094648777e+00
5.875000000000000000e+00 9.361111314982363263e-01 8.105897976856374365e-01 9.202065324930651657e-01 2.615027787762477907e+00
5.925000000000000711e+00 9.531259692843433440e-01 8.323190964116808921e-01 9.297056743393680156e-01 2.435758848174654378e+00
5.974999999999999645e+00 9.455241821227992061e-01 8.487861769293607583e-01 9.390728083871824339e-01 2.528228471355336904e+00
6.025000000000000355e+00 9.534517944099698550e-01 8.647578433875827697e-01 9.493659182921965201e-01 2.682738466925763454e+00
6.075000000000001066e+00 9.807820923509642519e-01 8.911286075655522332e-01 9.591342190354711361e-01 3.153640168331074634e+00
6.125000000000000000e+00 9.950986340796118546e-01 9.003816043294624594e-01 9.698572420999453936e-01 2.564197663690544360e+00
6.175000000000000711e+00 9.845930268297902188e-01 9.260693555210094408e-01 9.792672793021527378e-01 2.335963463628820236e+00
6.224999999999999645e+00 1.003839723430527187e+00 9.449039052661227789e-01 9.886223296820807471e-01 3.309967946830828289e+00
6.275000000000000355e+00 1.003197920412893351e+00 9.558747029170924225e-01 9.972944922968843828e-01 3.136784333692339555e+00
6.325000000000001066e+00 1.005152333359722316e+00 9.829765811809895171e-01 1.005554584286123765e+00 2.612404540466509939e+00
6.375000000000000000e+00 1.017880715183759222e+00 9.982723676904111665e-01 1.013371029040885496e+00 2.805367152550553467e+00
6.425000000000000711e+00 1.008486770943018307e+00 1.010817102101984055e+00 1.020396431797521375e+00 3.078338691473240463e+00
6.474999999999999645e+00 1.016143319836811720e+00 1.019599204231885770e+00 1.026681217818872893e+00 2.917672890923048268e+00
6.525000000000000355e+00 1.018789276946827860e+00 1.050142647351456127e+00 1.032349498068999116e+00 3.012601426779218716e+00
6.575000000000001066e+00 1.017666192859722374e+00 1.061676052512062096e+00 1.036603179435870770e+00 2.994428652999399088e+00
6.625000000000000000e+00 1.028880778225011783e+00 1.070307678905174198e+00 1.040545521931224515e+00 3.111752827053344106e+00
6.675000000000000711e+00 1.015550405750720753e+00 1.092209801208439135e+00 1.043241826483779722e+00 2.239008768584266118e+00
6.724999999999999645e+00 1.003420350297174135e+00 1.095724203410009867e+00 1.045379344783456732e+00 2.599738679422685550e+00
6.775000000000000355e+00 1.022300399191523601e+00 1.090995384381812316e+00 1.046997061392680672e+00 2.354517383169968614e+00
6.825000000000001066e+00 1.015178380648450895e+00 1.091794173748096508e+00 1.047518914011926983e+00 2.779075357025419635e+00
6.875000000000000000e+00 1.012124653196334600e+00 1.107555487406996608e+00 1.048060719306942445e+00 2.562913399022519467e+00
6.925000000000000711e+00 1.005090544223134374e+00 1.107890368026761996e+00 1.046516817714822078e+00 2.476507439258677223e+00
6.974999999999999645e+00 1.008918767608994571e+00 1.107906563463203931e+00 1.045004127791187676e+00 2.929355241061682769e+00
7.025000000000000355e+00 9.967980233998418038e-01 1.087186313781286051e+00 1.042448634269998564e+00 1.901138162975000823e+00
7.075000000000001066e+00 9.924153716407337900e-01 1.089122961169461723e+00 1.039492417433625970e+00 2.514966754181834574e+00
7.125000000000000000e+00 9.949818383558657331e-01 1.086359869923851695e+00 1.035957937414933028e+00 2.058696051710897645e+00
7.175000000000000711e+00 9.868379319467450728e-01 1.069010985540833181e+00 1.032680483750825884e+00 2.168519662505412171e+00
7.224999999999999645e+00 9.750466847713173957e-01 1.071511625001160484e+00 1.027999475626599102e+00 2.138609523963502568e+00
7.275000000000000355e+00 9.811227070617001278e-01 1.051291055642125549e+00 1.024339857450246694e+00 2.333709066953704614e+00
7.325000000000001066e+00 9.799923930996555788e-01 1.035947689988552911e+00 1.019591655682597020e+00 1.859274105485512640e+00
7.375000000000000000e+00 9.859425164551800513e-01 1.024787175550138763e+00 1.015146407168148635e+00 2.052500255720134170e+00
7.425000000000000711e+00 9.736564378508745232e-01 1.010837972691589037e+00 1.010847580434659276e+00 2.068034382797556692e+00
7.474999999999999645e+00 9.787836370230403871e-01 9.978279397108285043e-01 1.006888436752960692e+00 2.061715804369922189e+00
7.525000000000000355e+00 9.734750554031069703e-01 9.888694471011761911e-01 1.002855734344443084e+00 1.593969712606617239e+00
7.575000000000001066e+00 9.765412077096488064e-01 9.838266662555730235e-01 9.993465557176790526e-01 1.490207429848135146e+00
7.625000000000000000e+00 9.778706215819618075e-01 9.710276516155940119e-01 9.958898569258178846e-01 1.389020769292559576e+00
7.675000000000000711e+00 9.869859224974912859e-01 9.595259636291335603e-01 9.931144127303951352e-01 1.491950775520169081e+00
7.724999999999999645e+00 9.882812514489285327e-01 9.572351419368495540e-01 9.903430315421667407e-01 1.492601418849949235e+00
7.775000000000000355e+00 9.848448724646892138e-01 9.574777016186059031e-01 9.883102281941932299e-01 1.512758187471943572e+00
7.825000000000001066e+00 9.915594204904925046e-01 9.498775380400001911e-01 9.865792404693114470e-01 1.745634909513405608e+00
7.875000000000000000e+00 1.002295125094958328e+00 9.505889682346199132e-01 9.856997084933489806e-01 1.608635991210525695e+00
7.925000000000000711e+00 9.958523184470690071e-01 9.564259155159938741e-01 9.845431242273174899e-01 1.777497302408181712e+00
7.974999999999999645e+00 1.018248480600451256e+00 9.453670608354858285e-01 9.843168858534587784e-01 1.549873902252658198e+00
8.025000000000000355e+00 1.010117693136000749e+00 9.509029434753947241e-01 9.837413302736317533e-01 1.641268364931155910e+00
8.074999999999999289e+00 1.016898987261771969e+00 9.620761983296552966e-01 9.843672900178630503e-01 2.021704176566425648e+00
8.125000000000000000e+00 1.021674338317331010e+00 9.673982826271091406e-01 9.848974082918212636e-01 1.403225834881439260e+00
8.175000000000000711e+00 1.020215105400301914e+00 9.679159753673270972e-01 9.856177825725488395e-01 1.937004816036107080e+00
8.225000000000001421e+00 1.022683231356718014e+00 9.737917576750004800e-01 9.864728541909560944e-01 1.825749825098252010e+00
8.275000000000000355e+00 1.032371153251636420e+00 9.867916997413666014e-01 9.872375736343811381e-01 1.491565069209742633e+00
8.324999999999999289e+00 1.024685723301190121e+00 9.815885011311398234e-01 9.891319373049107799e-01 1.525110446574341694e+00
8.375000000000000000e+00 1.026540850084069589e+00 9.931338680922858764e-01 9.898399362814812585e-01 1.523886659533974175e+00
8.425000000000000711e+00 1.026489597049720537e+00 1.000103711238026660e+00 9.917219677393788180e-01 1.840486645076923278e+00
8.475000000000001421e+00 1.029625456081171286e+00 9.949683988152946412e-01 9.931129234631250746e-01 1.554276423183396316e+00
8.525000000000000355e+00 1.025851973805373962e+00 1.002843187340515474e+00 9.941207655624736406e-01 1.715854104268578206e+00
8.574999999999999289e+00 1.018236035552819940e+00 1.008593618262636493e+00 9.955161746079521645e-01 1.340570578032200810e+00
8.625000000000000000e+00 1.021806760817693505e+00 1.009561810727899411e+00 9.968593113948547302e-01 1.484720154303566853e+00
8.675000000000000711e+00 1.026947904027697422e+00 1.013881043768070978e+00 9.979310470733333549e-01 1.388748433390253778e+00
8.725000000000001421e+00 1.017801230651232958e+00 1.015570305206979107e+00 9.984460959179396466e-01 1.669293863882310269e+00
8.775000000000000355e+00 1.014178584921083592e+00 1.015782638952439365e+00 9.994925140010422204e-01 1.742866399453766757e+00
8.824999999999999289e+00 1.019325572422371540e+00 1.023991864462962198e+00 1.000211769254014893e+00 1.601178641379166878e+00
8.875000000000000000e+00 1.012984033013487162e+00 1.020583335703733274e+00 1.000698161948662568e+00 1.462564208241791119e+00
8.925000000000000711e+00 1.003231393062748777e+00 1.018275092914138424e+00 1.001019298256454526e+00 1.729503649912002672e+00
8.975000000000001421e+00 1.005029597303583433e+00 1.022191444137215743e+00 1.001601680580967102e+00 1.503873176143026402e+00
9.025000000000000355e+00 9.976717132946069100e-01 1.008505352319173154e+00 1.001710400604943985e+00 1.618484430318771983e+00
9.074999999999999289e+00 9.944811627477743166e-01 1.024663713625519890e+00 1.001836216333240159e+00 1.773747614889014557e+00
9.125000000000000000e+00 9.956364270696992369e-01 1.016432042149816972e+00 1.001921409650353478e+00 1.697310147142671921e+00
9.175000000000000711e+00 9.897945507311740609e-01 1.016811520494425469e+00 1.001441136099726625e+00 1.622428993615624870e+00
9.225000000000001421e+00 9.886676879991146416e-01 1.010284850337641815e+00 1.001638934380306711e+00 1.674667192138977967e+00
9.275000000000000355e+00 9.918424572291704155e-01 1.012150350088478090e+00 1.001155538167135095e+00 1.449577668407422637e+00
9.324999999999999289e+00 9.858509716716322702e-01 1.007881084681888861e+00 1.000925414530702717e+00 1.283837955960397847e+00
9.375000000000000000e+00 9.846193954643059909e-01 1.006685398906100204e+00 1.000941346607832072e+00 1.797169906771964198e+00
9.425000000000000711e+00 9.840135025422837023e-01 9.982922001240442933e-01 1.000245520605402394e+00 1.484021939677361734e+00
9.475000000000001421e+00 9.847942417713979602e-01 1.002322449532330628e+00 1.000318757109461165e+00 1.336112440644670052e+00
9.525000000000000355e+00 9.918401132193110925e-01 1.003883203456238826e+00 9.999497992817034664e-01 1.453025017716262912e+00
9.575000000000001066e+00 9.850320162021414250e-01 9.990093382452774895e-01 9.998070689645180975e-01 1.243580089102005237e+00
9.625000000000000000e+00 9.819651078223829987e-01 9.943617795274437565e-01 9.993398316299625384e-01 1.602465318647978698e+00
9.675000000000000711e+00 9.834509652176760541e-01 9.996783565522058268e-01 9.992125961644886534e-01 1.484444711602803224e+00
9.725000000000001421e+00 9.857836797013334040e-01 9.889230381880640408e-01 9.991784935735729123e-01 1.318530564426893426e+00
9.775000000000000355e+00 9.853574562269111770e-01 9.927156006330609683e-01 9.990908361546865235e-01 1.329934884219628355e+00
9.825000000000001066e+00 9.845074298891596243e-01 9.947313170467544374e-01 9.989251777044038105e-01 1.402554916926359585e+00
9.875000000000000000e+00 9.924415332264454603e-01 9.894698961452780273e-01 9.991809625497232172e-01 1.205705209162194702e+00
9.925000000000000711e+00 9.872657944079179515e-01 9.879650679931715196e-01 9.992479437427669309e-01 1.265926318131466166e+00
9.975000000000001421e+00 9.950225105464562958e-01 9.870254724716742700e-01 9.997329092030355913e-01 1.360690060485293396e+00
1.002500000000000036e+01 9.916567350502887290e-01 9.847673577306238490e-01 9.993964246073703261e-01 1.335333854411890675e+00
1.007500000000000107e+01 9.952818626560407944e-01 9.898179096094608109e-01 9.993812782550611784e-01 1.474214312353480549e+00
1.012500000000000000e+01 9.971421460975153916e-01 9.857194914200654301e-01 9.999450755639450739e-01 1.077390349901466537e+00
1.017500000000000071e+01 9.954191504744074326e-01 9.882381376458625466e-01 1.000320937362211948e+00 1.112712850429472766e+00
1.022500000000000142e+01 1.000906635307819093e+00 9.883772693942248777e-01 1.000609133863325173e+00 1.147294612214880161e+00
1.027500000000000036e+01 9.975673936956933607e-01 9.954075725456079660e-01 1.001016065618955286e+00 8.661782737321649384e-01
1.032500000000000107e+01 9.968303024992548611e-01 9.903243190097259507e-01 1.000914344511745435e+00 1.158599799505163341e+00
1.037500000000000000e+01 1.001798345761784947e+00 9.959727821308436146e-01 1.001150362140487582e+00 1.081259916348982664e+00
1.042500000000000071e+01 9.955447757822873944e-01 9.917528695092069357e-01 1.001846071648812231e+00 1.223900583818493093e+00
1.047500000000000142e+01 1.004496079180173140e+00 9.975581442755926398e-01 1.001991950094909489e+00 1.028243082582122270e+00
1.052500000000000036e+01 1.001418193191242478e+00 9.998529244618546974e-01 1.002132727645189236e+00 1.061380850749226390e+00
1.057500000000000107e+01 1.005500646414292376e+00 9.946683710967252345e-01 1.002542649381642503e+00 1.146946798330642725e+00
1.062500000000000000e+01 1.006674238272654787e+00 9.977847019434626930e-01 1.002749902489366685e+00 1.262419360358643328e+00
1.067500000000000071e+01 1.008229915236898755e+00 1.005843313237878345e+00 1.002659273515901228e+00 1.021340593467326308e+00
1.072500000000000142e+01 1.004467843740365351e+00 1.002206691490512780e+00 1.002941349148896766e+00 1.042814507922793510e+00
1.077500000000000036e+01 1.005038552871638791e+00 1.006399049228234865e+00 1.002962803686126003e+00 9.615538159401332274e-01
1.082500000000000107e+01 1.009032193315239967e+00 1.009518674148505823e+00 1.003120579579565019e+00 8.108013887766970518e-01
1.087500000000000000e+01 1.002827861464486103e+00 1.006894886127205124e+00 1.003054168792385070e+00 9.138252945862656018e-01
1.092500000000000071e+01 1.005430968680560255e+00 1.001152327317478052e+00 1.003132223831765257e+00 1.084585833897581120e+00
1.097500000000000142e+01 1.003991310293167905e+00 1.010360787503795654e+00 1.002679986777526233e+00 9.268279532492466055e-01
1.102500000000000036e+01 1.004480708362265107e+00 1.007323965430271029e+00 1.002521518600195227e+00 9.672936416927441217e-01
1.107500000000000107e+01 1.001560492321751816e+00 1.002112401640889994e+00 1.002352685529727561e+00 8.230226688903499177e-01
1.112500000000000000e+01 1.005417101907693622e+00 1.003929755917679634e+00 1.001537547010463491e+00 7.676624464588172048e-01
1.117500000000000071e+01 1.002298447797852043e+00 1.000672219921489914e+00 1.001867316718630274e+00 9.510104540129346029e-01
1.122500000000000142e+01 1.004011805518471245e+00 1.007395585448823461e+00 1.001750686479329078e+00 1.027387221193328593e+00
1.127500000000000036e+01 1.002226844567440933e+00 1.008934514910463154e+00 1.001246553112797422e+00 8.127678549344458103e-01
1.132500000000000107e+01 9.967302554828003647e-01 1.006758673047719377e+00 1.000597242927353525e+00 8.889456013224529274e-01
1.137500000000000000e+01 1.004187334913997809e+00 1.005169447658714965e+00 1.000325759388007274e+00 9.821127447173143565e-01
1.142500000000000071e+01 1.002786949769036262e+00 1.006417235963817713e+00 1.000070913393794614e+00 9.826338572340960198e-01
1.147500000000000142e+01 9.972419279042273876e-01 1.000200273091784053e+00 9.999678806463495606e-01 8.748764731494029778e-01
1.152500000000000036e+01 9.987293546266832189e-01 1.004424934702576433e+00 9.995664350139755738e-01 7.510655045133920460e-01
1.157500000000000107e+01 9.990547624676301419e-01 1.002458606317502499e+00 9.991108549777396597e-01 1.028244496315624534e+00
1.162500000000000000e+01 1.003098934952194377e+00 1.003766829777600789e+00 9.985235566031067656e-01 6.327424661745177925e-01
1.167500000000000071e+01 9.978102850498838938e-01 9.978974148337688144e-01 9.986113911348353245e-01 8.800108172374980775e-01
1.172500000000000142e+01 9.964194489323021653e-01 9.991493178947149501e-01 9.985618086276398797e-01 8.897990605332588565e-01
1.177500000000000036e+01 1.000626681724351874e+00 1.000386844479654869e+00 9.983759976264182656e-01 8.651272040863176027e-01
1.182500000000000107e+01 9.997501844062687271e-01 9.963613446851057320e-01 9.981430250451741593e-01 7.898799350079260817e-01
1.187500000000000000e+01 9.942461264162628654e-01 9.956273279404150855e-01 9.981481554733612205e-01 8.590399723385806485e-01
1.192500000000000071e+01 9.945030982494303951e-01 9.987289492895981002e-01 9.981042582662690288e-01 8.936088167943588845e-01
1.197500000000000142e+01 9.928659774352833756e-01 9.982409233776567969e-01 9.979532271185720393e-01 9.441353427281563571e-01
1.202500000000000036e+01 1.002547588356107910e+00 1.004042383475803879e+00 9.979078592888116495e-01 7.556107198463283270e-01
1.207500000000000107e+01 1.002480709029903272e+00 9.951662448681413142e-01 9.980212317327413762e-01 9.774339637098384825e-01
1.212500000000000000e+01 1.000409742459343665e+00 9.965160288299395042e-01 9.979764299447755338e-01 7.755114282630570788e-01
1.217500000000000071e+01 9.999653530666970935e-01 9.977620450087733017e-01 9.980543238376938797e-01 9.053593110741039451e-01
1.222500000000000142e+01 1.000003333465715016e+00 9.992722439339378759e-01 9.982637694978541143e-01 7.469827824680325135e-01
1.227500000000000036e+01 9.980764189753688065e-01 9.979975987854429187e-01 9.984383455234709936e-01 8.197299752299143094e-01
1.232500000000000107e+01 1.003684536391599824e+00 9.957099751184889103e-01 9.985720138866193141e-01 7.740015353313526303e-01
1.237500000000000000e+01 9.997781300583826747e-01 9.983046519970483201e-01 9.986337649547690765e-01 8.065353598882374353e-01
1.242500000000000071e+01 1.003194799213884103e+00 9.972712987967661258e-01 9.986086097909362413e-01 8.616000606717100219e-01
1.247500000000000142e+01 9.947114048856882107e-01 9.955737434979362588e-01 9.992555630691082325e-01 8.470759819427632342e-01
1.252500000000000036e+01 1.004515589865010439e+00 9.952871403892067370e-01 9.992506648077122966e-01 7.267687856252336154e-01
1.257500000000000107e+01 1.001154686939738525e+00 9.987964134577270725e-01 9.993664397021150281e-01 9.688448381511625129e-01
1.262500000000000000e+01 9.988138507557999812e-01 9.971820698284182827e-01 9.997700892813548013e-01 8.866754810886997573e-01
1.267500000000000071e+01 9.967818073623387898e-01 1.001549895717701144e+00 9.999079287205854261e-01 1.071895831825652179e+00
1.272500000000000142e+01 1.001865170966750762e+00 1.000060907126446796e+00 9.999611152003852199e-01 9.534727611361629718e-01
1.277500000000000036e+01 9.993140412087430091e-01 9.972182346514429918e-01 1.000094947464520434e+00 8.441443078014183587e-01
1.282500000000000107e+01 1.002685731371220301e+00 1.002216400482390357e+00 1.000410068639363326e+00 8.520160751064255189e-01
1.287500000000000000e+01 1.005523641512272137e+00 1.001554506951054302e+00 1.000477739493519147e+00 8.883983494422560412e-01
1.292500000000000071e+01 9.977590189207058424e-01 9.975883986307544360e-01 1.000633757531024459e+00 8.388830922609747942e-01
1.297500000000000142e+01 1.004757333034717703e+00 9.999461687894171114e-01 1.000695355949022591e+00 9.100296006507047064e-01
1.302500000000000036e+01 9.967850639465127838e-01 1.001342347701783098e+00 1.000904820459533662e+00 9.940618943907520988e-01
1.307500000000000107e+01 1.004244092747291761e+00 9.979848478243866783e-01 1.000818569866032126e+00 9.170036956975228248e-01
1.312500000000000000e+01 9.987375907259862240e-01 1.002074368556074457e+00 1.000960739637789754e+00 9.238186554376230930e-01
1.317500000000000071e+01 9.966997213210830875e-01 1.003411665214105186e+00 1.000719005741132150e+00 8.620845367184243324e-01
1.322500000000000142e+01 9.971017795609107282e-01 9.977400681110444314e-01 1.001030866585814305e+00 9.234813065763463058e-01
1.327500000000000036e+01 9.962564479645784621e-01 1.006951636208561540e+00 1.001093827019414961e+00 1.010887357654362440e+00
1.332500000000000107e+01 1.002786790574660358e+00 9.972953120288808870e-01 1.000853602841041301e+00 8.160296986420084719e-01
1.337500000000000000e+01 9.973016363980836685e-01 1.000694089808365828e+00 1.001135374305785808e+00 8.564119176642089881e-01
1.342500000000000071e+01 9.970166198456643647e-01 9.990000571809202201e-01 1.000779220239123024e+00 9.422974715667132850e-01
1.347500000000000142e+01 9.987948408910920506e-01 1.004910378537096971e+00 1.001022780310646620e+00 8.829920665354600295e-01
1.352500000000000036e+01 9.960787538636196592e-01 9.979550607809234419e-01 1.000718257075844608e+00 8.634907266484689314e-01
1.357500000000000107e+01 9.967074054439890585e-01 1.003693431382208567e+00 1.000679360759616277e+00 8.764755789648155382e-01
1.362500000000000000e+01 9.987906260857131180e-01 9.995647187290543911e-01 1.000884169235819465e+00 8.892469208631278432e-01
1.367500000000000071e+01 9.970761862096616523e-01 1.000219814034795096e+00 1.000556963355968332e+00 9.716667823139866211e-01
1.372500000000000142e+01 9.974848150996181717e-01 1.001923236686753205e+00 1.000546758582890883e+00 9.835138744219322771e-01
1.377500000000000036e+01 1.001334933052201448e+00 9.979613908115357868e-01 1.000435154884264488e+00 9.826458845723728963e-01
1.382500000000000107e+01 9.959070826457472325e-01 9.950930878628315712e-01 1.000474289312375253e+00 8.139947829156760628e-01
1.387500000000000000e+01 9.980760083935326099e-01 9.995380609063070354e-01 1.000313244849978744e+00 9.006736998526212457e-01
1.392500000000000071e+01 9.940450081373214397e-01 1.004977733166589005e+00 1.000245706786470512e+00 9.799641482816988658e-01
1.397500000000000142e+01 9.986142091302707691e-01 9.972642209777727862e-01 1.000087411066309162e+00 9.303972402351230464e-01
1.402500000000000036e+01 9.989391308165554983e-01 1.000985926900828105e+00 9.999599447031637389e-01 1.002265929171818559e+00
1.407500000000000107e+01 9.989045187239616874e-01 9.992642142745900014e-01 1.000215549056743480e+00 8.872490248830988691e-01
1.412500000000000000e+01 1.000035873575330081e+00 1.000988283023917180e+00 9.997665321832701624e-01 8.690736218355736842e-01
1.417500000000000071e+01 1.002024854241881036e+00 1.004359556961920363e+00 1.000354070047743793e+00 9.279704482181534431e-01
1.422500000000000142e+01 1.002024385667044548e+00 9.988374308127029311e-01 9.998148340646426657e-01 8.686359455664458551e-01
1.427500000000000036e+01 9.973543264543768272e-01 1.002180008881006223e+00 9.998576084163589561e-01 9.966083272386658809e-01
1.432500000000000107e+01 9.989349326374830085e-01 9.996699457685299661e-01 1.000040913262024933e+00 8.739132502998802066e-01
1.437500000000000000e+01 9.992567702085528580e-01 1.000544168572379489e+00 9.998980325292776694e-01 9.483068304972892548e-01
1.442500000000000071e+01 1.000012460546648496e+00 1.000868591619150649e+00 9.998355952821508241e-01 9.132064773354324760e-01
1.447500000000000142e+01 1.002785762482998555e+00 1.002218944653824551e+00 9.998578989954705065e-01 8.502267437608443945e-01
1.452500000000000036e+01 1.003054161586971471e+00 1.000042527873799214e+00 9.999545994278186134e-01 9.569677219425948289e-01
1.457500000000000107e+01 1.000986336417016620e+00 1.001120512394553241e+00 9.998026918498466031e-01 9.448225084865107259e-01
1.462500000000000000e+01 9.988122429393109236e-01 9.989899230781443817e-01 9.999307172032503299e-01 8.550856681360530231e-01
1.467500000000000071e+01 1.001260319535631771e+00 9.991978096380970120e-01 9.998662613752630213e-01 8.437540489915328346e-01
1.472500000000000142e+01 9.942804330122114731e-01 1.000283602555865681e+00 1.000085826601593730e+00 7.613508819050572862e-01
1.477500000000000036e+01 1.000020715990064701e+00 1.001174067122664102e+00 1.000209811172455776e+00 8.758940205118184164e-01
1.482500000000000107e+01 9.989604807226342142e-01 9.982904218713061217e-01 9.999331251823410094e-01 9.186290703690662696e-01
1.487500000000000000e+01 9.990083053202720720e-01 9.974785866004064472e-01 9.999008452026898475e-01 8.963614955002332518e-01
1.492500000000000071e+01 1.001117696241032418e+00 9.992036763715594905e-01 1.000008908262719265e+00 1.018322548939609051e+00
1.497500000000000142e+01 9.957517121672538885e-01 1.003266719504586790e+00 1.000109293673396627e+00 8.473581211932805779e-01
1.502500000000000036e+01 1.000977504910664839e+00 1.003044998955631817e+00 9.997556106692904176e-01 9.995518283554841732e-01
1.507500000000000107e+01 1.002093411091989461e+00 9.988951238808985167e-01 9.999014869008984174e-01 7.943458432774579414e-01
1.512500000000000000e+01 9.997671071826226274e-01 9.949390448825804478e-01 9.999842973056168871e-01 8.358258390395745252e-01
1.517500000000000071e+01 1.001018513279101407e+00 1.002725583083865946e+00 9.997870300275580879e-01 8.200123835575877651e-01
1.522500000000000142e+01 1.001678605167079628e+00 9.990553771197689947e-01 1.000061374828928207e+00 8.248822570644519514e-01
1.527500000000000036e+01 9.990052037637522364e-01 9.994785742772848147e-01 9.999334782507842689e-01 7.075107675380681860e-01
1.532500000000000107e+01 1.001366757507577976e+00 9.977814536975322390e-01 9.997591355974911886e-01 8.343795890797505166e-01
1.537500000000000000e+01 9.942112776595459778e-01 1.001199674801544814e+00 1.000123320969412477e+00 7.335053793902416297e-01
1.542500000000000071e+01 1.000784103120289092e+00 9.987825149480817899e-01 9.995622957646370654e-01 7.936471805011819924e-01
1.547500000000000142e+01 9.978088745813765703e-01 9.944960697691481721e-01 9.979025357066518831e-01 8.529976462624093703e-01
1.552500000000000036e+01 9.924318000408939300e-01 9.947230392831349910e-01 9.936259545147801964e-01 8.425847535983279624e-01
1.557500000000000107e+01 9.845670657775671408e-01 9.865694522537338251e-01 9.865136302229240428e-01 7.441631891866408166e-01
1.562500000000000000e+01 9.808395298464096523e-01 9.766171200388568119e-01 9.777235081570940789e-01 7.783243884889998743e-01
1.567500000000000071e+01 9.653842655422909536e-01 9.690480913500528759e-01 9.682635202716040057e-01 8.652042474793970595e-01
1.572500000000000142e+01 9.574393833948104948e-01 9.599848961323310670e-01 9.588620848723735657e-01 8.693166141343815490e-01
1.577500000000000036e+01 9.492129654978711528e-01 9.501817741698073139e-01 9.493374979780955236e-01 7.588205854081144786e-01
1.582500000000000107e+01 9.401180231494720152e-01 9.396627578877306819e-01 9.401133756499250316e-01 6.828978926120691240e-01
1.587500000000000000e+01 9.306521102768946507e-01 9.272590955193213968e-01 9.309711950397215885e-01 7.210156359843272744e-01
1.592500000000000071e+01 9.249390773311372271e-01 9.190806755927972693e-01 9.217180896550031255e-01 7.914227768021132592e-01
1.597500000000000142e+01 9.127314582810580612e-01 9.104744106225340916e-01 9.124491551366017417e-01 6.980559768630943962e-01
1.602499999999999858e+01 9.034327766510593660e-01 9.044270896343864496e-01 9.033476634596865340e-01 6.752078863523982566e-01
1.607500000000000284e+01 8.963782712092028815e-01 8.926555219607117397e-01 8.943095348558297575e-01 7.445498496982124736e-01
1.612500000000000000e+01 8.848170913815268657e-01 8.845567422458781026e-01 8.855712451795137996e-01 6.851293043389086179e-01
1.617500000000000071e+01 8.759280775872606561e-01 8.738036691985930915e-01 8.765617595578615306e-01 5.674167704774339960e-01
1.622500000000000142e+01 8.640729319794910879e-01 8.670910585046712749e-01 8.677739400829425076e-01 7.128011823295423710e-01
1.627499999999999858e+01 8.578347896857869692e-01 8.562071983546492016e-01 8.589295981863083185e-01 7.218793507250168551e-01
1.632500000000000284e+01 8.531362349540471124e-01 8.500658446806874657e-01 8.500422084687718760e-01 7.130079009253180722e-01
1.637500000000000000e+01 8.380351022685177398e-01 8.442093051783127189e-01 8.413601895704375666e-01 6.865146707447821184e-01
1.642500000000000071e+01 8.317124652773287830e-01 8.312150164278739872e-01 8.329563691419070715e-01 6.515259267195148141e-01
1.647500000000000142e+01 8.224625467158719339e-01 8.252978851507835056e-01 8.241475428423081784e-01 6.563283414147054184e-01
1.652499999999999858e+01 8.131917554354477495e-01 8.163317941958734281e-01 8.155271614380565914e-01 6.871552966028492415e-01
1.657500000000000284e+01 8.098535862408388075e-01 8.053232028310118862e-01 8.070737983134962379e-01 7.435362084830564600e-01
1.662500000000000000e+01 7.983637620823835768e-01 7.986172804649521728e-01 7.986648473885969990e-01 6.746167129367448556e-01
1.667500000000000071e+01 7.897390825093605349e-01 7.883893859178540131e-01 7.903948812899300735e-01 6.022380360835906110e-01
1.672500000000000142e+01 7.810672512597789385e-01 7.821668855315574431e-01 7.819301117706751736e-01 7.047849000588328749e-01
1.677499999999999858e+01 7.726787628426281529e-01 7.730037352031619013e-01 7.739064493348412066e-01 6.161813589341532671e-01
1.682500000000000284e+01 7.651815566067006191e-01 7.627146770852175628e-01 7.655947505358025040e-01 6.460874937217668812e-01
1.687500000000000000e+01 7.570004676644583874e-01 7.578762828944419772e-01 7.573124413904760432e-01 6.380939532736976672e-01
1.692500000000000071e+01 7.483884574229838771e-01 7.505650779067608580e-01 7.492756230565088549e-01 6.509131732437827278e-01
1.697500000000000142e+01 7.387023503897566234e-01 7.433885594987352796e-01 7.411004859592179583e-01 6.141118357412791440e-01
1.702499999999999858e+01 7.355826230101016883e-01 7.354269224688155804e-01 7.330006655182506048e-01 6.105100171480581928e-01
1.707500000000000284e+01 7.234600133900607188e-01 7.236229502473316977e-01 7.249907155488495292e-01 6.354537433566029847e-01
1.712500000000000000e+01 7.175042913112502641e-01 7.194157354430678053e-01 7.171616244539242846e-01 6.236491447031907720e-01
1.717500000000000071e+01 7.075109894135184208e-01 7.097978285530329723e-01 7.091705501875144035e-01 5.958665363523628633e-01
1.722500000000000142e+01 7.002673013692086723e-01 6.977735660309423160e-01 7.011870213831309373e-01 5.363732509272854942e-01
1.727499999999999858e+01 6.943849070608452134e-01 6.948943020088277356e-01 6.935628868821305248e-01 4.934763558581004572e-01
1.732500000000000284e+01 6.844199367500992670e-01 6.858680928451322822e-01 6.856328663974555759e-01 5.935065963250308885e-01
1.737500000000000000e+01 6.765721985618883272e-01 6.790820720526169474e-01 6.780212846434823248e-01 5.507559384043932971e-01
1.742500000000000071e+01 6.684041694227634833e-01 6.713651195134855421e-01 6.703292485300957892e-01 4.967512041237730491e-01
1.747500000000000142e+01 6.619207104882761650e-01 6.640713694359848818e-01 6.626684242121215762e-01 5.561378472375059223e-01
1.752499999999999858e+01 6.534391891287958387e-01 6.542860437193392942e-01 6.549647338695469001e-01 4.833644923192971787e-01
1.757500000000000284e+01 6.488844335501762206e-01 6.480654602897685246e-01 6.473663032018530661e-01 5.075327247597118951e-01
1.762500000000000000e+01 6.362809644650919694e-01 6.419583578858544248e-01 6.399702838131650084e-01 5.964130462215153639e-01
1.767500000000000071e+01 6.301581283912580655e-01 6.302683736554204330e-01 6.325253831314475716e-01 4.333779349830988448e-01
1.772500000000000142e+01 6.241584180865391573e-01 6.248237233682109038e-01 6.250327501912524841e-01 5.140995358372608681e-01
1.777499999999999858e+01 6.188626796649701056e-01 6.170884755893752960e-01 6.176358701713934307e-01 4.134797633801633454e-01
1.782500000000000284e+01 6.097664708134274969e-01 6.095646269840127029e-01 6.102965052337734342e-01 4.784446326869408739e-01
1.787500000000000000e+01 6.028845990394584575e-01 6.037952559326672519e-01 6.029557194843346846e-01 4.014324263940462489e-01
1.792500000000000071e+01 5.966465329261162465e-01 5.965578226950392082e-01 5.956509010401421778e-01 6.172753579111591726e-01
1.797500000000000142e+01 5.871639721232118081e-01 5.872044050971718665e-01 5.884195923994673949e-01 4.557898882771377336e-01
1.802499999999999858e+01 5.808551128170573730e-01 5.814326598283225955e-01 5.814447005868992324e-01 3.874682480639883853e-01
1.807500000000000284e+01 5.728984505656745663e-01 5.735527803590223517e-01 5.741518192848322766e-01 3.635165518598940659e-01
1.812500000000000000e+01 5.650242393526192508e-01 5.651905356596446106e-01 5.670004323625664755e-01 4.085104933448882591e-01
1.817500000000000071e+01 5.584394933888263690e-01 5.594857180555026233e-01 5.599320065789523682e-01 3.739084719392628542e-01
1.822500000000000142e+01 5.534666267133562245e-01 5.535953473661182622e-01 5.529536892143944726e-01 4.076154004129606823e-01
1.827499999999999858e+01 5.459580662244786220e-01 5.458158248211764096e-01 5.460524220593591105e-01 3.307112626774995623e-01
1.832500000000000284e+01 5.400120340885323778e-01 5.377025975945916025e-01 5.390675488322906883e-01 3.961054936008620020e-01
1.837500000000000000e+01 5.327964745816130554e-01 5.298101720265716574e-01 5.321869171168565060e-01 3.060168695978843223e-01
1.842500000000000071e+01 5.270645205702449987e-01 5.261094653856194236e-01 5.251332100749178666e-01 3.953158822808820472e-01
1.847500000000000142e+01 5.207465079248994044e-01 5.191529149818900901e-01 5.183870091613638209e-01 3.409871362771034753e-01
1.852499999999999858e+01 5.124609624251607043e-01 5.107790605630683212e-01 5.115275207345131303e-01 3.426096385743578332e-01
1.857500000000000284e+01 5.043533409518502486e-01 5.031520489130023588e-01 5.047517155518735921e-01 3.269992655889832900e-01
1.862500000000000000e+01 4.989032796757654209e-01 4.996941408137127727e-01 4.980932598411602630e-01 3.286695638222755789e-01
1.867500000000000071e+01 4.920399837052386038e-01 4.919378237124975017e-01 4.915324732932992990e-01 3.507493084111784065e-01
1.872500000000000142e+01 4.846703496231269392e-01 4.858321493989374851e-01 4.847565057137903088e-01 2.811352227180063945e-01
1.877499999999999858e+01 4.771699871723276143e-01 4.766780906106971583e-01 4.781722567390405132e-01 2.998547533226751383e-01
1.882500000000000284e+01 4.693268068537613247e-01 4.706204013486740001e-01 4.715291213198205544e-01 3.183717021158158911e-01
1.887500000000000000e+01 4.654501783652458258e-01 4.637133990911257442e-01 4.651253439706444226e-01 3.566897933413640809e-01
1.892500000000000071e+01 4.568163524449269097e-01 4.580399410285972972e-01 4.585113973365894102e-01 2.619606994849794646e-01
1.897500000000000142e+01 4.502295559999521801e-01 4.502064664590019749e-01 4.520837121083715049e-01 2.935670206527399295e-01
1.902499999999999858e+01 4.452215118343037514e-01 4.459630609773776455e-01 4.455578864004602901e-01 2.985883717686890204e-01
1.907500000000000284e+01 4.368879965576804025e-01 4.389280040126564697e-01 4.391278790470772297e-01 2.252168230293608298e-01
1.912500000000000000e+01 4.314115862578286054e-01 4.333337910285346983e-01 4.327640261563313606e-01 2.694983040010219266e-01
1.917500000000000426e+01 4.266129115541791861e-01 4.263577371090659374e-01 4.264533919953644725e-01 2.390241637769864036e-01
1.922500000000000142e+01 4.212188148345710204e-01 4.195800436706445535e-01 4.203118160475968201e-01 2.570621433610172923e-01
1.927499999999999858e+01 4.149062958009351876e-01 4.148231834800382156e-01 4.138580512435052206e-01 2.205673131496939665e-01
1.932500000000000284e+01 4.072191542401420450e-01 4.088314688560774068e-01 4.076036801456656700e-01 2.830295874127123912e-01
1.937500000000000000e+01 4.033832113112144069e-01 4.005769957050479002e-01 4.013874573473186769e-01 2.878981061568787192e-01
1.942500000000000426e+01 3.960467304894788043e-01 3.939473816069579137e-01 3.952948551394757093e-01 2.612383167154893604e-01
1.947500000000000142e+01 3.895285604708736416e-01 3.854077580015439763e-01 3.891882247727075916e-01 2.598986359835568360e-01
1.952499999999999858e+01 3.810843216865223426e-01 3.839223526776888162e-01 3.829551105940452449e-01 2.180704383991805828e-01
1.957500000000000284e+01 3.773330693126272228e-01 3.768960542418797188e-01 3.768866506693645535e-01 2.603494038495587359e-01
1.962500000000000000e+01 3.733591093558951135e-01 3.703926624109474264e-01 3.708521594921954656e-01 1.911847303396611575e-01
1.967500000000000426e+01 3.636589692726999168e-01 3.644014184481600416e-01 3.647929836889203248e-01 2.300978849566579498e-01
1.972500000000000142e+01 3.584874523417660441e-01 3.576052978180671582e-01 3.587867499727617204e-01 1.831462678959662194e-01
1.977499999999999858e+01 3.532906345627910283e-01 3.534850039374215491e-01 3.529554020579400708e-01 2.308136323737373652e-01
1.982500000000000284e+01 3.463436926214198963e-01 3.472562525611472273e-01 3.469796622912035278e-01 2.054770725213888594e-01
1.987500000000000000e+01 3.384248418718768803e-01 3.390652342860689950e-01 3.409950463033569745e-01 2.164706752198780337e-01
1.992500000000000426e+01 3.369019853863557956e-01 3.359148013338478789e-01 3.351714577252430383e-01 1.854709431984626622e-01
1.997500000000000142e+01 3.295710404127068505e-01 3.281571983893330491e-01 3.293853240775355129e-01 1.607315142361743499e-01
