# r (Angstroms), cation-water g(r), anion-water g(r), water-water g(r), cation-anion g(r)
2.500000000000000139e-02 0.000000000000000000e+00 0.000000000000000000e+00 5.752342120106026414e+04 0.000000000000000000e+00
7.500000000000001110e-02 0.000000000000000000e+00 0.000000000000000000e+00 0.000000000000000000e+00 0.000000000000000000e+00
1.250000000000000000e-01 0.000000000000000000e+00 0.000000000000000000e+00 0.000000000000000000e+00 0.000000000000000000e+00
1.750000000000000167e-01 0.000000000000000000e+00 0.000000000000000000e+00 0.000000000000000000e+00 0.000000000000000000e+00
2.250000000000000056e-01 0.000000000000000000e+00 0.000000000000000000e+00 0.000000000000000000e+00 0.000000000000000000e+00
2.750000000000000222e-01 0.000000000000000000e+00 0.000000000000000000e+00 0.000000000000000000e+00 0.000000000000000000e+00
3.250000000000000666e-01 0.000000000000000000e+00 0.000000000000000000e+00 0.000000000000000000e+00 0.000000000000000000e+00
3.750000000000000000e-01 0.000000000000000000e+00 0.000000000000000000e+00 0.000000000000000000e+00 0.000000000000000000e+00
4.250000000000000444e-01 0.000000000000000000e+00 0.000000000000000000e+00 0.000000000000000000e+00 0.000000000000000000e+00
4.749999999999999778e-01 0.000000000000000000e+00 0.000000000000000000e+00 0.000000000000000000e+00 0.000000000000000000e+00
5.250000000000000222e-01 0.000000000000000000e+00 0.000000000000000000e+00 0.000000000000000000e+00 0.000000000000000000e+00
5.750000000000000666e-01 0.000000000000000000e+00 0.000000000000000000e+00 0.000000000000000000e+00 0.000000000000000000e+00
6.250000000000000000e-01 0.000000000000000000e+00 0.000000000000000000e+00 0.000000000000000000e+00 0.000000000000000000e+00
6.750000000000000444e-01 0.000000000000000000e+00 0.000000000000000000e+00 0.000000000000000000e+00 0.000000000000000000e+00
7.250000000000000888e-01 0.000000000000000000e+00 0.000000000000000000e+00 0.000000000000000000e+00 0.000000000000000000e+00
7.750000000000000222e-01 0.000000000000000000e+00 0.000000000000000000e+00 0.000000000000000000e+00 0.000000000000000000e+00
8.250000000000000666e-01 0.000000000000000000e+00 0.000000000000000000e+00 0.000000000000000000e+00 0.000000000000000000e+00
8.750000000000000000e-01 0.000000000000000000e+00 0.000000000000000000e+00 0.000000000000000000e+00 0.000000000000000000e+00
9.250000000000000444e-01 0.000000000000000000e+00 0.000000000000000000e+00 0.000000000000000000e+00 0.000000000000000000e+00
9.750000000000000888e-01 0.000000000000000000e+00 0.000000000000000000e+00 0.000000000000000000e+00 0.000000000000000000e+00
1.024999999999999911e+00 0.000000000000000000e+00 0.000000000000000000e+00 0.000000000000000000e+00 0.000000000000000000e+00
1.075000000000000178e+00 0.000000000000000000e+00 0.000000000000000000e+00 0.000000000000000000e+00 0.000000000000000000e+00
1.125000000000000000e+00 0.000000000000000000e+00 0.000000000000000000e+00 0.000000000000000000e+00 0.000000000000000000e+00
1.175000000000000266e+00 0.000000000000000000e+00 0.000000000000000000e+00 0.000000000000000000e+00 0.000000000000000000e+00
1.225000000000000089e+00 0.000000000000000000e+00 0.000000000000000000e+00 0.000000000000000000e+00 0.000000000000000000e+00
1.274999999999999911e+00 0.000000000000000000e+00 0.000000000000000000e+00 0.000000000000000000e+00 0.000000000000000000e+00
1.325000000000000178e+00 0.000000000000000000e+00 0.000000000000000000e+00 0.000000000000000000e+00 0.000000000000000000e+00
1.375000000000000000e+00 0.000000000000000000e+00 0.000000000000000000e+00 0.000000000000000000e+00 0.000000000000000000e+00
1.425000000000000266e+00 0.000000000000000000e+00 0.000000000000000000e+00 0.000000000000000000e+00 0.000000000000000000e+00
1.475000000000000089e+00 0.000000000000000000e+00 0.000000000000000000e+00 0.000000000000000000e+00 0.000000000000000000e+00
1.524999999999999911e+00 0.000000000000000000e+00 0.000000000000000000e+00 0.000000000000000000e+00 0.000000000000000000e+00
1.575000000000000178e+00 0.000000000000000000e+00 0.000000000000000000e+00 0.000000000000000000e+00 0.000000000000000000e+00
1.625000000000000000e+00 0.000000000000000000e+00 0.000000000000000000e+00 0.000000000000000000e+00 0.000000000000000000e+00
1.675000000000000266e+00 0.000000000000000000e+00 0.000000000000000000e+00 0.000000000000000000e+00 0.000000000000000000e+00
1.725000000000000089e+00 0.000000000000000000e+00 0.000000000000000000e+00 0.000000000000000000e+00 0.000000000000000000e+00
1.774999999999999911e+00 0.000000000000000000e+00 0.000000000000000000e+00 0.000000000000000000e+00 0.000000000000000000e+00
1.825000000000000178e+00 0.000000000000000000e+00 0.000000000000000000e+00 0.000000000000000000e+00 0.000000000000000000e+00
1.875000000000000000e+00 0.000000000000000000e+00 0.000000000000000000e+00 0.000000000000000000e+00 0.000000000000000000e+00
1.925000000000000266e+00 0.000000000000000000e+00 0.000000000000000000e+00 0.000000000000000000e+00 0.000000000000000000e+00
1.975000000000000089e+00 0.000000000000000000e+00 0.000000000000000000e+00 0.000000000000000000e+00 0.000000000000000000e+00
2.025000000000000355e+00 0.000000000000000000e+00 0.000000000000000000e+00 0.000000000000000000e+00 0.000000000000000000e+00
2.075000000000000178e+00 0.000000000000000000e+00 0.000000000000000000e+00 0.000000000000000000e+00 0.000000000000000000e+00
2.125000000000000000e+00 2.149511272960885622e-02 0.000000000000000000e+00 0.000000000000000000e+00 0.000000000000000000e+00
2.174999999999999822e+00 5.671645247321044359e-01 0.000000000000000000e+00 0.000000000000000000e+00 0.000000000000000000e+00
2.225000000000000089e+00 4.012548033589095731e+00 0.000000000000000000e+00 0.000000000000000000e+00 0.000000000000000000e+00
2.275000000000000355e+00 1.085124289309479906e+01 0.000000000000000000e+00 0.000000000000000000e+00 0.000000000000000000e+00
2.325000000000000178e+00 1.497415954183861508e+01 0.000000000000000000e+00 0.000000000000000000e+00 0.000000000000000000e+00
2.375000000000000000e+00 1.308478528690674914e+01 0.000000000000000000e+00 8.922748162070489380e-06 0.000000000000000000e+00
2.425000000000000266e+00 8.400475532934256861e+00 0.000000000000000000e+00 8.049165135622528668e-04 0.000000000000000000e+00
2.475000000000000089e+00 4.544987874297288677e+00 0.000000000000000000e+00 1.756685839694176188e-02 0.000000000000000000e+00
2.525000000000000355e+00 2.194007676536530838e+00 0.000000000000000000e+00 1.469490819610385635e-01 0.000000000000000000e+00
2.575000000000000178e+00 1.030328094591546506e+00 0.000000000000000000e+00 6.024037939810326092e-01 0.000000000000000000e+00
2.625000000000000000e+00 4.820744264599875484e-01 0.000000000000000000e+00 1.459035120288082243e+00 0.000000000000000000e+00
2.675000000000000266e+00 2.468481517563879124e-01 0.000000000000000000e+00 2.408969007185954858e+00 0.000000000000000000e+00
2.725000000000000089e+00 1.268440095305369553e-01 0.000000000000000000e+00 3.004568900631351180e+00 0.000000000000000000e+00
2.775000000000000355e+00 7.749688239756967467e-02 0.000000000000000000e+00 3.100031534597419647e+00 0.000000000000000000e+00
2.825000000000000178e+00 4.850057574900432794e-02 0.000000000000000000e+00 2.810795459755059067e+00 0.000000000000000000e+00
2.875000000000000000e+00 3.392515389012646515e-02 0.000000000000000000e+00 2.358096272784294456e+00 0.000000000000000000e+00
2.925000000000000266e+00 2.451141290423028071e-02 1.400652165956016242e-04 1.906162379562501341e+00 0.000000000000000000e+00
2.975000000000000089e+00 1.800777647854974114e-02 3.249523575076645413e-03 1.533108975103285809e+00 0.000000000000000000e+00
3.025000000000000355e+00 1.440537780407735030e-02 3.948383098117564521e-02 1.257113842912457979e+00 0.000000000000000000e+00
3.075000000000000178e+00 1.406746305149919954e-02 2.098079737095218389e-01 1.068226367343037664e+00 0.000000000000000000e+00
3.125000000000000000e+00 1.742495436366229417e-02 6.722719188825625469e-01 9.461956373858280145e-01 0.000000000000000000e+00
3.175000000000000266e+00 1.521619790731099271e-02 1.490295820820345618e+00 8.718543791498130080e-01 0.000000000000000000e+00
3.225000000000000089e+00 1.578501660875130871e-02 2.444776459217442799e+00 8.303490222935885345e-01 0.000000000000000000e+00
3.275000000000000355e+00 1.608881511501296033e-02 3.202456303066781640e+00 8.100765336119778448e-01 0.000000000000000000e+00
3.325000000000000178e+00 1.777644764612008529e-02 3.545208982692985789e+00 8.028314182492612971e-01 0.000000000000000000e+00
3.375000000000000000e+00 2.146185632252211109e-02 3.479661264055974534e+00 8.048919932570786084e-01 0.000000000000000000e+00
3.425000000000000266e+00 2.584546021404564645e-02 3.109678781208128573e+00 8.133331370630945134e-01 0.000000000000000000e+00
3.475000000000000089e+00 3.175597717285585930e-02 2.591436593448035897e+00 8.235390690905386446e-01 0.000000000000000000e+00
3.525000000000000355e+00 3.857687824524261289e-02 2.106297552190246503e+00 8.364375689051274376e-01 0.000000000000000000e+00
3.575000000000000178e+00 4.847568835058348180e-02 1.632608676132223602e+00 8.496841157311169068e-01 0.000000000000000000e+00
3.625000000000000000e+00 6.374511101351608422e-02 1.288991804893480753e+00 8.663834232178194705e-01 0.000000000000000000e+00
3.675000000000000266e+00 7.133904247206654392e-02 1.023724132489387761e+00 8.822430173001652998e-01 0.000000000000000000e+00
3.725000000000000089e+00 1.018233411440707253e-01 8.393732422215635092e-01 8.980112230102492710e-01 0.000000000000000000e+00
3.775000000000000355e+00 1.233623023262130775e-01 7.114565499869978105e-01 9.147989972626857647e-01 0.000000000000000000e+00
3.825000000000000178e+00 1.584090610795776954e-01 6.328171695454071211e-01 9.327308989114665438e-01 4.095373864518555423e-02
3.875000000000000000e+00 2.143626820923445475e-01 5.724983991025441865e-01 9.505866051017767271e-01 0.000000000000000000e+00
3.925000000000000266e+00 2.861786336537857078e-01 5.545440280831308577e-01 9.678533386825527440e-01 7.778707084908555169e-02
3.975000000000000089e+00 3.660917312802619006e-01 5.360168450017093189e-01 9.861716411325468501e-01 0.000000000000000000e+00
4.025000000000000355e+00 4.845770685990392068e-01 5.410901017862879137e-01 1.005172171522424884e+00 0.000000000000000000e+00
4.075000000000000178e+00 6.135543493173702956e-01 5.588526089289244103e-01 1.022265547052200629e+00 7.216588441747474880e-02
4.125000000000000000e+00 7.935718034072359872e-01 5.838048867895174743e-01 1.039485817072308471e+00 3.521351630312549025e-02
4.175000000000000711e+00 9.666289179971231382e-01 6.137681127609756482e-01 1.055613228673559334e+00 1.375005573253375857e-01
4.224999999999999645e+00 1.162805506473570283e+00 6.556850864111402055e-01 1.070266435380764047e+00 1.342654011285226434e-01
4.275000000000000355e+00 1.354904858258932698e+00 6.903700237225558478e-01 1.084417115777345231e+00 9.835731923672261234e-02
4.325000000000000178e+00 1.551635443409877135e+00 7.429527761033998257e-01 1.093607779671542435e+00 1.921926643364835485e-01
4.375000000000000000e+00 1.692614844464611190e+00 7.958451487113706868e-01 1.102015915099072041e+00 4.382579586185419429e-01
4.425000000000000711e+00 1.850302290312328513e+00 8.400811824156444452e-01 1.108170540593294673e+00 3.060070602176974131e-01
4.474999999999999645e+00 1.951668634786756007e+00 8.946594077506406784e-01 1.112277461977523307e+00 5.984143725966628580e-01
4.525000000000000355e+00 2.006398423343672910e+00 9.348112367089671526e-01 1.113582495049516785e+00 7.315786795343303117e-01
4.575000000000000178e+00 2.015628276513796724e+00 9.790726130528101256e-01 1.111778303847718252e+00 1.001945599744111792e+00
4.625000000000000000e+00 1.995532587806081226e+00 1.041015905295131994e+00 1.106766855310523878e+00 1.204490472707208326e+00
4.675000000000000711e+00 1.927415213082784851e+00 1.074493406439940735e+00 1.101168631211355553e+00 1.453018409953738432e+00
4.724999999999999645e+00 1.837081364412917139e+00 1.112501047737680659e+00 1.091757943429370492e+00 1.663974354910166431e+00
4.775000000000000355e+00 1.713192649031157755e+00 1.132659166245734594e+00 1.081884626715637454e+00 2.365126678316422648e+00
4.825000000000001066e+00 1.590672158201567488e+00 1.171590630274635059e+00 1.072023571544206355e+00 2.290625559509732678e+00
4.875000000000000000e+00 1.440570791976121701e+00 1.193340626655007064e+00 1.061282807812443663e+00 3.176728618239899493e+00
4.925000000000000711e+00 1.312954531771247657e+00 1.202631767163714338e+00 1.047856586291496583e+00 2.470281339174501767e+00
4.974999999999999645e+00 1.179741962786608589e+00 1.217217144564365805e+00 1.035054353016678697e+00 2.880844077230699352e+00
5.025000000000000355e+00 1.102136080267018814e+00 1.213759215124187607e+00 1.022491359946690492e+00 3.796705267250636950e+00
5.075000000000001066e+00 1.013711656680792439e+00 1.216993716075770227e+00 1.009889451458732879e+00 3.001074120159320735e+00
5.125000000000000000e+00 9.601749226045622754e-01 1.221057802502537371e+00 9.963305157676733970e-01 2.851552989440966801e+00
5.175000000000000711e+00 9.187103930695746934e-01 1.201827662415987374e+00 9.842673221857130006e-01 3.423181777303710316e+00
5.224999999999999645e+00 8.717141291514850510e-01 1.206195304645433231e+00 9.709153638505602091e-01 3.204347219298979255e+00
5.275000000000000355e+00 8.572482664716697398e-01 1.187184411633159797e+00 9.590665350283165136e-01 3.574559463308143226e+00
5.325000000000001066e+00 8.348861030633930591e-01 1.177018244159302895e+00 9.476469062769161678e-01 3.000603053277697718e+00
5.375000000000000000e+00 8.366396493736379947e-01 1.157213250275182848e+00 9.362523635378170450e-01 2.737640895322762002e+00
5.425000000000000711e+00 8.422588424047868783e-01 1.131583000234480441e+00 9.253225438132656189e-01 2.524537018568856261e+00
5.474999999999999645e+00 8.314230099256123552e-01 1.117345852979321208e+00 9.171976240722602425e-01 2.838439856936985528e+00
5.525000000000000355e+00 8.431773321281845757e-01 1.090716892037592700e+00 9.083990106193134961e-01 2.021772632675366221e+00
5.575000000000001066e+00 8.504838890228340054e-01 1.070430636004915614e+00 9.024360470931452882e-01 1.870000390679456892e+00
5.625000000000000000e+00 8.540277582256329270e-01 1.061351717094190850e+00 8.995535847391549211e-01 1.420286528602653586e+00
5.675000000000000711e+00 8.592129485800070743e-01 1.028815504538071801e+00 8.985622299568015725e-01 1.581419181267606833e+00
5.724999999999999645e+00 8.794804243000046151e-01 1.010685858015834215e+00 8.998433174863935680e-01 1.517354186765202950e+00
5.775000000000000355e+00 8.893262805771620094e-01 9.951650910595875033e-01 9.042329700641340562e-01 1.095937436670846310e+00
5.825000000000001066e+00 8.915363488793697222e-01 9.776950036783723652e-01 9.101518454038453054e-01 1.536340022035914687e+00
5.875000000000000000e+00 9.077429739343588766e-01 9.621138095503927179e-01 9.170810781525051691e-01 1.215184704062060250e+00
5.925000000000000711e+00 9.178843763858071103e-01 9.386390976786246343e-01 9.262449106450083569e-01 1.177693889148363704e+00
5.974999999999999645e+00 9.297089046395898837e-01 9.178429228440850851e-01 9.360118053517311187e-01 1.258767517203474240e+00
6.025000000000000355e+00 9.331591892649989672e-01 8.996516866257385781e-01 9.461713244771081666e-01 1.320492714847701032e+00
6.075000000000001066e+00 9.393252696084990472e-01 8.890437022692857516e-01 9.562208503688112149e-01 1.039076625673118537e+00
6.125000000000000000e+00 9.556118794063173105e-01 8.695729504993472414e-01 9.665599537845832590e-01 1.133982541747702744e+00
6.175000000000000711e+00 9.562273856278723505e-01 8.657934047515098985e-01 9.762677443578883230e-01 1.037122977904416876e+00
6.224999999999999645e+00 9.768012299857551373e-01 8.533635642639751939e-01 9.863289540073569839e-01 1.175155028793095191e+00
6.275000000000000355e+00 9.757834880757941809e-01 8.491769348228684899e-01 9.959019998101066307e-01 1.293456373377245949e+00
6.325000000000001066e+00 9.865378971352559700e-01 8.461987325005722038e-01 1.003262790869971166e+00 1.138289915926997242e+00
6.375000000000000000e+00 1.001789997533495180e+00 8.546058339764092127e-01 1.011950024658653913e+00 1.297426263951074077e+00
6.425000000000000711e+00 1.002167017762203960e+00 8.612708466044246558e-01 1.018710060036986276e+00 1.335371149326846307e+00
6.474999999999999645e+00 9.964962426756134306e-01 8.693724426784877890e-01 1.025613495306590739e+00 1.343410590188848674e+00
6.525000000000000355e+00 1.019618836811955420e+00 8.810097833438953474e-01 1.030944613673075105e+00 1.421414803561179996e+00
6.575000000000001066e+00 1.012874560196225682e+00 8.900040249306253592e-01 1.036394960585721225e+00 1.469179553091216839e+00
6.625000000000000000e+00 1.006926852913245574e+00 9.010164631941512958e-01 1.040151971511175777e+00 1.283265871821973381e+00
6.675000000000000711e+00 1.017826139675645614e+00 9.198842775709271669e-01 1.043428032156131335e+00 1.667553329807099249e+00
6.724999999999999645e+00 1.013638012694064949e+00 9.411804096796894115e-01 1.045498848901818878e+00 1.404371168316658203e+00
6.775000000000000355e+00 1.017816721356040066e+00 9.538001354700580414e-01 1.047021703983810337e+00 1.553420416075013577e+00
6.825000000000001066e+00 1.018728862386338641e+00 9.743630377693064393e-01 1.047820803204105200e+00 1.646513641919432613e+00
6.875000000000000000e+00 1.016363008248310384e+00 9.828070813538897221e-01 1.047565938277325692e+00 1.635328511288348441e+00
6.925000000000000711e+00 1.011909910914604138e+00 9.935803825979186987e-01 1.046309400254926469e+00 1.436875089583388831e+00
6.974999999999999645e+00 1.019844927468180451e+00 1.017086126611323804e+00 1.044982086325537018e+00 1.773514836550708962e+00
7.025000000000000355e+00 1.011595673877311530e+00 1.029504212476042069e+00 1.042666296287329208e+00 2.039752192940161191e+00
7.075000000000001066e+00 9.995745752828811836e-01 1.040166132391334042e+00 1.039796487070334674e+00 1.675853139246064716e+00
7.125000000000000000e+00 9.915670407746292048e-01 1.048870433025085314e+00 1.036345079972613048e+00 1.817656520405819709e+00
7.175000000000000711e+00 9.837314081217953809e-01 1.056393916177928327e+00 1.032143470449062850e+00 1.943719180742307540e+00
7.224999999999999645e+00 9.855211501692036080e-01 1.071254075122193283e+00 1.028491791521970233e+00 1.813603178815418548e+00
7.275000000000000355e+00 9.749193165567006103e-01 1.070210394516820429e+00 1.024098433940048736e+00 1.686868316033959703e+00
7.325000000000001066e+00 9.740509455334235289e-01 1.087688733547595321e+00 1.019719578281037098e+00 2.054771324155622025e+00
7.375000000000000000e+00 9.698335558848460991e-01 1.082398407468645463e+00 1.014958026566571414e+00 1.762612669153248435e+00
7.425000000000000711e+00 9.610980263021168257e-01 1.082672633587149935e+00 1.010920008991195385e+00 1.923717637176011630e+00
7.474999999999999645e+00 9.642402203201514421e-01 1.086381461333591814e+00 1.007287512015539344e+00 1.683597439781398641e+00
7.525000000000000355e+00 9.609077294642394129e-01 1.090298542325033537e+00 1.002846817674513336e+00 1.851765803944961153e+00
7.575000000000001066e+00 9.558872623129489599e-01 1.077435522454119221e+00 9.996379111287588826e-01 1.764747075932798559e+00
7.625000000000000000e+00 9.654671891522571547e-01 1.081541322405410011e+00 9.965424081156205594e-01 1.638620899161086442e+00
7.675000000000000711e+00 9.582792784979576872e-01 1.072205143808516503e+00 9.934462807923023497e-01 1.841123359036709983e+00
7.724999999999999645e+00 9.663975915648085335e-01 1.068310727987204833e+00 9.907148490900337112e-01 1.576390386041008229e+00
7.775000000000000355e+00 9.760126406032442192e-01 1.059798589855988515e+00 9.890050630049372904e-01 1.734596133825890174e+00
7.825000000000001066e+00 9.762226681804859751e-01 1.046151368930463343e+00 9.867611758548870959e-01 1.546142557864041533e+00
7.875000000000000000e+00 9.854694690735149587e-01 1.041179663185812343e+00 9.856816045265029969e-01 1.487924018954874139e+00
7.925000000000000711e+00 1.002209907861390192e+00 1.032242814000825293e+00 9.848843173704563414e-01 1.488288868409108900e+00
7.974999999999999645e+00 1.004454671657319276e+00 1.029948062468483361e+00 9.847300979127410203e-01 1.243580039568985995e+00
8.025000000000000355e+00 1.004872521753816805e+00 1.021387176082480863e+00 9.848371850270775107e-01 1.349084438116213036e+00
8.074999999999999289e+00 1.014171660334666214e+00 1.012462475179616073e+00 9.852084703172488966e-01 1.231348445036019035e+00
8.125000000000000000e+00 1.024818401777619181e+00 1.005812381643686582e+00 9.848743187830157897e-01 1.388692015516568512e+00
8.175000000000000711e+00 1.018811962017806660e+00 1.000154274239861252e+00 9.858108965814484925e-01 1.273133908922757129e+00
8.225000000000001421e+00 1.029845510180255941e+00 9.882527679007567789e-01 9.872161733127193806e-01 1.337415690844201421e+00
8.275000000000000355e+00 1.028480822262786143e+00 9.846678332460613303e-01 9.880479174077110294e-01 1.426306612687467279e+00
8.324999999999999289e+00 1.031673958641409428e+00 9.805441522942602850e-01 9.894594129953008244e-01 1.296833099775508424e+00
8.375000000000000000e+00 1.032633351256255105e+00 9.784132662097341226e-01 9.909702859500716388e-01 1.230139002158345152e+00
8.425000000000000711e+00 1.037025926334731452e+00 9.780111417960649645e-01 9.921848874619323411e-01 1.114282872136173053e+00
8.475000000000001421e+00 1.033701891187383648e+00 9.718693130877573694e-01 9.935334730147817872e-01 1.209622750195062935e+00
8.525000000000000355e+00 1.031703409495891233e+00 9.780389365032371440e-01 9.946797545000140017e-01 1.236698563358135994e+00
8.574999999999999289e+00 1.039150007287669597e+00 9.709772295632875805e-01 9.960410172988560795e-01 1.279360040966767587e+00
8.625000000000000000e+00 1.033097240219900792e+00 9.725911942473453031e-01 9.969975547402045724e-01 1.353170357213697939e+00
8.675000000000000711e+00 1.030984108972574642e+00 9.752182256533178384e-01 9.981197229339542343e-01 1.257996796750793900e+00
8.725000000000001421e+00 1.034754681534211684e+00 9.809012195137568613e-01 9.990819027162973764e-01 1.361685023317551924e+00
8.775000000000000355e+00 1.025470771916483281e+00 9.769449054577014069e-01 9.999327196073293234e-01 1.346211497333108076e+00
8.824999999999999289e+00 1.022223564500911674e+00 9.805547942712296017e-01 1.000715339361736067e+00 1.369468445510230836e+00
8.875000000000000000e+00 1.015439276625898390e+00 9.824164281958766010e-01 1.001271934538329633e+00 1.179115758270761205e+00
8.925000000000000711e+00 1.016309762262422201e+00 9.845359780616607104e-01 1.000876128007875066e+00 1.384085296624076200e+00
8.975000000000001421e+00 9.965375175662641860e-01 9.888608580794585601e-01 1.001402615393274242e+00 1.234811506598589848e+00
9.025000000000000355e+00 9.982969277975082267e-01 9.895574893857926879e-01 1.001479201556677578e+00 1.360939483305864561e+00
9.074999999999999289e+00 1.002299908288548869e+00 9.930162547195225953e-01 1.001762707783123707e+00 1.258677168841327632e+00
9.125000000000000000e+00 9.973474485411426560e-01 9.960377625788170430e-01 1.001686049546184787e+00 1.280901655461365474e+00
9.175000000000000711e+00 9.998314552652329823e-01 9.967778936404587675e-01 1.001558134037223935e+00 1.131739623168067199e+00
9.225000000000001421e+00 9.965845099474068824e-01 1.002041215343750347e+00 1.001213204305543725e+00 1.246241103422949026e+00
9.275000000000000355e+00 9.952577438602581150e-01 1.001414982614351912e+00 1.000855398268759133e+00 1.455727261997298516e+00
9.324999999999999289e+00 9.888856174673532617e-01 1.005313067206341282e+00 1.000505943382216989e+00 1.198983328265065040e+00
9.375000000000000000e+00 9.861374980873196527e-01 1.006801049810117199e+00 1.000648260832075254e+00 1.220315327740271405e+00
9.425000000000000711e+00 9.825959372264801983e-01 1.012558395030038971e+00 1.000061527397630323e+00 1.220892584971668748e+00
9.475000000000001421e+00 9.812364731326945755e-01 1.009141557504457332e+00 9.997082106949921609e-01 1.381571983964329675e+00
9.525000000000000355e+00 9.844479715167123723e-01 1.004505455009911508e+00 9.998931716275675230e-01 1.327479151179788097e+00
9.575000000000001066e+00 9.781670303584677484e-01 1.012178183216697169e+00 9.987200406149484566e-01 1.235224421638228876e+00
9.625000000000000000e+00 9.790260263285712750e-01 1.010349840116883779e+00 9.989620459468337987e-01 1.034856536471192134e+00
9.675000000000000711e+00 9.749757736083366488e-01 1.006143094907373969e+00 9.985562430099379494e-01 1.222624433788488840e+00
9.725000000000001421e+00 9.806755350664408954e-01 1.009698563854730669e+00 9.987123876266971179e-01 1.134058535931862233e+00
9.775000000000000355e+00 9.756227203132871173e-01 1.007967893159256612e+00 9.985080525884213465e-01 1.047236111918748991e+00
9.825000000000001066e+00 9.854321111989788884e-01 1.008076019723090466e+00 9.986736084565474014e-01 1.117298117966037285e+00
9.875000000000000000e+00 9.791650444679581566e-01 1.011884577223498338e+00 9.988022941831563584e-01 1.155168480383394147e+00
9.925000000000000711e+00 9.824022066018720523e-01 1.009227177383850815e+00 9.988052443591052265e-01 1.088814006796869238e+00
9.975000000000001421e+00 9.840801583197300584e-01 1.006915327215972988e+00 9.991081564020098948e-01 1.234496208789498617e+00
1.002500000000000036e+01 9.829452407337351261e-01 1.010436084954707381e+00 9.992820639334282218e-01 1.126820550371666840e+00
1.007500000000000107e+01 9.808162331103130738e-01 1.001777729798815075e+00 9.992448301392611310e-01 9.798953675841497457e-01
1.012500000000000000e+01 9.902890615835394650e-01 1.005281043186335710e+00 9.995799052810440122e-01 1.028689575864386363e+00
1.017500000000000071e+01 9.906044173810739650e-01 1.003881000579869065e+00 1.000072924636911997e+00 1.105417345671265483e+00
1.022500000000000142e+01 9.919207761667282464e-01 1.004454609106077090e+00 9.997836559018886682e-01 1.117557120792428860e+00
1.027500000000000036e+01 9.953667238668221229e-01 1.003125024670359133e+00 1.000679894298313721e+00 1.044277503914285976e+00
1.032500000000000107e+01 9.952597618725244066e-01 9.980531934415330930e-01 1.001020953126325219e+00 9.948438384598349282e-01
1.037500000000000000e+01 9.992389961558539868e-01 9.985264786551969474e-01 1.001367508592035716e+00 9.129130477168709845e-01
1.042500000000000071e+01 9.981563908120558715e-01 9.988345236405629102e-01 1.001892274183776133e+00 9.813629550752072106e-01
1.047500000000000142e+01 9.998011000181049601e-01 9.989219163626884557e-01 1.001796071486838136e+00 1.113996681397434241e+00
1.052500000000000036e+01 1.001272215015389211e+00 9.977509510672117887e-01 1.002398327125833211e+00 1.011484421365864028e+00
1.057500000000000107e+01 1.002863759103122421e+00 9.993596404397890876e-01 1.002742990242768473e+00 1.066237941901146513e+00
1.062500000000000000e+01 9.976721730633841823e-01 9.976615577227617715e-01 1.003028865017620008e+00 1.029688040380791314e+00
1.067500000000000071e+01 1.002849949043613798e+00 9.999895609880800063e-01 1.002811354837128910e+00 1.067387454546593561e+00
1.072500000000000142e+01 1.004199946389780163e+00 9.975739020076589414e-01 1.003031616406918625e+00 1.114759039130456930e+00
1.077500000000000036e+01 1.006648123547655205e+00 9.979210047438537012e-01 1.003182936129441760e+00 1.083793582967657931e+00
1.082500000000000107e+01 1.004886960048863687e+00 9.996457700851441031e-01 1.003436157760057457e+00 1.099371553365555698e+00
1.087500000000000000e+01 9.987482770675265575e-01 9.984341574856354651e-01 1.003156590748226717e+00 9.322258559347886830e-01
1.092500000000000071e+01 1.005792319569569271e+00 9.995522404419177054e-01 1.003236828950537562e+00 1.084358078497763778e+00
1.097500000000000142e+01 1.000558803657490392e+00 9.998424700935004683e-01 1.002797644517277265e+00 9.352132640979646805e-01
1.102500000000000036e+01 1.002240530578778710e+00 1.003048971940489809e+00 1.002737426245001062e+00 1.045058345626474816e+00
1.107500000000000107e+01 1.005111527632975177e+00 1.002571270066175080e+00 1.002394057790226389e+00 1.128460572943948081e+00
1.112500000000000000e+01 1.005760366669243178e+00 1.001030418182938586e+00 1.002086440909059961e+00 8.714337026968693722e-01
1.117500000000000071e+01 1.001396169313016449e+00 1.001520919204741400e+00 1.001818438100359865e+00 1.002797206558543319e+00
1.122500000000000142e+01 1.007636197341116757e+00 1.003166099246329601e+00 1.001618722481160351e+00 1.003394359574574013e+00
1.127500000000000036e+01 9.966263981729350796e-01 1.006406579476181395e+00 1.001703287930780117e+00 1.003941502453724821e+00
1.132500000000000107e+01 1.003795176948854229e+00 1.006462782416725599e+00 1.001018157610479076e+00 1.018455327488575257e+00
1.137500000000000000e+01 1.003297726982498750e+00 1.006807898300406956e+00 1.000515763395571689e+00 8.428115829278431947e-01
1.142500000000000071e+01 1.007214012264947556e+00 1.003266277573409804e+00 1.000110311568540800e+00 9.593913378272251880e-01
1.147500000000000142e+01 1.003652325145956370e+00 1.008949075719359989e+00 9.998135825259231169e-01 9.738012222580463284e-01
1.152500000000000036e+01 9.961085622471720358e-01 1.004611939025075174e+00 9.998344036206081586e-01 1.082658051298021507e+00
1.157500000000000107e+01 1.001465751559400541e+00 1.005329721020430167e+00 9.994137512218760344e-01 1.113574532171778708e+00
1.162500000000000000e+01 1.000140962780053711e+00 1.011766384394479745e+00 9.987549748719747322e-01 1.037509022797743485e+00
1.167500000000000071e+01 9.973690192174163860e-01 1.005048663076327120e+00 9.989328180190012452e-01 9.934742484910313864e-01
1.172500000000000142e+01 9.997160348956740661e-01 1.004270659071536897e+00 9.981577693895963277e-01 8.673399148293564620e-01
1.177500000000000036e+01 9.988757837183096511e-01 1.008448029999475137e+00 9.984017263241522500e-01 1.037173411954738445e+00
1.182500000000000107e+01 9.982625016340612722e-01 1.011147759068379504e+00 9.983954936027117366e-01 9.470042876569036983e-01
1.187500000000000000e+01 1.000258538178190104e+00 1.005820581738996689e+00 9.979434193407625830e-01 9.517935505123685802e-01
1.192500000000000071e+01 9.923011479916352684e-01 1.004065299790299459e+00 9.979800478881981629e-01 9.438287976005771407e-01
1.197500000000000142e+01 1.000386312416948753e+00 1.003549367987121466e+00 9.978840304370890646e-01 1.111456778951074531e+00
1.202500000000000036e+01 9.999823553091500283e-01 1.002041790883683170e+00 9.978508519207087701e-01 1.027645920491410791e+00
1.207500000000000107e+01 9.934851654028379331e-01 1.003615053358023701e+00 9.982099259626092680e-01 9.739486593829786987e-01
1.212500000000000000e+01 9.975842828759813319e-01 1.001382802897718083e+00 9.979764596898992313e-01 8.966463570623204316e-01
1.217500000000000071e+01 9.999657873170091360e-01 1.001619070984160809e+00 9.979143735399671478e-01 1.095452014176319322e+00
1.222500000000000142e+01 9.960526629568824397e-01 1.002559692767052368e+00 9.980840750728509070e-01 9.181206571342793721e-01
1.227500000000000036e+01 9.991927741241946048e-01 1.002234922908759929e+00 9.981037882526121452e-01 1.006096264699364973e+00
1.232500000000000107e+01 9.955199901599771639e-01 1.001460355259115476e+00 9.983352656589663532e-01 1.057116763990086250e+00
1.237500000000000000e+01 1.003251823201814830e+00 1.001991948129388410e+00 9.987796579602516989e-01 9.820765316118416077e-01
1.242500000000000071e+01 9.999054307923220808e-01 9.995716451222106391e-01 9.987918131224259310e-01 9.431385795010376327e-01
1.247500000000000142e+01 1.002833038348372341e+00 9.963454866344426675e-01 9.990792677732903693e-01 1.043398524910962522e+00
1.252500000000000036e+01 9.984785437745035130e-01 9.995327259136295162e-01 9.991962584752241971e-01 1.065640640638241488e+00
1.257500000000000107e+01 9.985038673263197939e-01 9.996860937226623722e-01 9.995755100843580765e-01 9.245616689345614869e-01
1.262500000000000000e+01 9.990012060614811285e-01 9.968997946604125637e-01 9.997092050196771940e-01 1.022511450967174884e+00
1.267500000000000071e+01 1.002801388181719044e+00 9.975873610140566505e-01 9.997701213658590769e-01 9.883527892922170377e-01
1.272500000000000142e+01 9.976523996007099493e-01 9.983332697585930449e-01 9.996640452837003421e-01 1.025005618117402539e+00
1.277500000000000036e+01 9.938968994599532980e-01 9.989378308064909007e-01 1.000228514833648275e+00 1.083084302424332623e+00
1.282500000000000107e+01 9.985117654193965686e-01 9.974152523423539529e-01 1.000205801622515045e+00 1.081941474689931404e+00
1.287500000000000000e+01 9.983766501946550465e-01 9.975055168476955059e-01 1.000436472103499730e+00 1.062710390066794020e+00
1.292500000000000071e+01 9.929842562317803267e-01 9.975358405710500476e-01 1.000564204392430767e+00 9.540752042913570596e-01
1.297500000000000142e+01 9.934465986935985260e-01 1.001892482167251464e+00 1.000663205716487036e+00 9.894461043723234983e-01
1.302500000000000036e+01 9.964579301662249700e-01 1.001151806044150661e+00 1.000807715627648919e+00 9.394815526924130689e-01
1.307500000000000107e+01 1.001553265306974083e+00 9.993311430411088159e-01 1.001055397761829502e+00 1.100546358803979219e+00
1.312500000000000000e+01 9.936238830823251877e-01 9.988482467531493159e-01 1.000798610929190646e+00 9.773942686428674920e-01
1.317500000000000071e+01 9.995934766867098364e-01 9.987374002776900905e-01 1.000885862102965485e+00 9.768936441636701939e-01
1.322500000000000142e+01 9.939473422879991915e-01 9.984968961795597231e-01 1.000827597009169789e+00 9.147069947640569243e-01
1.327500000000000036e+01 9.976060514548783509e-01 9.989422949219809444e-01 1.001094129719721781e+00 9.962324067711395559e-01
1.332500000000000107e+01 9.952763360175218565e-01 1.001070595867187052e+00 1.001066991749819834e+00 9.887700267629180306e-01
1.337500000000000000e+01 9.969326652431997893e-01 1.001471180770025837e+00 1.001099792872155447e+00 9.378482269456255294e-01
1.342500000000000071e+01 9.984037717942477741e-01 1.000927109066124476e+00 1.000629986933499582e+00 9.641209602690928859e-01
1.347500000000000142e+01 9.983868630711425496e-01 1.004554430026071810e+00 1.000869795510001659e+00 1.085676580081196718e+00
1.352500000000000036e+01 9.986049600870271492e-01 1.003505220597583403e+00 1.000448139358639299e+00 1.041632916013943033e+00
1.357500000000000107e+01 9.945268059267077243e-01 1.002509214379210256e+00 1.000803846784735107e+00 8.258785119900865501e-01
1.362500000000000000e+01 9.976211142704315415e-01 1.001010167634513559e+00 1.000564955763248776e+00 9.650732912957611376e-01
1.367500000000000071e+01 9.994132812633557128e-01 1.003565808265873383e+00 1.000627421203261536e+00 9.067632266300212907e-01
1.372500000000000142e+01 1.001630022120868269e+00 1.002132589757039671e+00 1.000492819707678338e+00 1.024220119285989883e+00
1.377500000000000036e+01 9.946939568071893056e-01 1.003712515348907930e+00 1.000348769847328123e+00 9.125922333881834048e-01
1.382500000000000107e+01 9.944466115840947529e-01 1.002616314715716994e+00 1.000461682480590975e+00 8.370340507072662195e-01
1.387500000000000000e+01 9.952289842223251970e-01 1.003520432280469388e+00 1.000321452183873916e+00 9.835201150050811858e-01
1.392500000000000071e+01 9.984898344022861139e-01 1.003124975961936061e+00 1.000261286623364221e+00 8.899471794527783475e-01
1.397500000000000142e+01 1.000163018775034995e+00 1.001859635142667182e+00 1.000081900263714685e+00 9.418828659368084777e-01
1.402500000000000036e+01 9.986311560570938495e-01 1.000973673090336469e+00 1.000024408424579514e+00 1.038749425664121873e+00
1.407500000000000107e+01 1.002691255225533151e+00 1.004028120440304317e+00 1.000338118382653185e+00 8.741041788889131192e-01
1.412500000000000000e+01 9.967223205036480627e-01 1.007536868499446792e+00 9.999351272044314509e-01 9.009620657427382939e-01
1.417500000000000071e+01 9.970390401114953560e-01 1.002952460390311717e+00 1.000031308306074562e+00 9.184737498110956411e-01
1.422500000000000142e+01 1.003704962144257529e+00 9.984637602826947900e-01 1.000001001827560243e+00 9.120283465318368421e-01
1.427500000000000036e+01 1.002725705657927735e+00 1.000702694035259244e+00 9.999844896241254499e-01 8.380208029949193227e-01
1.432500000000000107e+01 9.998026454619716175e-01 1.001493286781698577e+00 9.996836406646887330e-01 9.343786223016855574e-01
1.437500000000000000e+01 1.000671272698224312e+00 9.996969882947859265e-01 9.999379497052791610e-01 9.046926603356881813e-01
1.442500000000000071e+01 1.003220088254180853e+00 1.005278994546272342e+00 1.000048059471675854e+00 9.272277287460786166e-01
1.447500000000000142e+01 1.002987405428991785e+00 1.000991313845230435e+00 9.999566291917864058e-01 9.837471415671780184e-01
1.452500000000000036e+01 9.997747864544591634e-01 1.002986912001240016e+00 1.000031495211243016e+00 9.343848849610171259e-01
1.457500000000000107e+01 1.000260660975463400e+00 1.002765374325226055e+00 9.997845736366349767e-01 1.077478040100577239e+00
1.462500000000000000e+01 1.002963229869635597e+00 1.000859401137554450e+00 9.999556792347988887e-01 9.972876546217044336e-01
1.467500000000000071e+01 1.002673247969045667e+00 1.002383887421978592e+00 9.999775317248127404e-01 8.959047707271690086e-01
1.472500000000000142e+01 9.976662048896066670e-01 1.003253900559917033e+00 9.999132323150394797e-01 8.207446162622034080e-01
1.477500000000000036e+01 9.979299162049167782e-01 1.000872318219834467e+00 9.999859964666243384e-01 8.783289596769113805e-01
1.482500000000000107e+01 9.987017327876176465e-01 9.995168949075653453e-01 9.999925351888181435e-01 9.351190874316936963e-01
1.487500000000000000e+01 9.971009291366603744e-01 1.002939371756331521e+00 1.000172480722118395e+00 9.775870991193366111e-01
1.492500000000000071e+01 9.961177971703080170e-01 1.002853266397231824e+00 1.000083159423930113e+00 8.446235372420520804e-01
1.497500000000000142e+01 9.973058540887461687e-01 9.988128346693384563e-01 1.000200988227980092e+00 8.202890748968389989e-01
1.502500000000000036e+01 9.976704181098927648e-01 9.980605851599990697e-01 9.999909937056488118e-01 8.387264478475439100e-01
1.507500000000000107e+01 9.991525043004048090e-01 9.991841437430033501e-01 1.000043618654712141e+00 8.911776331924278205e-01
1.512500000000000000e+01 9.993726645232631212e-01 1.002452863534358141e+00 9.999038312227988001e-01 9.010105950822231424e-01
1.517500000000000071e+01 9.989697770935099808e-01 1.003289072556633688e+00 9.999681067822396852e-01 8.300332847809986925e-01
1.522500000000000142e+01 9.987832597818891989e-01 1.002939816097637271e+00 9.999622431995587313e-01 8.375150785462596170e-01
1.527500000000000036e+01 9.982542018572049258e-01 1.002060019679496206e+00 1.000055796919008477e+00 9.065139617198665345e-01
1.532500000000000107e+01 9.973025656659061378e-01 1.003479259223023501e+00 9.997852648070683079e-01 9.439804279774502982e-01
1.537500000000000000e+01 1.001006080072677662e+00 1.000177222826620804e+00 1.000242578347208866e+00 8.896908054004140087e-01
1.542500000000000071e+01 1.001286285099870055e+00 1.001034452533194896e+00 1.000063819308110613e+00 8.033458876933061710e-01
1.547500000000000142e+01 1.002297602346780003e+00 1.002377668857529658e+00 9.995189741577293896e-01 9.032503243927336722e-01
1.552500000000000036e+01 9.929483469267715856e-01 1.001634388928289265e+00 9.978109394153144018e-01 8.825257328387903222e-01
1.557500000000000107e+01 9.898586045225855612e-01 9.997635139014796612e-01 9.932057722780317510e-01 8.373477006097570507e-01
1.562500000000000000e+01 9.842257549137670702e-01 9.866824783697740742e-01 9.858860287503438125e-01 8.859911764421009028e-01
1.567500000000000071e+01 9.756254853963577389e-01 9.773081448932545712e-01 9.768872459098828509e-01 9.291206787212547002e-01
1.572500000000000142e+01 9.630339332549456843e-01 9.704875537131200103e-01 9.678179460122962041e-01 8.335648366748896754e-01
1.577500000000000036e+01 9.575985441109541307e-01 9.591419549561434055e-01 9.582220917236794477e-01 8.499594826080876242e-01
1.582500000000000107e+01 9.496667584773319515e-01 9.504922144493427316e-01 9.488752395125876760e-01 8.374191020399033292e-01
1.587500000000000000e+01 9.401038883977644867e-01 9.414020460366988585e-01 9.396226856123079951e-01 8.155092859971908581e-01
1.592500000000000071e+01 9.269186346439258761e-01 9.323102514554345577e-01 9.302841281660346739e-01 7.749563164657439218e-01
1.597500000000000142e+01 9.180778313441331218e-01 9.230812169985608273e-01 9.212498510621677239e-01 7.842002855837053588e-01
1.602499999999999858e+01 9.096931371560955659e-01 9.126820642273767437e-01 9.121527558089737031e-01 7.886474239602140335e-01
1.607500000000000284e+01 9.007270262549992301e-01 9.081540915638558475e-01 9.030979180191194278e-01 8.185307692870468221e-01
1.612500000000000000e+01 8.937026072854142855e-01 8.948755602716147450e-01 8.940598671034036826e-01 7.904182205633982772e-01
1.617500000000000071e+01 8.849521775911611821e-01 8.870477119550871370e-01 8.852048234588013598e-01 8.382137455703945195e-01
1.622500000000000142e+01 8.741483770729874259e-01 8.750884096718697380e-01 8.763178357447285460e-01 7.602200678612326401e-01
1.627499999999999858e+01 8.654239742165278360e-01 8.685140631648449183e-01 8.675467703139660980e-01 6.582839560470546969e-01
1.632500000000000284e+01 8.588538385598729619e-01 8.599802411073035335e-01 8.586146545107594674e-01 7.374451807529800451e-01
1.637500000000000000e+01 8.446964206902000116e-01 8.520638946564007554e-01 8.499043957479552880e-01 6.457992041953287687e-01
1.642500000000000071e+01 8.441634473436772090e-01 8.413649682244048744e-01 8.413679266166166348e-01 7.684712502128824285e-01
1.647500000000000142e+01 8.308881994500881829e-01 8.347536274099299769e-01 8.326491127072526144e-01 7.196627726490201216e-01
1.652499999999999858e+01 8.237130222920391320e-01 8.235506503183959159e-01 8.238577176627137622e-01 7.613929034350845892e-01
1.657500000000000284e+01 8.142711413610556059e-01 8.175971629028225829e-01 8.154577524352758511e-01 6.957382766056782186e-01
1.662500000000000000e+01 8.077113567522349324e-01 8.057429047450551662e-01 8.071405316849370459e-01 7.110707691134019459e-01
1.667500000000000071e+01 7.997889347291087248e-01 7.995346544881845041e-01 7.989146589231270745e-01 6.809538655256917039e-01
1.672500000000000142e+01 7.894447540354158077e-01 7.935275054455288579e-01 7.902446905609132877e-01 7.668546719939407508e-01
1.677499999999999858e+01 7.825056664525943395e-01 7.870666310875039651e-01 7.819606673768546568e-01 6.877645084387445928e-01
1.682500000000000284e+01 7.750423316482154545e-01 7.732685662822812445e-01 7.738129725497254752e-01 6.392328645729516978e-01
1.687500000000000000e+01 7.654105668369052262e-01 7.659849971949023173e-01 7.656134648975678747e-01 6.859498047878049842e-01
1.692500000000000071e+01 7.566403112385904350e-01 7.566235774247239698e-01 7.573571459900941827e-01 6.526187407913089933e-01
1.697500000000000142e+01 7.510749282933433246e-01 7.510707694483553798e-01 7.492707880667998088e-01 6.945271129918456632e-01
1.702499999999999858e+01 7.398396930491366597e-01 7.420929699370730770e-01 7.412593897910327856e-01 6.367057628297357885e-01
1.707500000000000284e+01 7.320481956890041442e-01 7.346746614055332802e-01 7.333141028410712359e-01 6.638094103590874706e-01
1.712500000000000000e+01 7.234237004257668691e-01 7.263106773363997570e-01 7.252838207166872886e-01 6.681114294245966700e-01
1.717500000000000071e+01 7.169996077715236060e-01 7.185190018069168572e-01 7.173583228906068587e-01 5.911011554805184476e-01
1.722500000000000142e+01 7.098098110230333102e-01 7.102238085172142279e-01 7.094354684302950353e-01 6.886494903204593010e-01
1.727499999999999858e+01 7.017835824310817427e-01 7.028898948843597116e-01 7.014896044924988638e-01 6.425045100706853196e-01
1.732500000000000284e+01 6.956027395861745788e-01 6.950497771898026533e-01 6.938074363742484651e-01 6.268237994973765437e-01
1.737500000000000000e+01 6.834356732985166216e-01 6.863056672683649495e-01 6.860095219984803094e-01 6.351300624837379338e-01
1.742500000000000071e+01 6.780233044509710316e-01 6.800539406354987326e-01 6.781664159534995795e-01 6.729319134343708653e-01
1.747500000000000142e+01 6.688040518746345420e-01 6.735210142889872520e-01 6.706385028879980892e-01 5.807907132480926160e-01
1.752499999999999858e+01 6.620980022467791715e-01 6.628296087165013173e-01 6.630000593672924492e-01 6.574703474569635331e-01
1.757500000000000284e+01 6.545766322616551891e-01 6.564951594086135822e-01 6.553143398973098055e-01 5.800198351269727493e-01
1.762500000000000000e+01 6.478087970518855432e-01 6.498630488826548923e-01 6.478798953828546203e-01 6.365287362947590344e-01
1.767500000000000071e+01 6.385905716351444328e-01 6.397912254805975252e-01 6.405126688394785495e-01 5.715572618929961601e-01
1.772500000000000142e+01 6.322541889520444380e-01 6.339668293282545442e-01 6.328225338102538844e-01 5.912232924556242164e-01
1.777499999999999858e+01 6.228952556591820233e-01 6.283646390616917099e-01 6.255877549741889476e-01 5.841089070641314329e-01
1.782500000000000284e+01 6.173010657892062936e-01 6.192095288931076524e-01 6.182134243028574172e-01 6.147815927587594320e-01
1.787500000000000000e+01 6.120709326115606475e-01 6.120109230834449576e-01 6.108965836522914916e-01 5.438363485485058213e-01
1.792500000000000071e+01 6.021602069035437710e-01 6.024567181234188329e-01 6.034436044353860273e-01 5.594551318397743556e-01
1.797500000000000142e+01 5.954879256552836342e-01 5.962631025530180651e-01 5.962380001738607493e-01 5.526380754183183308e-01
1.802499999999999858e+01 5.884081891775527762e-01 5.900255666345155525e-01 5.890560327608956870e-01 6.233450176207715465e-01
1.807500000000000284e+01 5.782247013772010558e-01 5.827730883759433267e-01 5.819042804342109410e-01 5.942247530614863660e-01
1.812500000000000000e+01 5.759253246253315250e-01 5.748218516887579899e-01 5.748767225644999534e-01 5.417048961360882986e-01
1.817500000000000071e+01 5.670942820112787608e-01 5.683132232708555387e-01 5.675929595872948319e-01 5.296589996970727521e-01
1.822500000000000142e+01 5.578931418402695019e-01 5.610356428203049362e-01 5.606434760160271535e-01 5.556201503162485622e-01
1.827499999999999858e+01 5.524081600311369078e-01 5.548481412512730193e-01 5.536431924077855893e-01 5.077313862489096774e-01
1.832500000000000284e+01 5.464928848930762362e-01 5.471352425158633181e-01 5.466684055448493007e-01 5.085331180398164896e-01
1.837500000000000000e+01 5.366337111533310278e-01 5.401669981414335409e-01 5.396222508250015926e-01 5.146425045453121294e-01
1.842500000000000071e+01 5.306681358522122860e-01 5.313494300065360054e-01 5.328081761015240891e-01 5.206781749364819412e-01
1.847500000000000142e+01 5.249628266231224361e-01 5.268464461338520088e-01 5.258892303721255379e-01 5.354184070573306808e-01
1.852499999999999858e+01 5.163081666637707734e-01 5.182794082945801906e-01 5.191274996495990335e-01 5.080879668428223139e-01
1.857500000000000284e+01 5.119311596938335152e-01 5.121656033463769520e-01 5.122394860927015348e-01 5.418253303225936124e-01
1.862500000000000000e+01 5.047746823665536509e-01 5.066021742700543840e-01 5.057071937928216965e-01 5.078285629765625364e-01
1.867500000000000071e+01 4.973884609542807977e-01 4.995446402074089631e-01 4.989977231922640977e-01 4.570069173960936704e-01
1.872500000000000142e+01 4.918305850410584767e-01 4.911709465168341837e-01 4.923021137979445294e-01 4.648230015259270931e-01
1.877499999999999858e+01 4.857638401898376479e-01 4.839722318295246462e-01 4.856844926772575510e-01 4.436525446315887633e-01
1.882500000000000284e+01 4.777965774474127736e-01 4.779284598939632089e-01 4.790583475375785882e-01 4.615885629264850909e-01
1.887500000000000000e+01 4.708150082060429953e-01 4.730266469824540576e-01 4.724866505678381734e-01 4.423277552822029168e-01
1.892500000000000071e+01 4.657139623177134480e-01 4.676813860702392911e-01 4.658703591222042029e-01 4.299557010196799478e-01
1.897500000000000142e+01 4.583235727078060484e-01 4.609579605410284442e-01 4.595090838445894943e-01 4.659687891991666775e-01
1.902499999999999858e+01 4.528716734897784701e-01 4.542705189753244444e-01 4.529854815719562833e-01 4.221368033304340739e-01
1.907500000000000284e+01 4.463804013772884605e-01 4.474063398643544631e-01 4.466168447929753649e-01 4.051057268350388707e-01
1.912500000000000000e+01 4.391316463730315922e-01 4.401538656631091562e-01 4.401216460974083367e-01 3.849704057183130357e-01
1.917500000000000426e+01 4.322000340980263755e-01 4.345662711065717554e-01 4.338015398093417185e-01 4.383731097098514939e-01
1.922500000000000142e+01 4.240797089830782296e-01 4.284455310249586923e-01 4.274669643566959554e-01 3.890818009845207204e-01
1.927499999999999858e+01 4.201180346101390239e-01 4.211147291420248573e-01 4.212471443650764868e-01 4.096446781537207427e-01
1.932500000000000284e+01 4.125399253995167825e-01 4.164611757599515074e-01 4.148931954542051104e-01 3.995054581621307332e-01
1.937500000000000000e+01 4.065985910270490944e-01 4.093376175496272196e-01 4.086553445584168998e-01 3.128491832315342114e-01
1.942500000000000426e+01 4.020150128689420899e-01 4.042730959625084330e-01 4.024502734708735319e-01 3.699953310836592846e-01
1.947500000000000142e+01 3.958648293064664370e-01 3.980355011803373699e-01 3.963346044072045826e-01 3.807364786047284233e-01
1.952499999999999858e+01 3.900960685567675390e-01 3.898540208257275652e-01 3.900815079711808520e-01 3.992215823646783623e-01
1.957500000000000284e+01 3.840839003786528094e-01 3.853896061249466043e-01 3.839512219101958723e-01 4.065670587262123492e-01
1.962500000000000000e+01 3.773406449127071904e-01 3.784156761880002051e-01 3.780220249383260400e-01 3.547136479982899715e-01
1.967500000000000426e+01 3.740321363628034690e-01 3.718573869314509839e-01 3.719188371466998766e-01 3.049292796985328957e-01
1.972500000000000142e+01 3.675305457555436695e-01 3.658626964140201943e-01 3.658666142429443102e-01 3.757666106479420343e-01
1.977499999999999858e+01 3.595575960480009714e-01 3.606715412126089149e-01 3.599455492861266537e-01 2.987885929828696940e-01
1.982500000000000284e+01 3.535324254907820651e-01 3.542855433461674086e-01 3.540058164705043864e-01 3.171022548991042078e-01
1.987500000000000000e+01 3.475966292251571055e-01 3.485370880874051891e-01 3.480615374793637473e-01 3.352280783174622081e-01
1.992500000000000426e+01 3.410397360041200754e-01 3.434062647700051318e-01 3.422360827029699015e-01 3.365662721890159137e-01
1.997500000000000142e+01 3.349675406337300765e-01 3.366915145983287450e-01 3.363643920402656362e-01 3.303782858987008852e-01
