# r (Angstroms), cation-water g(r), anion-water g(r), water-water g(r), cation-anion g(r)
2.500000000000000139e-02 0.000000000000000000e+00 0.000000000000000000e+00 6.032523531823200756e+04 0.000000000000000000e+00
7.500000000000001110e-02 0.000000000000000000e+00 0.000000000000000000e+00 0.000000000000000000e+00 0.000000000000000000e+00
1.250000000000000000e-01 0.000000000000000000e+00 0.000000000000000000e+00 0.000000000000000000e+00 0.000000000000000000e+00
1.750000000000000167e-01 0.000000000000000000e+00 0.000000000000000000e+00 0.000000000000000000e+00 0.000000000000000000e+00
2.250000000000000056e-01 0.000000000000000000e+00 0.000000000000000000e+00 0.000000000000000000e+00 0.000000000000000000e+00
2.750000000000000222e-01 0.000000000000000000e+00 0.000000000000000000e+00 0.000000000000000000e+00 0.000000000000000000e+00
3.250000000000000666e-01 0.000000000000000000e+00 0.000000000000000000e+00 0.000000000000000000e+00 0.000000000000000000e+00
3.750000000000000000e-01 0.000000000000000000e+00 0.000000000000000000e+00 0.000000000000000000e+00 0.000000000000000000e+00
4.250000000000000444e-01 0.000000000000000000e+00 0.000000000000000000e+00 0.000000000000000000e+00 0.000000000000000000e+00
4.749999999999999778e-01 0.000000000000000000e+00 0.000000000000000000e+00 0.000000000000000000e+00 0.000000000000000000e+00
5.250000000000000222e-01 0.000000000000000000e+00 0.000000000000000000e+00 0.000000000000000000e+00 0.000000000000000000e+00
5.750000000000000666e-01 0.000000000000000000e+00 0.000000000000000000e+00 0.000000000000000000e+00 0.000000000000000000e+00
6.250000000000000000e-01 0.000000000000000000e+00 0.000000000000000000e+00 0.000000000000000000e+00 0.000000000000000000e+00
6.750000000000000444e-01 0.000000000000000000e+00 0.000000000000000000e+00 0.000000000000000000e+00 0.000000000000000000e+00
7.250000000000000888e-01 0.000000000000000000e+00 0.000000000000000000e+00 0.000000000000000000e+00 0.000000000000000000e+00
7.750000000000000222e-01 0.000000000000000000e+00 0.000000000000000000e+00 0.000000000000000000e+00 0.000000000000000000e+00
8.250000000000000666e-01 0.000000000000000000e+00 0.000000000000000000e+00 0.000000000000000000e+00 0.000000000000000000e+00
8.750000000000000000e-01 0.000000000000000000e+00 0.000000000000000000e+00 0.000000000000000000e+00 0.000000000000000000e+00
9.250000000000000444e-01 0.000000000000000000e+00 0.000000000000000000e+00 0.000000000000000000e+00 0.000000000000000000e+00
9.750000000000000888e-01 0.000000000000000000e+00 0.000000000000000000e+00 0.000000000000000000e+00 0.000000000000000000e+00
1.024999999999999911e+00 0.000000000000000000e+00 0.000000000000000000e+00 0.000000000000000000e+00 0.000000000000000000e+00
1.075000000000000178e+00 0.000000000000000000e+00 0.000000000000000000e+00 0.000000000000000000e+00 0.000000000000000000e+00
1.125000000000000000e+00 0.000000000000000000e+00 0.000000000000000000e+00 0.000000000000000000e+00 0.000000000000000000e+00
1.175000000000000266e+00 0.000000000000000000e+00 0.000000000000000000e+00 0.000000000000000000e+00 0.000000000000000000e+00
1.225000000000000089e+00 0.000000000000000000e+00 0.000000000000000000e+00 0.000000000000000000e+00 0.000000000000000000e+00
1.274999999999999911e+00 0.000000000000000000e+00 0.000000000000000000e+00 0.000000000000000000e+00 0.000000000000000000e+00
1.325000000000000178e+00 0.000000000000000000e+00 0.000000000000000000e+00 0.000000000000000000e+00 0.000000000000000000e+00
1.375000000000000000e+00 0.000000000000000000e+00 0.000000000000000000e+00 0.000000000000000000e+00 0.000000000000000000e+00
1.425000000000000266e+00 0.000000000000000000e+00 0.000000000000000000e+00 0.000000000000000000e+00 0.000000000000000000e+00
1.475000000000000089e+00 0.000000000000000000e+00 0.000000000000000000e+00 0.000000000000000000e+00 0.000000000000000000e+00
1.524999999999999911e+00 0.000000000000000000e+00 0.000000000000000000e+00 0.000000000000000000e+00 0.000000000000000000e+00
1.575000000000000178e+00 0.000000000000000000e+00 0.000000000000000000e+00 0.000000000000000000e+00 0.000000000000000000e+00
1.625000000000000000e+00 0.000000000000000000e+00 0.000000000000000000e+00 0.000000000000000000e+00 0.000000000000000000e+00
1.675000000000000266e+00 0.000000000000000000e+00 0.000000000000000000e+00 0.000000000000000000e+00 0.000000000000000000e+00
1.725000000000000089e+00 9.745771582790569787e-05 0.000000000000000000e+00 0.000000000000000000e+00 0.000000000000000000e+00
1.774999999999999911e+00 3.022138593609522209e-02 0.000000000000000000e+00 0.000000000000000000e+00 0.000000000000000000e+00
1.825000000000000178e+00 8.846767948345232169e-01 0.000000000000000000e+00 0.000000000000000000e+00 0.000000000000000000e+00
1.875000000000000000e+00 5.598562557669477968e+00 0.000000000000000000e+00 0.000000000000000000e+00 0.000000000000000000e+00
1.925000000000000266e+00 1.246925316078266732e+01 0.000000000000000000e+00 0.000000000000000000e+00 0.000000000000000000e+00
1.975000000000000089e+00 1.344235844230962051e+01 0.000000000000000000e+00 0.000000000000000000e+00 0.000000000000000000e+00
2.025000000000000355e+00 8.953957018294847359e+00 0.000000000000000000e+00 0.000000000000000000e+00 0.000000000000000000e+00
2.075000000000000178e+00 4.424474910630101121e+00 0.000000000000000000e+00 0.000000000000000000e+00 0.000000000000000000e+00
2.125000000000000000e+00 1.848058333206232140e+00 0.000000000000000000e+00 0.000000000000000000e+00 0.000000000000000000e+00
2.174999999999999822e+00 7.241814369482064695e-01 0.000000000000000000e+00 0.000000000000000000e+00 2.515026468269703896e-03
2.225000000000000089e+00 2.931519288483227514e-01 0.000000000000000000e+00 0.000000000000000000e+00 9.352711463546414805e-02
2.275000000000000355e+00 1.284651907452973307e-01 0.000000000000000000e+00 0.000000000000000000e+00 1.160315924194221804e+00
2.325000000000000178e+00 6.626255981723538913e-02 0.000000000000000000e+00 0.000000000000000000e+00 4.832818082388063097e+00
2.375000000000000000e+00 3.933172550811163404e-02 0.000000000000000000e+00 9.654410473305542181e-06 1.015659801490288316e+01
2.425000000000000266e+00 2.725519117383056258e-02 0.000000000000000000e+00 8.106419345107547698e-04 1.257881320037101958e+01
2.475000000000000089e+00 2.093631377169210411e-02 0.000000000000000000e+00 1.719436851542971087e-02 1.055620755992259241e+01
2.525000000000000355e+00 1.778038670809997668e-02 0.000000000000000000e+00 1.414406513687097022e-01 6.754323137210008987e+00
2.575000000000000178e+00 1.635306939159350201e-02 0.000000000000000000e+00 5.764064049493526909e-01 3.649749390421892947e+00
2.625000000000000000e+00 1.609612897015927011e-02 0.000000000000000000e+00 1.387494664581073733e+00 1.733429273709460094e+00
2.675000000000000266e+00 1.591434070086061858e-02 0.000000000000000000e+00 2.278686587348118575e+00 7.594488823422320678e-01
2.725000000000000089e+00 1.734921844261602675e-02 0.000000000000000000e+00 2.833965063807302620e+00 3.189847451372586074e-01
2.775000000000000355e+00 1.913994824676149356e-02 0.000000000000000000e+00 2.917838264630547407e+00 1.413720572799039565e-01
2.825000000000000178e+00 2.135539696423441325e-02 0.000000000000000000e+00 2.656887137093750795e+00 5.603085667419882565e-02
2.875000000000000000e+00 2.553506565514539195e-02 3.898483306129067738e-06 2.261318243552311813e+00 3.094795978403998629e-02
2.925000000000000266e+00 3.058648125776659843e-02 1.883172100589003612e-04 1.875495839145699062e+00 1.309528906871122896e-02
2.975000000000000089e+00 3.671029947987633490e-02 4.037659637328459838e-03 1.569305775501349975e+00 9.634146599438097799e-03
3.025000000000000355e+00 4.599367446372362028e-02 3.926418117070043512e-02 1.349229986679013615e+00 6.284436034220423385e-03
3.075000000000000178e+00 5.697611226030804832e-02 2.072255179331785324e-01 1.204063837106306600e+00 4.194296660017983978e-03
3.125000000000000000e+00 7.322009989934626095e-02 6.689987550334771660e-01 1.106745089284828509e+00 4.670329109259095668e-03
3.175000000000000266e+00 9.210312540592861807e-02 1.475603118271591407e+00 1.040180997828027643e+00 5.507957169687830584e-03
3.225000000000000089e+00 1.174230605818002010e-01 2.429015290135391858e+00 9.951519957436831820e-01 4.575852979846892904e-03
3.275000000000000355e+00 1.498271943443365284e-01 3.199079489042918834e+00 9.619598080346890567e-01 4.529643240346434459e-03
3.325000000000000178e+00 1.896203188787383975e-01 3.556672910764515194e+00 9.357539909400753864e-01 9.057927761218897283e-03
3.375000000000000000e+00 2.382210739895774254e-01 3.508578186401975607e+00 9.178087690747339655e-01 1.001016658705966567e-02
3.425000000000000266e+00 2.978756187502674679e-01 3.168942454901324535e+00 9.054629881056057705e-01 1.479136132559174567e-02
3.475000000000000089e+00 3.667702981181612532e-01 2.719285077763022418e+00 8.971329712806375145e-01 1.691410693784450511e-02
3.525000000000000355e+00 4.468453053605093150e-01 2.273219748230707271e+00 8.940499806105774994e-01 2.417776023232984586e-02
3.575000000000000178e+00 5.378773146149466999e-01 1.879915680641332854e+00 8.949281445045257355e-01 3.203980337599517808e-02
3.625000000000000000e+00 6.393746563189242060e-01 1.552402342355045706e+00 8.989023720714601762e-01 4.383814687188632847e-02
3.675000000000000266e+00 7.494596056772661052e-01 1.295996737337946625e+00 9.068281447528568906e-01 6.306243556619293977e-02
3.725000000000000089e+00 8.639425562857847574e-01 1.080536644858722584e+00 9.162666124085544483e-01 8.196025580866624083e-02
3.775000000000000355e+00 9.783264362465846631e-01 9.236095299256248392e-01 9.267673973018106803e-01 1.094428575061763137e-01
3.825000000000000178e+00 1.096573990898829010e+00 8.022138693642472118e-01 9.393296569446615285e-01 1.491591643317402849e-01
3.875000000000000000e+00 1.209327028496814060e+00 7.120029247973361786e-01 9.528401207506225212e-01 2.004708769006535718e-01
3.925000000000000266e+00 1.317983744056502537e+00 6.502601159882834825e-01 9.665748549639460174e-01 2.692164737568574218e-01
3.975000000000000089e+00 1.414358295973789037e+00 6.138919115477285970e-01 9.797099091196972420e-01 3.413013677686538849e-01
4.025000000000000355e+00 1.497982856506735017e+00 5.979531709213775637e-01 9.937204858653855277e-01 4.528294203035566623e-01
4.075000000000000178e+00 1.566724527812009216e+00 5.990220404918226160e-01 1.006862149482290691e+00 5.789961593557274577e-01
4.125000000000000000e+00 1.616008234359307849e+00 6.128853143807309056e-01 1.019583327129067740e+00 7.100211285958112351e-01
4.175000000000000711e+00 1.644363843221094745e+00 6.354096605591343927e-01 1.032323800814050951e+00 8.663247363205099916e-01
4.224999999999999645e+00 1.654203759804774965e+00 6.687737492359913105e-01 1.043127235003001196e+00 1.048512090549586606e+00
4.275000000000000355e+00 1.647813819388642020e+00 7.070807288458248463e-01 1.051987769422705776e+00 1.241085955710186095e+00
4.325000000000000178e+00 1.613726353859189500e+00 7.466984877604954107e-01 1.059892594746559835e+00 1.449809660836479885e+00
4.375000000000000000e+00 1.563747395019092545e+00 7.903292390361920106e-01 1.064879418174734971e+00 1.647634318416490773e+00
4.425000000000000711e+00 1.499900876913591974e+00 8.360083014331940454e-01 1.067999580631515899e+00 1.853515994064789396e+00
4.474999999999999645e+00 1.426688791728290218e+00 8.806120789881035638e-01 1.070101757117936536e+00 2.051767335211524657e+00
4.525000000000000355e+00 1.341151008423625113e+00 9.299710439299272435e-01 1.069720958493181717e+00 2.266613448873570746e+00
4.575000000000000178e+00 1.263957912024032515e+00 9.712280628248510794e-01 1.067249670093789904e+00 2.490813918844336783e+00
4.625000000000000000e+00 1.192482941496885385e+00 1.011963574198978977e+00 1.062588213696926021e+00 2.664515425828004158e+00
4.675000000000000711e+00 1.126436218810470180e+00 1.052866670178466579e+00 1.056811903203201730e+00 2.808480097652408691e+00
4.724999999999999645e+00 1.071108744692950587e+00 1.086350625565128070e+00 1.049710572874745562e+00 2.904129003477329718e+00
4.775000000000000355e+00 1.025199900975568346e+00 1.114720581494282214e+00 1.040852445405985538e+00 2.998960083013374245e+00
4.825000000000001066e+00 9.907469725706148367e-01 1.141097721057980241e+00 1.031915696360234502e+00 3.016003440235073718e+00
4.875000000000000000e+00 9.632891785540560470e-01 1.162350953781660756e+00 1.022337595732121684e+00 2.973145137378623737e+00
4.925000000000000711e+00 9.431652027081598444e-01 1.176185223258922496e+00 1.011790700762691841e+00 2.868813489818700990e+00
4.974999999999999645e+00 9.272931004565386770e-01 1.189772939064531521e+00 1.002271554910773688e+00 2.695065336454626870e+00
5.025000000000000355e+00 9.167301071696175585e-01 1.191679715979963028e+00 9.922062952126450286e-01 2.525548878299631372e+00
5.075000000000001066e+00 9.114146466845612915e-01 1.193246967358641220e+00 9.828435882763109088e-01 2.290206406166097164e+00
5.125000000000000000e+00 9.035731149856520705e-01 1.188966426758386818e+00 9.727396390754319278e-01 2.054689077280863252e+00
5.175000000000000711e+00 8.979987899191766987e-01 1.182519631698094376e+00 9.650173463729523338e-01 1.812437581593443259e+00
5.224999999999999645e+00 8.973166169090323052e-01 1.176370965983006389e+00 9.570274653882421267e-01 1.623890974550021626e+00
5.275000000000000355e+00 8.956071123484579122e-01 1.167746195494682393e+00 9.487443661733376832e-01 1.433973518545286430e+00
5.325000000000001066e+00 8.955886083739135195e-01 1.151518960009685122e+00 9.429545369046709036e-01 1.275101259354221250e+00
5.375000000000000000e+00 8.991846550457747167e-01 1.138158952132217294e+00 9.370889405627295110e-01 1.155566406400111656e+00
5.425000000000000711e+00 8.999892373752808039e-01 1.120875968154578572e+00 9.319577025936051085e-01 1.044109401113014757e+00
5.474999999999999645e+00 9.027366407205025256e-01 1.106298781298285849e+00 9.290109317432654334e-01 9.797112349921200947e-01
5.525000000000000355e+00 9.060071865930940938e-01 1.092752620740805369e+00 9.265167446100991411e-01 9.287011183706260775e-01
5.575000000000001066e+00 9.079934341018507382e-01 1.071858703592258877e+00 9.255408206866442278e-01 8.758779107091808624e-01
5.625000000000000000e+00 9.103945792304184437e-01 1.058124040252093057e+00 9.258691473400110228e-01 8.572110645029419329e-01
5.675000000000000711e+00 9.122323157037788288e-01 1.038264201305863832e+00 9.281679350035421106e-01 8.537792831709744013e-01
5.724999999999999645e+00 9.140982954755262346e-01 1.025122758088512942e+00 9.303764676978178993e-01 8.297651565910959537e-01
5.775000000000000355e+00 9.162163264514791017e-01 1.011414032729005763e+00 9.351932470449882961e-01 8.390052352781793843e-01
5.825000000000001066e+00 9.164291787339293727e-01 9.956932881882626374e-01 9.398948671340028316e-01 8.504078736301943220e-01
5.875000000000000000e+00 9.195652553793101092e-01 9.845750907308243871e-01 9.457390125786730994e-01 8.582574578574889701e-01
5.925000000000000711e+00 9.203505174775635789e-01 9.721696409253409721e-01 9.515874537270312405e-01 8.825552471810577115e-01
5.974999999999999645e+00 9.234774584079606941e-01 9.617304074430882421e-01 9.578524357555807667e-01 8.857042855332729614e-01
6.025000000000000355e+00 9.275744336706710502e-01 9.522924121815233844e-01 9.652153521698657590e-01 9.080204733508575599e-01
6.075000000000001066e+00 9.298918235205986260e-01 9.409746768795975713e-01 9.715911400499189776e-01 9.213714547615461381e-01
6.125000000000000000e+00 9.367009526139649100e-01 9.340047095496484264e-01 9.791490135026932329e-01 9.488618961951306163e-01
6.175000000000000711e+00 9.409298436104838181e-01 9.274869021498121091e-01 9.863667786990441000e-01 9.629673459929268819e-01
6.224999999999999645e+00 9.451129393687829339e-01 9.192118816595375996e-01 9.944173120201622584e-01 9.847123994559875415e-01
6.275000000000000355e+00 9.511404383894535020e-01 9.172858849402266701e-01 1.001508113325814353e+00 9.968315958783029451e-01
6.325000000000001066e+00 9.558450622751429870e-01 9.129616938543183569e-01 1.007482915826232173e+00 1.016723958999109056e+00
6.375000000000000000e+00 9.616193136416925080e-01 9.116513988882114505e-01 1.014460329972588726e+00 1.029382458376352449e+00
6.425000000000000711e+00 9.662353944223510682e-01 9.091135090533161156e-01 1.020281748368729646e+00 1.051757296812183551e+00
6.474999999999999645e+00 9.708876005309272639e-01 9.120996599283658357e-01 1.025299080362284343e+00 1.067928902464016172e+00
6.525000000000000355e+00 9.751457785106886211e-01 9.143474658435838398e-01 1.029238936977577623e+00 1.083017448659199689e+00
6.575000000000001066e+00 9.790500769517643809e-01 9.166430494011060803e-01 1.032933796678412230e+00 1.090965750428717795e+00
6.625000000000000000e+00 9.812215120582641337e-01 9.240170940609611083e-01 1.035480007150788806e+00 1.106458295910201173e+00
6.675000000000000711e+00 9.825369769108991402e-01 9.301236163126449519e-01 1.037081008492814149e+00 1.118072471020485681e+00
6.724999999999999645e+00 9.862002230326224472e-01 9.385498796950965117e-01 1.037744711518675311e+00 1.139546230680857475e+00
6.775000000000000355e+00 9.870027122269512398e-01 9.476196818056591420e-01 1.038011118571344316e+00 1.149487616911414989e+00
6.825000000000001066e+00 9.855355103341342238e-01 9.583494975018085338e-01 1.037727712123665658e+00 1.156951698834074449e+00
6.875000000000000000e+00 9.857067486304231796e-01 9.717762347024548886e-01 1.036129819693597298e+00 1.173601575451645118e+00
6.925000000000000711e+00 9.859409816357668221e-01 9.807333220995688716e-01 1.034997157985214411e+00 1.179086483494979021e+00
6.974999999999999645e+00 9.872495251815281980e-01 9.931133704736980761e-01 1.032667414636574188e+00 1.190183948830649596e+00
7.025000000000000355e+00 9.877380584010039266e-01 1.004412746110817878e+00 1.030702020098767102e+00 1.187526715642129860e+00
7.075000000000001066e+00 9.886762227067070752e-01 1.015941618433216620e+00 1.027960235512694886e+00 1.187123194459343667e+00
7.125000000000000000e+00 9.897244536951723681e-01 1.025815741817588611e+00 1.024751614390767784e+00 1.185676504786565166e+00
7.175000000000000711e+00 9.929497726927271062e-01 1.034871869116159360e+00 1.022076991654475409e+00 1.177201888950260678e+00
7.224999999999999645e+00 9.934387330090405088e-01 1.042378629941815182e+00 1.018647514714286606e+00 1.176711091357914407e+00
7.275000000000000355e+00 9.966321887768551102e-01 1.051805505348299308e+00 1.015455384210377066e+00 1.155271550060949615e+00
7.325000000000001066e+00 9.989843432491051223e-01 1.054507262770166598e+00 1.013082348216707729e+00 1.142122415915038269e+00
7.375000000000000000e+00 1.003561207828474355e+00 1.059012192035732491e+00 1.009613381046125635e+00 1.134527223470324975e+00
7.425000000000000711e+00 1.006218435910363640e+00 1.062506791693205166e+00 1.006230307194212470e+00 1.108849760579559973e+00
7.474999999999999645e+00 1.009693681573310187e+00 1.060802395896881745e+00 1.003235872533180473e+00 1.099921153380587935e+00
7.525000000000000355e+00 1.013762528982937949e+00 1.061944772453728758e+00 1.000823487058702277e+00 1.076720481266510099e+00
7.575000000000001066e+00 1.016183500922505978e+00 1.062035790119319589e+00 9.988870378086553981e-01 1.055226788416699701e+00
7.625000000000000000e+00 1.020281341519419405e+00 1.059369960209025407e+00 9.962112356666632529e-01 1.044758636435807464e+00
7.675000000000000711e+00 1.023888898149574400e+00 1.057241758930055342e+00 9.943913893443480090e-01 1.024053685302208638e+00
7.724999999999999645e+00 1.025920384491553428e+00 1.051505539540879441e+00 9.930472752659473823e-01 1.012302394299750885e+00
7.775000000000000355e+00 1.026621562260779497e+00 1.047934027273357271e+00 9.919718977988981612e-01 9.993899453635652907e-01
7.825000000000001066e+00 1.028371010374229622e+00 1.041703643205081020e+00 9.910531373833516566e-01 9.950146529228929282e-01
7.875000000000000000e+00 1.029806857381872609e+00 1.036879825160188506e+00 9.902300173347142742e-01 9.781189058111853241e-01
7.925000000000000711e+00 1.029816368134006677e+00 1.030200662624688457e+00 9.898607286418523721e-01 9.832287223640457929e-01
7.974999999999999645e+00 1.030076547037293233e+00 1.024878687409975342e+00 9.895887418509849986e-01 9.719830304168958213e-01
8.025000000000000355e+00 1.028386932253571029e+00 1.020799829410487858e+00 9.893377606362713239e-01 9.690232863268476438e-01
8.074999999999999289e+00 1.028081346011397113e+00 1.014537514984453548e+00 9.894331771306085210e-01 9.689968307804316394e-01
8.125000000000000000e+00 1.026936078707061606e+00 1.008633698577591886e+00 9.895793124792290341e-01 9.812435287728726863e-01
8.175000000000000711e+00 1.022946654359983443e+00 1.005211744755456937e+00 9.904211454882816401e-01 9.861757021894581587e-01
8.225000000000001421e+00 1.022744394444893956e+00 1.000927941951157862e+00 9.909012430939114768e-01 9.888932103648135907e-01
8.275000000000000355e+00 1.018316041295850516e+00 9.974617348762320201e-01 9.915229211182670088e-01 9.942678236121013091e-01
8.324999999999999289e+00 1.016319147038255544e+00 9.939365952734962040e-01 9.917923566715149963e-01 1.000872998520353052e+00
8.375000000000000000e+00 1.012930886690446508e+00 9.918834053307428178e-01 9.924267793264639481e-01 9.962239145044576860e-01
8.425000000000000711e+00 1.010022465947445047e+00 9.906895269371941426e-01 9.935526632480354836e-01 1.010039158616129251e+00
8.475000000000001421e+00 1.006790287258265471e+00 9.879607078742300708e-01 9.943538166646397336e-01 1.012871998786558203e+00
8.525000000000000355e+00 1.003845339436438389e+00 9.870973652134102938e-01 9.950477578715136717e-01 1.023768510411473542e+00
8.574999999999999289e+00 1.002099006244939972e+00 9.871602529104064327e-01 9.956188355387672884e-01 1.012659935975778414e+00
8.625000000000000000e+00 9.986985757257440532e-01 9.870136931431398031e-01 9.965898670183109820e-01 1.022251873601482508e+00
8.675000000000000711e+00 9.965613512720574718e-01 9.849906510063590748e-01 9.970558272160966462e-01 1.027392649885163545e+00
8.725000000000001421e+00 9.944281236760836862e-01 9.862791379464178609e-01 9.975963228451569798e-01 1.037337232357164352e+00
8.775000000000000355e+00 9.954466494496784224e-01 9.864599576748451781e-01 9.983191893557608054e-01 1.029747230974722649e+00
8.824999999999999289e+00 9.923999830196256200e-01 9.876040551908559229e-01 9.985903400015876397e-01 1.030588341721107248e+00
8.875000000000000000e+00 9.899804434591089608e-01 9.885125420570880506e-01 9.991020126365965925e-01 1.029469552857164238e+00
8.925000000000000711e+00 9.876728275515239686e-01 9.877703224250439229e-01 9.989329372872546298e-01 1.032929088963487230e+00
8.975000000000001421e+00 9.866583977322078702e-01 9.887206460353918924e-01 9.996976997178371738e-01 1.029699364657168381e+00
9.025000000000000355e+00 9.869133058696542005e-01 9.908268559775544881e-01 9.996556857599951940e-01 1.025284636654018255e+00
9.074999999999999289e+00 9.867810771435507888e-01 9.908625217106596939e-01 9.999902082309503060e-01 1.030343303607580419e+00
9.125000000000000000e+00 9.858900635137874957e-01 9.919609957700649128e-01 9.997239483564036577e-01 1.020321246655242931e+00
9.175000000000000711e+00 9.866383758356347400e-01 9.922333442194872788e-01 9.999262018107422101e-01 1.022681823638507570e+00
9.225000000000001421e+00 9.846706785503034354e-01 9.945317213730259231e-01 9.999895370767581948e-01 1.024267303859655254e+00
9.275000000000000355e+00 9.857206129297664265e-01 9.942885558530099033e-01 1.000111067352633221e+00 1.019984835241219301e+00
9.324999999999999289e+00 9.856127076074309157e-01 9.957447732895384762e-01 9.997552495215580315e-01 1.008585703386524868e+00
9.375000000000000000e+00 9.871635927925532794e-01 9.968476305083097122e-01 9.997479985209422049e-01 1.012047922227376384e+00
9.425000000000000711e+00 9.871726017497679528e-01 9.987645760240504433e-01 9.998885894244139427e-01 1.013772794397615362e+00
9.475000000000001421e+00 9.883902723921418332e-01 9.992360288919623912e-01 9.995399171828237561e-01 1.010987255083477754e+00
9.525000000000000355e+00 9.892964592680563163e-01 1.000833847031905366e+00 9.996010695306771776e-01 1.002280832539973021e+00
9.575000000000001066e+00 9.900205524826377612e-01 1.000729171391682826e+00 9.993413495651171097e-01 9.973777041478621985e-01
9.625000000000000000e+00 9.905555439519505567e-01 1.001952182834640714e+00 9.994706033282056978e-01 9.922010157675663633e-01
9.675000000000000711e+00 9.927881717468324263e-01 1.002275821029515068e+00 9.998811603828429151e-01 9.878934048231664544e-01
9.725000000000001421e+00 9.934691074843040592e-01 1.003203579182047278e+00 9.994941338664425912e-01 9.863055521951211713e-01
9.775000000000000355e+00 9.945829839342282819e-01 1.001701926741965343e+00 9.997515525878476472e-01 9.830796251243849593e-01
9.825000000000001066e+00 9.954214898827943303e-01 1.002106963287488384e+00 9.994897959029225287e-01 9.834220420672443730e-01
9.875000000000000000e+00 9.969164092736189087e-01 1.003837046417982881e+00 1.000040250981804046e+00 9.822633183379498867e-01
9.925000000000000711e+00 9.975806451801322305e-01 1.002230471000552292e+00 9.998692106760390663e-01 9.762666410112834647e-01
9.975000000000001421e+00 9.996239673694068406e-01 1.002617717445740686e+00 1.000203206515639653e+00 9.724032676460314661e-01
1.002500000000000036e+01 1.000581420654226283e+00 1.002534416231121162e+00 1.000527287631201245e+00 9.757011306151258667e-01
1.007500000000000107e+01 1.000709719225872041e+00 1.002543377939709046e+00 1.000385582905183757e+00 9.706610912672847258e-01
1.012500000000000000e+01 1.000819064859360452e+00 1.002255571297590908e+00 1.000884213726841221e+00 9.681681028765850572e-01
1.017500000000000071e+01 1.002773152857626915e+00 1.002742027624472954e+00 1.001018147248670553e+00 9.669604356481854568e-01
1.022500000000000142e+01 1.002198331800703057e+00 1.000747252060857795e+00 1.001227575481965504e+00 9.648480599446087602e-01
1.027500000000000036e+01 1.003415469650065006e+00 1.000629695811967146e+00 1.001606839483946576e+00 9.678680506921650828e-01
1.032500000000000107e+01 1.004764002549743296e+00 1.000893076709004514e+00 1.001623403374508170e+00 9.713703788050557231e-01
1.037500000000000000e+01 1.005129615030672996e+00 1.000835182101107002e+00 1.001856421901824001e+00 9.656596117395157552e-01
1.042500000000000071e+01 1.004484299462494512e+00 1.000577573493363293e+00 1.001871766904109728e+00 9.663449350855193298e-01
1.047500000000000142e+01 1.005777824286530731e+00 1.000216124436983156e+00 1.002245628006382505e+00 9.650123269173627172e-01
1.052500000000000036e+01 1.005494649183555911e+00 9.994178380707765541e-01 1.002450403896046671e+00 9.688437828634777205e-01
1.057500000000000107e+01 1.006146376347550886e+00 1.000648447281853093e+00 1.002306340875980473e+00 9.700329353650675168e-01
1.062500000000000000e+01 1.004572513534305989e+00 9.999029058329951258e-01 1.002392437002101122e+00 9.771292501308190825e-01
1.067500000000000071e+01 1.004822262555891577e+00 9.999624382458204286e-01 1.002520566229993193e+00 9.728001449972946135e-01
1.072500000000000142e+01 1.005232968132212745e+00 1.000137082953763912e+00 1.002122461110506402e+00 9.737586418043006065e-01
1.077500000000000036e+01 1.003633820559272527e+00 9.995829246350583785e-01 1.002084318867934920e+00 9.806014129307630833e-01
1.082500000000000107e+01 1.004060075130078555e+00 1.000960049761077553e+00 1.002471400814545888e+00 9.790520178134838325e-01
1.087500000000000000e+01 1.003041561924993053e+00 1.000814097441077521e+00 1.001753225077131937e+00 9.782525178685899103e-01
1.092500000000000071e+01 1.003397839162093907e+00 1.001234454150644604e+00 1.002061076192945377e+00 9.787889893883459091e-01
1.097500000000000142e+01 1.003145526323829584e+00 9.998926288701507348e-01 1.001846232026563310e+00 9.861979526099411419e-01
1.102500000000000036e+01 1.001468394939733608e+00 1.001565424813821714e+00 1.001226461818162328e+00 9.804055096051733642e-01
1.107500000000000107e+01 1.002839707822695603e+00 1.002243857517901127e+00 1.001575843120636966e+00 9.912245878973714452e-01
1.112500000000000000e+01 1.002515823815294027e+00 1.001015343949219760e+00 1.000871736075311880e+00 9.876061182337992905e-01
1.117500000000000071e+01 1.002468767428745133e+00 1.001497247943407221e+00 1.000960565355363929e+00 9.927382886852081922e-01
1.122500000000000142e+01 1.002157708974948269e+00 1.002569460087842534e+00 1.000423865957915659e+00 9.882498855984785946e-01
1.127500000000000036e+01 1.002193965879988768e+00 1.002902450329636430e+00 1.000408497615307590e+00 9.919991213078289682e-01
1.132500000000000107e+01 1.001954591926909721e+00 1.002265890050301200e+00 9.999937077114514627e-01 9.855474008181442924e-01
1.137500000000000000e+01 1.002737639475596243e+00 1.002117765063004651e+00 9.997533339352775439e-01 9.866495641456005661e-01
1.142500000000000071e+01 1.001116694089377201e+00 1.002796647902916449e+00 9.994840048691330248e-01 9.924726181679974779e-01
1.147500000000000142e+01 1.001494800744407998e+00 1.002714259551813480e+00 9.995049464493669378e-01 9.941359365775995771e-01
1.152500000000000036e+01 1.001807325582001251e+00 1.003181925595840518e+00 9.990410146226291754e-01 9.889401527787481383e-01
1.157500000000000107e+01 1.001998199076482798e+00 1.001655226675376653e+00 9.991456018920682469e-01 9.938688207175208067e-01
1.162500000000000000e+01 1.001611504609605907e+00 1.003028369301612432e+00 9.988711304419457537e-01 9.911706428911047917e-01
1.167500000000000071e+01 1.001568430713627889e+00 1.002702494804899480e+00 9.988546238540149114e-01 9.935740617546440223e-01
1.172500000000000142e+01 1.002108475002647214e+00 1.001945333220662482e+00 9.988620074529481752e-01 9.927487561823048479e-01
1.177500000000000036e+01 1.002329465533368547e+00 1.001877422849698274e+00 9.987534360452314797e-01 9.981159664717599300e-01
1.182500000000000107e+01 1.001502207562874336e+00 1.002367783073825569e+00 9.985757488423676609e-01 9.886011119588784535e-01
1.187500000000000000e+01 1.001551148279081982e+00 1.001595023131996998e+00 9.985412031156567503e-01 9.886044983218008619e-01
1.192500000000000071e+01 1.001498795236548611e+00 1.001136910865338736e+00 9.984699748732721591e-01 9.898908498391807420e-01
1.197500000000000142e+01 1.001718678901494242e+00 1.000460279001937902e+00 9.985088153577008629e-01 9.914946637175596766e-01
1.202500000000000036e+01 1.001322880420702832e+00 1.000553158490070871e+00 9.990306511854737392e-01 9.911451241109470178e-01
1.207500000000000107e+01 1.001687607408042968e+00 1.001538206196399994e+00 9.985066644404970715e-01 9.880608670591237708e-01
1.212500000000000000e+01 1.000507545153329403e+00 1.000703938252136549e+00 9.986039524378450549e-01 9.903486197859192597e-01
1.217500000000000071e+01 1.002183702753997929e+00 1.001431091277682928e+00 9.987804217016827968e-01 9.873748854982637990e-01
1.222500000000000142e+01 1.000599258348040310e+00 1.000046415108835518e+00 9.988452413477828529e-01 9.867850439556185016e-01
1.227500000000000036e+01 1.001846372207765734e+00 9.995928818661357074e-01 9.990487528093358049e-01 9.885936327046128680e-01
1.232500000000000107e+01 1.001527423855533616e+00 1.000672952844328334e+00 9.989228899348360224e-01 9.880559452462874814e-01
1.237500000000000000e+01 1.000456005756309219e+00 1.000687890892630882e+00 9.991909176774438350e-01 9.854292791644164717e-01
1.242500000000000071e+01 1.000199697910050922e+00 9.995574296824221161e-01 9.991553587091329680e-01 9.889206258402932770e-01
1.247500000000000142e+01 1.001003459357371783e+00 9.997991861315635997e-01 9.996410693639068423e-01 9.864120314556064084e-01
1.252500000000000036e+01 1.000014475223720334e+00 9.997817431779412178e-01 9.993907245833212327e-01 9.881465471726420535e-01
1.257500000000000107e+01 1.000368763814667661e+00 1.000361020099681086e+00 9.996329621301000001e-01 9.818591687992720418e-01
1.262500000000000000e+01 1.000450551866156168e+00 9.991465485480960362e-01 9.999867007013825138e-01 9.835217584029369853e-01
1.267500000000000071e+01 9.995162777800477016e-01 9.987982043613509164e-01 9.998796299501794271e-01 9.862631944550780405e-01
1.272500000000000142e+01 9.995042789733019628e-01 9.990817892238572639e-01 9.999656425558397510e-01 9.849143986185423527e-01
1.277500000000000036e+01 9.993779285747002028e-01 9.994687561629999051e-01 1.000258409241165047e+00 9.865151928383473212e-01
1.282500000000000107e+01 9.997296006017122316e-01 9.995303553509280459e-01 1.000211040408055307e+00 9.853725794926027071e-01
1.287500000000000000e+01 9.993285493023006394e-01 9.995942886204841615e-01 1.000399105514279574e+00 9.815561949971011169e-01
1.292500000000000071e+01 9.999062444339570366e-01 9.998805894162409169e-01 1.000283831319700445e+00 9.801789602646961974e-01
1.297500000000000142e+01 9.995128173151076600e-01 9.991361203279738312e-01 1.000371686445772790e+00 9.853724128108587443e-01
1.302500000000000036e+01 9.991236820373390337e-01 9.998828895099726166e-01 1.000562277628043617e+00 9.853201210044744141e-01
1.307500000000000107e+01 9.996786077974432194e-01 9.998463677927783566e-01 1.000666975234679068e+00 9.844974301867428501e-01
1.312500000000000000e+01 9.994081933992831068e-01 9.997310606272916678e-01 1.000324606944292372e+00 9.837392329989557149e-01
1.317500000000000071e+01 9.991966201334092634e-01 9.992313355323627633e-01 1.000510684308188125e+00 9.862029361951070161e-01
1.322500000000000142e+01 9.990902978221847253e-01 1.000387182650135154e+00 1.000591465501490251e+00 9.869176333959865932e-01
1.327500000000000036e+01 9.998217746492276126e-01 9.997133401586510981e-01 1.000457120306710967e+00 9.870534692077487238e-01
1.332500000000000107e+01 9.998931073659556024e-01 1.000152997860814574e+00 1.000447561595228629e+00 9.843896956111825025e-01
1.337500000000000000e+01 9.991125810435668164e-01 1.000706041061598217e+00 1.000810256336991833e+00 9.811561220610907075e-01
1.342500000000000071e+01 1.000049688353891408e+00 9.999608276762002035e-01 1.000469305638184592e+00 9.871470931970290907e-01
1.347500000000000142e+01 1.000012442043332506e+00 1.000349811991111615e+00 1.000606477581314824e+00 9.867753574763232782e-01
1.352500000000000036e+01 1.000303196874009259e+00 1.000643537977757402e+00 1.000386694067622262e+00 9.814930091322243699e-01
1.357500000000000107e+01 1.000290103870679070e+00 1.000761713975721001e+00 1.000435889448218818e+00 9.872861153383987176e-01
1.362500000000000000e+01 1.000332713042905386e+00 1.001130850661201777e+00 1.000317240664348128e+00 9.866013918380061032e-01
1.367500000000000071e+01 1.000761687502153663e+00 1.001034809346048382e+00 1.000312059158871447e+00 9.855344256145082138e-01
1.372500000000000142e+01 1.000089237696176303e+00 1.000108567862016073e+00 1.000267937381510652e+00 9.882886122683136598e-01
1.377500000000000036e+01 1.000534076793424321e+00 1.001061549609385981e+00 1.000346863003238829e+00 9.853021855801046280e-01
1.382500000000000107e+01 1.000704560764443363e+00 1.001249299837837503e+00 1.000183984266197257e+00 9.873702099115374553e-01
1.387500000000000000e+01 1.000634696894127984e+00 1.001011479950332461e+00 1.000283133697132287e+00 9.857570774207042863e-01
1.392500000000000071e+01 1.001164719651181478e+00 1.000916605659085468e+00 1.000230081056534992e+00 9.858188008485824216e-01
1.397500000000000142e+01 1.001189989116737955e+00 1.001195599042882023e+00 9.999587225266295398e-01 9.849253409366652834e-01
1.402500000000000036e+01 1.000824942733977041e+00 1.000218140597468608e+00 1.000015200996323239e+00 9.886620455563736032e-01
1.407500000000000107e+01 1.001432041027897624e+00 1.001113874924060898e+00 1.000222198965206033e+00 9.868454489822185982e-01
1.412500000000000000e+01 1.001250246728798032e+00 1.001059985522017914e+00 1.000091080326489967e+00 9.873306777025001590e-01
1.417500000000000071e+01 1.001669790118975056e+00 1.000559676750638394e+00 1.000025254671575103e+00 9.867235753676296683e-01
1.422500000000000142e+01 1.001604844462923527e+00 1.000959725854954963e+00 1.000014289485924968e+00 9.931712627884362599e-01
1.427500000000000036e+01 1.001018102262725806e+00 1.001367898205492324e+00 1.000007895691541693e+00 9.912717796085621647e-01
1.432500000000000107e+01 1.001355921109558400e+00 1.000635293862984554e+00 9.998046826299016310e-01 9.873838675399296827e-01
1.437500000000000000e+01 1.001216958240533250e+00 1.001587790945275724e+00 9.999004124714118147e-01 9.922012035643575922e-01
1.442500000000000071e+01 1.001260896848762183e+00 9.999490445932557314e-01 9.999648639425535723e-01 9.927158393666571934e-01
1.447500000000000142e+01 1.001895366750954031e+00 1.000130405049082460e+00 1.000150847599571513e+00 9.878192092049874473e-01
1.452500000000000036e+01 1.001047588688761536e+00 1.000612282870348535e+00 9.998451205157266042e-01 9.867589836144059490e-01
1.457500000000000107e+01 1.002085518359974836e+00 1.000598171132321079e+00 9.999850594520836022e-01 9.877717222488728854e-01
1.462500000000000000e+01 1.001334938476417857e+00 1.000463687369553600e+00 9.999518744246739255e-01 9.912507970854244066e-01
1.467500000000000071e+01 1.001083496469835410e+00 1.001120006778908778e+00 1.000078210547011848e+00 9.896411633042179190e-01
1.472500000000000142e+01 1.001113473056002290e+00 9.998833621920754089e-01 9.999032331565628207e-01 9.890045160082697739e-01
1.477500000000000036e+01 1.001445899198749823e+00 1.000553573841169497e+00 9.999125653886417053e-01 9.909427238789290104e-01
1.482500000000000107e+01 1.001255058319249214e+00 1.001367955535238607e+00 9.999326470431409986e-01 9.913480851296537777e-01
1.487500000000000000e+01 1.000952981153497401e+00 1.000274901150434603e+00 9.998669033544337337e-01 9.908025061935596955e-01
1.492500000000000071e+01 1.000343726330476635e+00 1.000391609317107466e+00 9.999278423389639237e-01 9.876870277915118512e-01
1.497500000000000142e+01 1.000142603189495105e+00 1.000958515800287385e+00 9.999802275270249785e-01 9.904228925023662589e-01
1.502500000000000036e+01 1.000506526928724105e+00 1.001179700035091491e+00 1.000036249995170046e+00 9.925822600665189510e-01
1.507500000000000107e+01 1.001110629629744286e+00 1.000080332056644039e+00 9.998685659185958530e-01 9.937662826661126658e-01
1.512500000000000000e+01 1.000519827538001616e+00 1.000464187392562376e+00 1.000092698566328320e+00 9.932313152205468620e-01
1.517500000000000071e+01 1.001548936603471329e+00 1.001035237372972286e+00 1.000068426314815184e+00 9.909035660611154039e-01
1.522500000000000142e+01 1.000541820717625763e+00 1.000399884550845719e+00 9.999625480812304179e-01 9.922720740535000417e-01
1.527500000000000036e+01 1.001271818807338398e+00 1.000753774910457805e+00 1.000021711625467047e+00 9.898236680484804317e-01
1.532500000000000107e+01 1.000863457466526496e+00 1.000450048298961558e+00 9.998823708285706768e-01 9.876773420239813861e-01
1.537500000000000000e+01 1.001289842542028685e+00 1.001239950327989181e+00 1.000011897782605130e+00 9.892122356853663145e-01
1.542500000000000071e+01 9.996704718320117422e-01 1.001056109503502212e+00 9.998560458390166605e-01 9.882936742640318073e-01
1.547500000000000142e+01 1.000042599620710071e+00 1.000488132552458831e+00 1.000037614119314355e+00 9.855569776705834784e-01
1.552500000000000036e+01 1.000228901767409306e+00 1.000003891235680564e+00 9.998199742048936578e-01 9.916589202256258506e-01
1.557500000000000107e+01 1.000174479626859014e+00 1.000986392046922635e+00 9.999662623487661772e-01 9.869738827666850733e-01
1.562500000000000000e+01 9.998970032962417598e-01 1.000337850780962157e+00 9.998487126779791456e-01 9.880994291339738611e-01
1.567500000000000071e+01 1.000345277435458646e+00 1.000292161861465967e+00 9.998178391299652468e-01 9.894932057610319465e-01
1.572500000000000142e+01 1.000169747160969846e+00 1.000410833375217745e+00 1.000111520930722975e+00 9.894899987716603285e-01
1.577500000000000036e+01 9.998162872688082237e-01 1.000264977343318318e+00 9.998332403725761486e-01 9.863551567135343534e-01
1.582500000000000107e+01 1.000471572261314002e+00 9.997017091203588279e-01 9.999640660745164888e-01 9.899470574254333188e-01
1.587500000000000000e+01 1.000815555514633637e+00 1.000259850625059732e+00 9.998781359646312650e-01 9.865851904437134001e-01
1.592500000000000071e+01 1.000994205229573941e+00 1.000643889328738600e+00 9.999302696635192778e-01 9.885591978594813201e-01
1.597500000000000142e+01 1.000050191441353320e+00 1.001021586673025432e+00 9.998533952022535809e-01 9.877811944938301725e-01
1.602499999999999858e+01 9.998636484254006529e-01 1.000847562896789666e+00 9.998071439276460248e-01 9.892214492702436912e-01
1.607500000000000284e+01 1.000788891961926330e+00 1.000124344918796426e+00 9.999961062944641155e-01 9.892088309487795383e-01
1.612500000000000000e+01 1.000522210080958319e+00 9.999746796772783775e-01 9.999139332982228678e-01 9.888570306917932040e-01
1.617500000000000071e+01 1.000763276338564767e+00 1.000785323182586506e+00 1.000065151321779311e+00 9.891349256882981944e-01
1.622500000000000142e+01 1.001001345786234786e+00 1.000764729615090110e+00 9.998821072295598356e-01 9.848257129223106920e-01
1.627499999999999858e+01 1.000229376594223396e+00 1.001001538701257632e+00 1.000220229751933143e+00 9.832870669440256783e-01
1.632500000000000284e+01 1.000504977196293499e+00 1.000767118153872426e+00 1.000001694367898875e+00 9.853389731898497539e-01
1.637500000000000000e+01 1.000466777212332126e+00 1.000655694590625089e+00 1.000062649651286550e+00 9.854986525430510236e-01
1.642500000000000071e+01 1.001029586819734973e+00 1.001049773176096336e+00 1.000077777422573311e+00 9.889274848730053025e-01
1.647500000000000142e+01 1.000342289974229359e+00 1.000696318928529394e+00 9.999014325101986955e-01 9.861668942966856921e-01
1.652499999999999858e+01 1.000809793745532694e+00 1.000187673324843818e+00 1.000022331134508446e+00 9.866821157936415121e-01
1.657500000000000284e+01 9.999479795145777006e-01 9.999975947763380946e-01 9.999245559501012126e-01 9.885013082485519798e-01
1.662500000000000000e+01 1.000073152292315859e+00 1.001037928734142435e+00 1.000138437052736862e+00 9.860728223867148978e-01
1.667500000000000071e+01 1.001210971611911971e+00 1.000031315487262207e+00 1.000102993590692435e+00 9.872750149655797891e-01
1.672500000000000142e+01 1.000137413231831252e+00 1.000092715913044605e+00 9.996810225032152220e-01 9.898595199875417361e-01
1.677499999999999858e+01 9.984561606006643331e-01 9.982376687142894278e-01 9.978207929513867036e-01 9.873359771090034487e-01
1.682500000000000284e+01 9.934982108851547755e-01 9.933747010347111495e-01 9.930595021888697360e-01 9.798302194213605043e-01
1.687500000000000000e+01 9.865144160640936244e-01 9.855155492859852817e-01 9.855929419411212367e-01 9.708360786036555057e-01
1.692500000000000071e+01 9.781566767993097322e-01 9.774618088924548198e-01 9.771332118551685486e-01 9.633674066698901806e-01
1.697500000000000142e+01 9.687960552731045283e-01 9.685383965098275372e-01 9.682029514158333461e-01 9.565031033746312916e-01
1.702499999999999858e+01 9.601359342524854457e-01 9.599454912005138674e-01 9.594963507736798958e-01 9.487517259746636178e-01
1.707500000000000284e+01 9.515830337650689197e-01 9.512126644351061033e-01 9.508130789223077084e-01 9.392994024690994870e-01
1.712500000000000000e+01 9.428507811406677819e-01 9.428529787518177274e-01 9.423152375879041420e-01 9.305835128453819882e-01
1.717500000000000071e+01 9.343994791535046307e-01 9.344779147076391901e-01 9.337666265823639788e-01 9.227295056506672477e-01
1.722500000000000142e+01 9.255793318639962131e-01 9.253322476736832725e-01 9.251724553410760610e-01 9.136977027138364349e-01
1.727499999999999858e+01 9.177052377147515427e-01 9.171724612240065300e-01 9.167189506235016161e-01 9.067848895268992848e-01
1.732500000000000284e+01 9.090339919345661324e-01 9.085913537562551046e-01 9.083915208159756283e-01 8.936007522963014260e-01
1.737500000000000000e+01 9.005740247192773884e-01 8.998931221091390764e-01 8.999792329663527379e-01 8.877491423181373964e-01
1.742500000000000071e+01 8.920065027851534767e-01 8.920706050523578012e-01 8.915081018205132102e-01 8.793635878064577360e-01
1.747500000000000142e+01 8.841451583311443763e-01 8.836478278271471254e-01 8.833483785143902978e-01 8.729879706882371915e-01
1.752499999999999858e+01 8.758115024277585148e-01 8.761280516751923653e-01 8.751136881304985016e-01 8.654019465656226373e-01
1.757500000000000284e+01 8.671504256154142221e-01 8.672388938202899578e-01 8.670113370095610117e-01 8.546940237233663362e-01
1.762500000000000000e+01 8.599527536353592794e-01 8.593019225394225025e-01 8.587452939022887088e-01 8.480003134121115727e-01
1.767500000000000071e+01 8.511050057282901760e-01 8.515946519641461876e-01 8.506275119405650731e-01 8.411083070546744311e-01
1.772500000000000142e+01 8.431671889444571910e-01 8.431908820248076308e-01 8.427689236488827840e-01 8.313517661547961124e-01
1.777499999999999858e+01 8.349026345481102007e-01 8.350636786960324853e-01 8.345353921861548008e-01 8.245284634891426601e-01
1.782500000000000284e+01 8.269821171882868471e-01 8.269355654774197539e-01 8.267711603518741459e-01 8.120078821061718077e-01
1.787500000000000000e+01 8.195032300622161481e-01 8.187992743107375126e-01 8.186599757886828810e-01 8.095444594346168365e-01
1.792500000000000071e+01 8.111965940407259712e-01 8.116333631068112231e-01 8.107576115433461350e-01 8.011431676531820534e-01
1.797500000000000142e+01 8.034168799149697948e-01 8.033157494043803304e-01 8.028370245952263229e-01 7.945227806315844354e-01
1.802499999999999858e+01 7.954869313772345851e-01 7.964060480850257973e-01 7.952663701464205426e-01 7.874202099904938912e-01
1.807500000000000284e+01 7.880074146893278897e-01 7.879336366631645161e-01 7.875841389089837108e-01 7.765630422324880655e-01
1.812500000000000000e+01 7.801201173525449395e-01 7.802378257001796324e-01 7.798869729188365740e-01 7.715088010017994158e-01
1.817500000000000071e+01 7.727496684887129597e-01 7.724345776817679310e-01 7.720421828084114146e-01 7.608583785593869830e-01
1.822500000000000142e+01 7.649185362370617414e-01 7.653620970782369914e-01 7.645572320657901821e-01 7.558982418954973692e-01
1.827499999999999858e+01 7.571536055512519958e-01 7.572863711978107260e-01 7.569765279228544141e-01 7.466761337966572043e-01
1.832500000000000284e+01 7.499920044910078909e-01 7.500973695045027867e-01 7.495329244251288658e-01 7.436670624605212776e-01
1.837500000000000000e+01 7.426418295613966825e-01 7.422029041052384812e-01 7.418848907300560347e-01 7.371498543545778048e-01
1.842500000000000071e+01 7.353093118324909305e-01 7.353644615377658011e-01 7.345303530951471371e-01 7.274357841688579018e-01
1.847500000000000142e+01 7.274965751866036001e-01 7.275022397235558769e-01 7.272363189804219585e-01 7.190621305002893315e-01
1.852499999999999858e+01 7.200644124148826153e-01 7.200592479144801716e-01 7.198362565246025913e-01 7.133598002077745637e-01
1.857500000000000284e+01 7.132723605750357354e-01 7.127663455451246355e-01 7.125268980748706849e-01 7.063031267945329983e-01
1.862500000000000000e+01 7.057718361799576456e-01 7.055354199507889446e-01 7.052426776711387957e-01 6.972481611267093982e-01
1.867500000000000071e+01 6.983014817699808585e-01 6.986345752345302085e-01 6.981040737665199503e-01 6.904661838709345023e-01
1.872500000000000142e+01 6.909445851039049957e-01 6.907948721095613642e-01 6.907949589596411588e-01 6.827907942249709095e-01
1.877499999999999858e+01 6.844905847372716456e-01 6.844179090238543539e-01 6.835785182462834619e-01 6.780872601812621969e-01
1.882500000000000284e+01 6.765673080661270822e-01 6.774026004837037096e-01 6.764972234314238220e-01 6.667454630898695944e-01
1.887500000000000000e+01 6.698753042118549272e-01 6.696779425039466327e-01 6.694278679440935909e-01 6.626861503936577469e-01
1.892500000000000071e+01 6.624201540441262415e-01 6.627113953659716783e-01 6.622385767314079574e-01 6.566117649100233766e-01
1.897500000000000142e+01 6.558998114148901770e-01 6.557172333204462911e-01 6.553013119188917379e-01 6.492868080497753436e-01
1.902499999999999858e+01 6.489370040916920823e-01 6.484209014968863594e-01 6.483876045552861012e-01 6.419694170338885453e-01
1.907500000000000284e+01 6.419537802916907010e-01 6.419016166052190497e-01 6.414470291186928907e-01 6.360413599043973631e-01
1.912500000000000000e+01 6.347984193478753978e-01 6.348422934791956296e-01 6.345518260261998611e-01 6.278703998917372076e-01
1.917500000000000426e+01 6.278440071445318127e-01 6.277568035448656270e-01 6.276497464462723608e-01 6.221624583529820063e-01
1.922500000000000142e+01 6.211806432540535328e-01 6.211058372133615446e-01 6.208045528329458884e-01 6.168379762068278982e-01
1.927499999999999858e+01 6.142619919911137538e-01 6.146970536724729595e-01 6.140045557768958329e-01 6.093158674877989789e-01
1.932500000000000284e+01 6.073595083547327356e-01 6.077567716041257784e-01 6.073876830685702721e-01 6.021818444468058917e-01
1.937500000000000000e+01 6.008433684971166144e-01 6.008249983585155496e-01 6.005218090927083585e-01 5.947197006231235150e-01
1.942500000000000426e+01 5.946069444937824855e-01 5.939223746927401182e-01 5.938714175405775952e-01 5.892103734366788137e-01
1.947500000000000142e+01 5.876853501181018569e-01 5.874277438958719344e-01 5.872371764644033210e-01 5.804662389907863096e-01
1.952499999999999858e+01 5.808765530430262114e-01 5.809658990170891713e-01 5.805893699776061290e-01 5.745633408972852241e-01
1.957500000000000284e+01 5.743652035578864501e-01 5.740871801293268017e-01 5.740392341228766071e-01 5.716707154807120217e-01
1.962500000000000000e+01 5.675206821611056274e-01 5.675258696173535178e-01 5.673518676927852278e-01 5.610690891651494150e-01
1.967500000000000426e+01 5.608394540576482346e-01 5.609792206263918279e-01 5.609293520978008152e-01 5.582107834462660678e-01
1.972500000000000142e+01 5.548793481229232771e-01 5.544879292301899687e-01 5.543333423719583042e-01 5.508049614668585336e-01
1.977499999999999858e+01 5.478414420110441219e-01 5.480380583235218150e-01 5.479117162739448599e-01 5.414181142383468481e-01
1.982500000000000284e+01 5.416859660477977290e-01 5.418295288236285590e-01 5.415284954743287971e-01 5.380346606782141494e-01
1.987500000000000000e+01 5.351422116781204830e-01 5.355231763464481931e-01 5.351299698230984614e-01 5.334333677065453694e-01
1.992500000000000426e+01 5.289655942281107359e-01 5.285130008451972561e-01 5.288521017295947368e-01 5.258544705107386363e-01
1.997500000000000142e+01 5.230130722272037236e-01 5.228991166634225918e-01 5.223629940979113151e-01 5.196319038572476678e-01
