# r (Angstroms), cation-water g(r), anion-water g(r), water-water g(r), cation-anion g(r)
2.500000000000000139e-02 0.000000000000000000e+00 0.000000000000000000e+00 5.716279723900929821e+04 0.000000000000000000e+00
7.500000000000001110e-02 0.000000000000000000e+00 0.000000000000000000e+00 0.000000000000000000e+00 0.000000000000000000e+00
1.250000000000000000e-01 0.000000000000000000e+00 0.000000000000000000e+00 0.000000000000000000e+00 0.000000000000000000e+00
1.750000000000000167e-01 0.000000000000000000e+00 0.000000000000000000e+00 0.000000000000000000e+00 0.000000000000000000e+00
2.250000000000000056e-01 0.000000000000000000e+00 0.000000000000000000e+00 0.000000000000000000e+00 0.000000000000000000e+00
2.750000000000000222e-01 0.000000000000000000e+00 0.000000000000000000e+00 0.000000000000000000e+00 0.000000000000000000e+00
3.250000000000000666e-01 0.000000000000000000e+00 0.000000000000000000e+00 0.000000000000000000e+00 0.000000000000000000e+00
3.750000000000000000e-01 0.000000000000000000e+00 0.000000000000000000e+00 0.000000000000000000e+00 0.000000000000000000e+00
4.250000000000000444e-01 0.000000000000000000e+00 0.000000000000000000e+00 0.000000000000000000e+00 0.000000000000000000e+00
4.749999999999999778e-01 0.000000000000000000e+00 0.000000000000000000e+00 0.000000000000000000e+00 0.000000000000000000e+00
5.250000000000000222e-01 0.000000000000000000e+00 0.000000000000000000e+00 0.000000000000000000e+00 0.000000000000000000e+00
5.750000000000000666e-01 0.000000000000000000e+00 0.000000000000000000e+00 0.000000000000000000e+00 0.000000000000000000e+00
6.250000000000000000e-01 0.000000000000000000e+00 0.000000000000000000e+00 0.000000000000000000e+00 0.000000000000000000e+00
6.750000000000000444e-01 0.000000000000000000e+00 0.000000000000000000e+00 0.000000000000000000e+00 0.000000000000000000e+00
7.250000000000000888e-01 0.000000000000000000e+00 0.000000000000000000e+00 0.000000000000000000e+00 0.000000000000000000e+00
7.750000000000000222e-01 0.000000000000000000e+00 0.000000000000000000e+00 0.000000000000000000e+00 0.000000000000000000e+00
8.250000000000000666e-01 0.000000000000000000e+00 0.000000000000000000e+00 0.000000000000000000e+00 0.000000000000000000e+00
8.750000000000000000e-01 0.000000000000000000e+00 0.000000000000000000e+00 0.000000000000000000e+00 0.000000000000000000e+00
9.250000000000000444e-01 0.000000000000000000e+00 0.000000000000000000e+00 0.000000000000000000e+00 0.000000000000000000e+00
9.750000000000000888e-01 0.000000000000000000e+00 0.000000000000000000e+00 0.000000000000000000e+00 0.000000000000000000e+00
1.024999999999999911e+00 0.000000000000000000e+00 0.000000000000000000e+00 0.000000000000000000e+00 0.000000000000000000e+00
1.075000000000000178e+00 0.000000000000000000e+00 0.000000000000000000e+00 0.000000000000000000e+00 0.000000000000000000e+00
1.125000000000000000e+00 0.000000000000000000e+00 0.000000000000000000e+00 0.000000000000000000e+00 0.000000000000000000e+00
1.175000000000000266e+00 0.000000000000000000e+00 0.000000000000000000e+00 0.000000000000000000e+00 0.000000000000000000e+00
1.225000000000000089e+00 0.000000000000000000e+00 0.000000000000000000e+00 0.000000000000000000e+00 0.000000000000000000e+00
1.274999999999999911e+00 0.000000000000000000e+00 0.000000000000000000e+00 0.000000000000000000e+00 0.000000000000000000e+00
1.325000000000000178e+00 0.000000000000000000e+00 0.000000000000000000e+00 0.000000000000000000e+00 0.000000000000000000e+00
1.375000000000000000e+00 0.000000000000000000e+00 0.000000000000000000e+00 0.000000000000000000e+00 0.000000000000000000e+00
1.425000000000000266e+00 0.000000000000000000e+00 0.000000000000000000e+00 0.000000000000000000e+00 0.000000000000000000e+00
1.475000000000000089e+00 0.000000000000000000e+00 0.000000000000000000e+00 0.000000000000000000e+00 0.000000000000000000e+00
1.524999999999999911e+00 0.000000000000000000e+00 0.000000000000000000e+00 0.000000000000000000e+00 0.000000000000000000e+00
1.575000000000000178e+00 0.000000000000000000e+00 0.000000000000000000e+00 0.000000000000000000e+00 0.000000000000000000e+00
1.625000000000000000e+00 0.000000000000000000e+00 0.000000000000000000e+00 0.000000000000000000e+00 0.000000000000000000e+00
1.675000000000000266e+00 0.000000000000000000e+00 0.000000000000000000e+00 0.000000000000000000e+00 0.000000000000000000e+00
1.725000000000000089e+00 0.000000000000000000e+00 0.000000000000000000e+00 0.000000000000000000e+00 0.000000000000000000e+00
1.774999999999999911e+00 0.000000000000000000e+00 0.000000000000000000e+00 0.000000000000000000e+00 0.000000000000000000e+00
1.825000000000000178e+00 0.000000000000000000e+00 0.000000000000000000e+00 0.000000000000000000e+00 0.000000000000000000e+00
1.875000000000000000e+00 0.000000000000000000e+00 0.000000000000000000e+00 0.000000000000000000e+00 0.000000000000000000e+00
1.925000000000000266e+00 0.000000000000000000e+00 0.000000000000000000e+00 0.000000000000000000e+00 0.000000000000000000e+00
1.975000000000000089e+00 0.000000000000000000e+00 0.000000000000000000e+00 0.000000000000000000e+00 0.000000000000000000e+00
2.025000000000000355e+00 0.000000000000000000e+00 0.000000000000000000e+00 0.000000000000000000e+00 0.000000000000000000e+00
2.075000000000000178e+00 0.000000000000000000e+00 0.000000000000000000e+00 0.000000000000000000e+00 0.000000000000000000e+00
2.125000000000000000e+00 1.977810765528846201e-02 0.000000000000000000e+00 0.000000000000000000e+00 0.000000000000000000e+00
2.174999999999999822e+00 5.590778526636837054e-01 0.000000000000000000e+00 0.000000000000000000e+00 0.000000000000000000e+00
2.225000000000000089e+00 3.970795599751352434e+00 0.000000000000000000e+00 0.000000000000000000e+00 0.000000000000000000e+00
2.275000000000000355e+00 1.080944388838308434e+01 0.000000000000000000e+00 0.000000000000000000e+00 0.000000000000000000e+00
2.325000000000000178e+00 1.485450986364329573e+01 0.000000000000000000e+00 0.000000000000000000e+00 0.000000000000000000e+00
2.375000000000000000e+00 1.297657637555278853e+01 0.000000000000000000e+00 1.140018423348871388e-05 0.000000000000000000e+00
2.425000000000000266e+00 8.402486227469722735e+00 0.000000000000000000e+00 8.614299997989156767e-04 0.000000000000000000e+00
2.475000000000000089e+00 4.494721787046941586e+00 0.000000000000000000e+00 1.783153196828285089e-02 0.000000000000000000e+00
2.525000000000000355e+00 2.190339056782561578e+00 0.000000000000000000e+00 1.481869807779145065e-01 0.000000000000000000e+00
2.575000000000000178e+00 1.011297173436137120e+00 0.000000000000000000e+00 6.045355267393824894e-01 0.000000000000000000e+00
2.625000000000000000e+00 4.973709568672909920e-01 0.000000000000000000e+00 1.460401410872436134e+00 0.000000000000000000e+00
2.675000000000000266e+00 2.477968943081222120e-01 0.000000000000000000e+00 2.405736065181239614e+00 0.000000000000000000e+00
2.725000000000000089e+00 1.282939472669832048e-01 0.000000000000000000e+00 3.000087885455559711e+00 0.000000000000000000e+00
2.775000000000000355e+00 7.639247887991867936e-02 0.000000000000000000e+00 3.088851326061595071e+00 0.000000000000000000e+00
2.825000000000000178e+00 4.685358049574127326e-02 0.000000000000000000e+00 2.797192478236493418e+00 0.000000000000000000e+00
2.875000000000000000e+00 3.025478204206269797e-02 0.000000000000000000e+00 2.346500097477517865e+00 0.000000000000000000e+00
2.925000000000000266e+00 2.394018537846097014e-02 1.391871242933777353e-04 1.896276195022775113e+00 0.000000000000000000e+00
2.975000000000000089e+00 1.964400658577687697e-02 4.641905665817138392e-03 1.528608059927530238e+00 0.000000000000000000e+00
3.025000000000000355e+00 1.522602695556428756e-02 3.969177967048809902e-02 1.257117525175769357e+00 0.000000000000000000e+00
3.075000000000000178e+00 1.423115054010505760e-02 2.127116217897118966e-01 1.071666086574860177e+00 0.000000000000000000e+00
3.125000000000000000e+00 1.597435624803591331e-02 6.823245067624805760e-01 9.528269389676760071e-01 0.000000000000000000e+00
3.175000000000000266e+00 1.500267372491143059e-02 1.491820985315307047e+00 8.790756422154376581e-01 0.000000000000000000e+00
3.225000000000000089e+00 1.591505123881864839e-02 2.443132110315915817e+00 8.399311412250920483e-01 0.000000000000000000e+00
3.275000000000000355e+00 1.709822605768739762e-02 3.221183659082178963e+00 8.205498639902826241e-01 0.000000000000000000e+00
3.325000000000000178e+00 1.971155947365495556e-02 3.551042824850927815e+00 8.137373375827728905e-01 0.000000000000000000e+00
3.375000000000000000e+00 2.477731411320972799e-02 3.472064890353621536e+00 8.162406270159057176e-01 0.000000000000000000e+00
3.425000000000000266e+00 2.568343069513294788e-02 3.086326093710590524e+00 8.234408366847203453e-01 0.000000000000000000e+00
3.475000000000000089e+00 3.234581597401121889e-02 2.565969913548085124e+00 8.341390303330169509e-01 0.000000000000000000e+00
3.525000000000000355e+00 3.891005883433439755e-02 2.082646523470248479e+00 8.460056918712658414e-01 0.000000000000000000e+00
3.575000000000000178e+00 4.789225933570673971e-02 1.627638000400375873e+00 8.600954082491247821e-01 0.000000000000000000e+00
3.625000000000000000e+00 6.216738313858758552e-02 1.289973200125692498e+00 8.741507989769387033e-01 0.000000000000000000e+00
3.675000000000000266e+00 7.574136991412194764e-02 1.027181709912181162e+00 8.901228074017857317e-01 0.000000000000000000e+00
3.725000000000000089e+00 9.843866634272802063e-02 8.441094183207510371e-01 9.050794274453093369e-01 0.000000000000000000e+00
3.775000000000000355e+00 1.263493198141385498e-01 7.003947248824089478e-01 9.204638197974148728e-01 0.000000000000000000e+00
3.825000000000000178e+00 1.606717275677565504e-01 6.265302041300943037e-01 9.382328672476286657e-01 0.000000000000000000e+00
3.875000000000000000e+00 2.023916583310107209e-01 5.772762072850419202e-01 9.548373700590858659e-01 0.000000000000000000e+00
3.925000000000000266e+00 2.841526336356104410e-01 5.462749352292869398e-01 9.711468172289197121e-01 3.864970533672611869e-02
3.975000000000000089e+00 3.676403592941240306e-01 5.366509180717118355e-01 9.886413006783391078e-01 1.507340546511373724e-01
4.025000000000000355e+00 4.792604813221089666e-01 5.510392942072377398e-01 1.006349541543571258e+00 1.102593131876017790e-01
4.075000000000000178e+00 6.202497536048390270e-01 5.659268043210298194e-01 1.023017812820707695e+00 1.792836610026705968e-01
4.125000000000000000e+00 7.748796081634659050e-01 5.920424535096495688e-01 1.038431195788213079e+00 6.998551374308760453e-02
4.175000000000000711e+00 9.419177982497948243e-01 6.194166764221197274e-01 1.055609811143523480e+00 2.391174507778546510e-01
4.224999999999999645e+00 1.176463200004347120e+00 6.568780776207997496e-01 1.067449124530578830e+00 2.001355032613009177e-01
4.275000000000000355e+00 1.356510605179446438e+00 7.020062928667867297e-01 1.080116714919331367e+00 2.932221021859692800e-01
4.325000000000000178e+00 1.549738479762915677e+00 7.602586749919376663e-01 1.091123224883392195e+00 3.819755526671936852e-01
4.375000000000000000e+00 1.706889869714405261e+00 8.013081128845155332e-01 1.098840388295482917e+00 5.910498910984818277e-01
4.425000000000000711e+00 1.830552859510163222e+00 8.458225819342036766e-01 1.103994576194975208e+00 6.994038966200498697e-01
4.474999999999999645e+00 1.962803545770021252e+00 8.917266207348245599e-01 1.107236229887352819e+00 1.010926781533928009e+00
4.525000000000000355e+00 2.010395399795972260e+00 9.341560132936876926e-01 1.108879362915970779e+00 1.075948589586179782e+00
4.575000000000000178e+00 2.003105755451005887e+00 9.885807951213948508e-01 1.106806535332062635e+00 1.706852974224732922e+00
4.625000000000000000e+00 1.972611671277443524e+00 1.031900872998703367e+00 1.101882741769509400e+00 2.199028053381283598e+00
4.675000000000000711e+00 1.909120390399149381e+00 1.082387024238800732e+00 1.094885175300761349e+00 2.697113400444029363e+00
4.724999999999999645e+00 1.828978159059511777e+00 1.113020874216667178e+00 1.086972990688932938e+00 3.333755284237495342e+00
4.775000000000000355e+00 1.709451026409132046e+00 1.136239140835034078e+00 1.077358711491116061e+00 4.047737688564244429e+00
4.825000000000001066e+00 1.562489846067898203e+00 1.170102639586301674e+00 1.066918768785275029e+00 4.526954474465036071e+00
4.875000000000000000e+00 1.439757348284165683e+00 1.187337564691032910e+00 1.054826473365652051e+00 4.910598271389977398e+00
4.925000000000000711e+00 1.307767345373429535e+00 1.201990240383864261e+00 1.043442707622006083e+00 4.737753832208429827e+00
4.974999999999999645e+00 1.180621572513963713e+00 1.225896855737357516e+00 1.031394912605794634e+00 6.375106298724435128e+00
5.025000000000000355e+00 1.095745378758459676e+00 1.222915793401749163e+00 1.018643557485980677e+00 5.612193340460390090e+00
5.075000000000001066e+00 1.009298465188042782e+00 1.217964183883064822e+00 1.006072815908397589e+00 5.918283180359588336e+00
5.125000000000000000e+00 9.600494715383801614e-01 1.215375025208670134e+00 9.929920219670550496e-01 5.803368706347707295e+00
5.175000000000000711e+00 9.057916656283032664e-01 1.214836932006148507e+00 9.804001732297332738e-01 6.136438382754338505e+00
5.224999999999999645e+00 8.799022613986990926e-01 1.192635716836829785e+00 9.691283288468154344e-01 5.408877672686827509e+00
5.275000000000000355e+00 8.636004080476213929e-01 1.190761977962881968e+00 9.566309584911137920e-01 5.734796306971667867e+00
5.325000000000001066e+00 8.443510357639478769e-01 1.168568394435804514e+00 9.458812135264585974e-01 4.661674457587576370e+00
5.375000000000000000e+00 8.424001860463148361e-01 1.143796191348984248e+00 9.355725237347949363e-01 5.688272528961757502e+00
5.425000000000000711e+00 8.304640265561915591e-01 1.130619071819971788e+00 9.248672796923009809e-01 4.916262874029296626e+00
5.474999999999999645e+00 8.415454551460721522e-01 1.114631583582747831e+00 9.161032122257167787e-01 4.509059583584911657e+00
5.525000000000000355e+00 8.437430533793005560e-01 1.088053247192314776e+00 9.083906710966518361e-01 3.764620152168602019e+00
5.575000000000001066e+00 8.433512585167383113e-01 1.079831380617747305e+00 9.029275439502829625e-01 3.678239099432415227e+00
5.625000000000000000e+00 8.539052396893539454e-01 1.059797720900593765e+00 9.001380660818295576e-01 3.086223098313074065e+00
5.675000000000000711e+00 8.624419437529787791e-01 1.027394503823380045e+00 9.003092979880152891e-01 2.255571881706898818e+00
5.724999999999999645e+00 8.706967962039681153e-01 1.011761739922124814e+00 9.010196732365146621e-01 2.252679075473460912e+00
5.775000000000000355e+00 8.834652883006687274e-01 9.917113889183826192e-01 9.057224576602720401e-01 2.142426533749903772e+00
5.825000000000001066e+00 8.949319251506167028e-01 9.765845046189451928e-01 9.123350677942121401e-01 2.105804757403702432e+00
5.875000000000000000e+00 8.914945997271419564e-01 9.569619553903739861e-01 9.197820866814937490e-01 1.759596911106631412e+00
5.925000000000000711e+00 9.066685554264580782e-01 9.361637779999131270e-01 9.285577080794241711e-01 1.407765079699117461e+00
5.974999999999999645e+00 9.230131297093557841e-01 9.157246916752589394e-01 9.388985889541061614e-01 1.501051311370062757e+00
6.025000000000000355e+00 9.168441487728961059e-01 9.007531206144194780e-01 9.486139073489817664e-01 1.755086659487260059e+00
6.075000000000001066e+00 9.282091346102716578e-01 8.835024059722083045e-01 9.589523917572954081e-01 1.435907199129426992e+00
6.125000000000000000e+00 9.482560432162613351e-01 8.735014828515743623e-01 9.692895322985753959e-01 1.444302546324101932e+00
6.175000000000000711e+00 9.531683445214009787e-01 8.612556827282659144e-01 9.785301179117085191e-01 1.296084085767960081e+00
6.224999999999999645e+00 9.623493286883360032e-01 8.591998628814575545e-01 9.883969581598437415e-01 1.505831617618664131e+00
6.275000000000000355e+00 9.694241901953226659e-01 8.432937981940250571e-01 9.976165481417966774e-01 1.421443094128038931e+00
6.325000000000001066e+00 9.761261827295686366e-01 8.546462195763797620e-01 1.005513677153290208e+00 1.533011051798389701e+00
6.375000000000000000e+00 9.827924960472538274e-01 8.541269668241323609e-01 1.012979462768866634e+00 1.919287671171590048e+00
6.425000000000000711e+00 9.882395939358381565e-01 8.650450005416997490e-01 1.020531780203538075e+00 1.557782002876354044e+00
6.474999999999999645e+00 1.015102550587001051e+00 8.740624332066284641e-01 1.026926458733740111e+00 1.746846685911370711e+00
6.525000000000000355e+00 1.007268986607903427e+00 8.768151780568854692e-01 1.032154896633470820e+00 1.678222236934194145e+00
6.575000000000001066e+00 1.002254959212944607e+00 8.940932920694302233e-01 1.036841570213084429e+00 1.942034262986823689e+00
6.625000000000000000e+00 1.012335438820497924e+00 9.145504177406803548e-01 1.040783282894264028e+00 1.939963653498046448e+00
6.675000000000000711e+00 1.013690319217276148e+00 9.227770484387393113e-01 1.043552261698211581e+00 1.937736919430814941e+00
6.724999999999999645e+00 1.010601109110019546e+00 9.438377137960942687e-01 1.046206603173152061e+00 1.961693137798240727e+00
6.775000000000000355e+00 1.009282486657498978e+00 9.515046835166258710e-01 1.047276619985233692e+00 2.218231777523422377e+00
6.825000000000001066e+00 1.013620555031611303e+00 9.724984640618687948e-01 1.048314408017136268e+00 2.173066666103887989e+00
6.875000000000000000e+00 1.018255212537755749e+00 9.866858996264651349e-01 1.047775115192996820e+00 2.254950922235039901e+00
6.925000000000000711e+00 1.011774195934001419e+00 1.002797257689593824e+00 1.046968164366964382e+00 1.738272965722071683e+00
6.974999999999999645e+00 1.019228092478651870e+00 1.015115834270327477e+00 1.044783133648824691e+00 2.680311153639914235e+00
7.025000000000000355e+00 1.003733587683000028e+00 1.034861973299671556e+00 1.042367871640453414e+00 2.400987882836294940e+00
7.075000000000001066e+00 1.001777553551830513e+00 1.046432642086474241e+00 1.039855901551208994e+00 2.093579004288046885e+00
7.125000000000000000e+00 9.971266264554640157e-01 1.054950446866518954e+00 1.035821435672848345e+00 2.310607022510720920e+00
7.175000000000000711e+00 9.871409370687358464e-01 1.064980587751500396e+00 1.032064570522096547e+00 2.174421148344686472e+00
7.224999999999999645e+00 9.860726119013389912e-01 1.071017118897790832e+00 1.027667428679248651e+00 2.395373501981319819e+00
7.275000000000000355e+00 9.828477447032862857e-01 1.076720155840900084e+00 1.023769365785906160e+00 2.182556059527455350e+00
7.325000000000001066e+00 9.666793732276146578e-01 1.084309970819311575e+00 1.019624860814732692e+00 2.374806404209729660e+00
7.375000000000000000e+00 9.664246397830765778e-01 1.085191528285643470e+00 1.014913233574371576e+00 2.233242257767870775e+00
7.425000000000000711e+00 9.566279886052020398e-01 1.089536788340740747e+00 1.010971249602352406e+00 2.322069879988692520e+00
7.474999999999999645e+00 9.641414650224955363e-01 1.086625239713779001e+00 1.006207810926012858e+00 2.259140441495745666e+00
7.525000000000000355e+00 9.586691033303272880e-01 1.084483250762019457e+00 1.002735831810110945e+00 2.092521131542559587e+00
7.575000000000001066e+00 9.666220883522954610e-01 1.089016750110661569e+00 9.988593168660387933e-01 2.085742010464739504e+00
7.625000000000000000e+00 9.694099083279053009e-01 1.080373127038768200e+00 9.959718913855998279e-01 2.130166081389891275e+00
7.675000000000000711e+00 9.697790374412826875e-01 1.068091221286956216e+00 9.928666925292752854e-01 2.072177430430091505e+00
7.724999999999999645e+00 9.692392417740791632e-01 1.072149819699319551e+00 9.906726196110442473e-01 1.776040611856970486e+00
7.775000000000000355e+00 9.787390084639182586e-01 1.061940590539222962e+00 9.886145742988521334e-01 1.723721660137126355e+00
7.825000000000001066e+00 9.758204908705615521e-01 1.047722439185395205e+00 9.866617565576706328e-01 1.604520080057825648e+00
7.875000000000000000e+00 9.906785051714198653e-01 1.036831822362005662e+00 9.856543128617136773e-01 1.747431605718036129e+00
7.925000000000000711e+00 1.000610254787883457e+00 1.034512535079718853e+00 9.847359102223762761e-01 1.697010115279231179e+00
7.974999999999999645e+00 1.008006399714900247e+00 1.027413823013952676e+00 9.845497247393856233e-01 1.535367786321572003e+00
8.025000000000000355e+00 1.015936236118875069e+00 1.011387350694779252e+00 9.840920410785556349e-01 1.534786545528232793e+00
8.074999999999999289e+00 1.016616471277009381e+00 1.013420425602465702e+00 9.846939287648314165e-01 1.588891278201739476e+00
8.125000000000000000e+00 1.012801543145802174e+00 9.992812874402580148e-01 9.847961599039224412e-01 1.560376408978749518e+00
8.175000000000000711e+00 1.024826916706005342e+00 1.002419463647430842e+00 9.856552675023708687e-01 1.621533382370011989e+00
8.225000000000001421e+00 1.024146167870425783e+00 9.958844512579134722e-01 9.865790852291751456e-01 1.408244988477725501e+00
8.275000000000000355e+00 1.017859268565166397e+00 9.855903054565231525e-01 9.875437646589707574e-01 1.408669367717647392e+00
8.324999999999999289e+00 1.038832108566532186e+00 9.807287843560434926e-01 9.892994155836782877e-01 1.280111682295256958e+00
8.375000000000000000e+00 1.032322669556688499e+00 9.789433548339572244e-01 9.903339640861364979e-01 1.485588434554384607e+00
8.425000000000000711e+00 1.035138375637833841e+00 9.798993425613242714e-01 9.918968075603050716e-01 1.476396328240804356e+00
8.475000000000001421e+00 1.033157028667219146e+00 9.786507582987066245e-01 9.929576802040127603e-01 1.235199130784540023e+00
8.525000000000000355e+00 1.036951435055375681e+00 9.751436697308987211e-01 9.944677397492653892e-01 1.474734591517213422e+00
8.574999999999999289e+00 1.026626905522232347e+00 9.686392476073820701e-01 9.954192290892233119e-01 1.400902781632325178e+00
8.625000000000000000e+00 1.022810633789307033e+00 9.773634112558865494e-01 9.966163210703161690e-01 1.376703465260363801e+00
8.675000000000000711e+00 1.026973444783771061e+00 9.733769478041159884e-01 9.978449908734429163e-01 1.250110204131310354e+00
8.725000000000001421e+00 1.013860120502690476e+00 9.768010622337103266e-01 9.985690743748888432e-01 1.462651729906984555e+00
8.775000000000000355e+00 1.019938926997154605e+00 9.806331788741615707e-01 9.991278054092260774e-01 1.299107945044822188e+00
8.824999999999999289e+00 1.016931303655371988e+00 9.830315547574687285e-01 1.000484436035353975e+00 1.437337120614756270e+00
8.875000000000000000e+00 1.015241875959477458e+00 9.833180751986667634e-01 1.000596962761962638e+00 1.345592359797371573e+00
8.925000000000000711e+00 1.011313754376151675e+00 9.871469346979881987e-01 1.000800941139674105e+00 1.666934979347499013e+00
8.975000000000001421e+00 1.007350768856885903e+00 9.871041094605210731e-01 1.001337710599883968e+00 1.478397911381146956e+00
9.025000000000000355e+00 1.009934078358872167e+00 9.902474109706298488e-01 1.001179659342613215e+00 1.359717836692557524e+00
9.074999999999999289e+00 1.001091767319432835e+00 9.934062999874146982e-01 1.001584678345611268e+00 1.503835564496490251e+00
9.125000000000000000e+00 9.963580193346162073e-01 9.951781103891462754e-01 1.001208546348846706e+00 1.423041697869754429e+00
9.175000000000000711e+00 9.990097362956326110e-01 9.998514514050166335e-01 1.001479540623651854e+00 1.393427534022286141e+00
9.225000000000001421e+00 9.936812105794141647e-01 9.967807794872206584e-01 1.001689573063606176e+00 1.364370060998350231e+00
9.275000000000000355e+00 9.954830211718899147e-01 1.001158680848723836e+00 1.001419927310726932e+00 1.342778021104590547e+00
9.324999999999999289e+00 9.944364546789864479e-01 1.004358496343907614e+00 1.000809322467030471e+00 1.396891994233217416e+00
9.375000000000000000e+00 9.859575897958530177e-01 1.006579668892011892e+00 1.000751560414731012e+00 1.314284935826156353e+00
9.425000000000000711e+00 9.798543963379082733e-01 1.007329893804005838e+00 1.000387702289083691e+00 1.394218949243305916e+00
9.475000000000001421e+00 9.849672412489464124e-01 1.005667020115660337e+00 9.999027319351762033e-01 1.459132121331970344e+00
9.525000000000000355e+00 9.861781181313828970e-01 1.006536450948581685e+00 9.999074575103678031e-01 1.424164481409453398e+00
9.575000000000001066e+00 9.781136889203713158e-01 1.008008361771693062e+00 9.993268396662835507e-01 1.311910474900500834e+00
9.625000000000000000e+00 9.826835614660049956e-01 1.007184449258096359e+00 9.994737910578568307e-01 1.195478785238448971e+00
9.675000000000000711e+00 9.786594964974330013e-01 1.008015719207151717e+00 9.991954941997205353e-01 1.246764821474513729e+00
9.725000000000001421e+00 9.785190556810341445e-01 1.014436618043734084e+00 9.989646542967431930e-01 1.177315365788767387e+00
9.775000000000000355e+00 9.758999604356992652e-01 1.010921337507130868e+00 9.993913031253348622e-01 1.246312351296500864e+00
9.825000000000001066e+00 9.811541079414248800e-01 1.004704668622159458e+00 9.988251459317704084e-01 1.307679115850111096e+00
9.875000000000000000e+00 9.829426261557493438e-01 1.008386295699736257e+00 9.990790294681103356e-01 1.154032527913011918e+00
9.925000000000000711e+00 9.843310721808948838e-01 1.007058865844770557e+00 9.993128227295555721e-01 1.136389683193782085e+00
9.975000000000001421e+00 9.840625322517236873e-01 1.007071705201225464e+00 9.996242014225030781e-01 1.178883503524540854e+00
1.002500000000000036e+01 9.861202197204325115e-01 1.004919091756510285e+00 9.993560949437164664e-01 1.143454870142771584e+00
1.007500000000000107e+01 9.863406267871382971e-01 1.004982702792095450e+00 9.996658747814984869e-01 1.237721219964115660e+00
1.012500000000000000e+01 9.894823855837884263e-01 1.003724055045231545e+00 1.000028678694713458e+00 1.138404247325795815e+00
1.017500000000000071e+01 9.921353246490862698e-01 1.000440118680628432e+00 1.000081379184429409e+00 1.052477359953061908e+00
1.022500000000000142e+01 9.920010759704019909e-01 1.000720324852679921e+00 1.000516871915337891e+00 1.047904503160761003e+00
1.027500000000000036e+01 9.929391357122065997e-01 1.001816245526080618e+00 1.000943852352986996e+00 1.144887733301400257e+00
1.032500000000000107e+01 9.908634773156722586e-01 1.000911522431289002e+00 1.001194297544192979e+00 1.033289797881667749e+00
1.037500000000000000e+01 9.945123969440446965e-01 9.992032322293757929e-01 1.001468750786120188e+00 9.182531336851113002e-01
1.042500000000000071e+01 1.000730463968737993e+00 9.996237642691809810e-01 1.001996112042966125e+00 1.019040317413884456e+00
1.047500000000000142e+01 1.008315056928950515e+00 1.002503239468447882e+00 1.002089412017899139e+00 1.182984319691468666e+00
1.052500000000000036e+01 9.996821569274769725e-01 9.986608883784823254e-01 1.002045221847117418e+00 1.096519915762674824e+00
1.057500000000000107e+01 1.002209842357703051e+00 1.002619820351973612e+00 1.002606338997668711e+00 1.187338866523762526e+00
1.062500000000000000e+01 1.001776512142545705e+00 9.961803783716001170e-01 1.002971500315665843e+00 9.915863797717004990e-01
1.067500000000000071e+01 9.963121098228439054e-01 1.000048058167819942e+00 1.002843446247505987e+00 1.029345208336044371e+00
1.072500000000000142e+01 1.010566161195538104e+00 9.981477441077708512e-01 1.002869227319839629e+00 1.045652460078775547e+00
1.077500000000000036e+01 1.000224449381537983e+00 9.974447659914708053e-01 1.002841167422153790e+00 1.000070592367327871e+00
1.082500000000000107e+01 1.005274145631563920e+00 9.987040252790450046e-01 1.003220934749055715e+00 1.021341214892711902e+00
1.087500000000000000e+01 1.010772923598413087e+00 1.003432356545850945e+00 1.002895780226102262e+00 1.092526097672147367e+00
1.092500000000000071e+01 1.003807056691285116e+00 1.005887346244005887e+00 1.002856189761053285e+00 8.530683777344235663e-01
1.097500000000000142e+01 1.003253374229908346e+00 1.004612796146209019e+00 1.002655465867652529e+00 9.837271321594074358e-01
1.102500000000000036e+01 1.004980568437124688e+00 1.003662840596313055e+00 1.002417808224488782e+00 1.170769345553982488e+00
1.107500000000000107e+01 1.001596789584667802e+00 1.006130878694379005e+00 1.002224105570870494e+00 1.082550183582040582e+00
1.112500000000000000e+01 1.005892134148959949e+00 1.002307978307571013e+00 1.001882421140986024e+00 1.010298962002265322e+00
1.117500000000000071e+01 1.008077653535435658e+00 1.004320475179954819e+00 1.001709636734293918e+00 1.082334373977391406e+00
1.122500000000000142e+01 1.001867328123188905e+00 1.005014585021655193e+00 1.001295661514298274e+00 9.214941369383318204e-01
1.127500000000000036e+01 9.955118160256074544e-01 1.008214259025934201e+00 1.001125490219585412e+00 1.044485541693533914e+00
1.132500000000000107e+01 9.980221796652639643e-01 1.006880117456816937e+00 1.000584426379447001e+00 9.285050095967550821e-01
1.137500000000000000e+01 1.000201535666686681e+00 1.004720504647706569e+00 1.000573361220318480e+00 1.076821529082147011e+00
1.142500000000000071e+01 1.003216917443640943e+00 1.003508860564128691e+00 1.000145821787670197e+00 1.208826983269667421e+00
1.147500000000000142e+01 9.986897125440695744e-01 1.007606988722616892e+00 9.996709204159920370e-01 1.103354659008906280e+00
1.152500000000000036e+01 9.991790378616968171e-01 1.005795642584539573e+00 9.994263446701996401e-01 9.996631796706855200e-01
1.157500000000000107e+01 9.955340387273902136e-01 1.007457693144182320e+00 9.990248829894683436e-01 9.554922473389086957e-01
1.162500000000000000e+01 9.973780899698317937e-01 1.006260592043354496e+00 9.989020735398750350e-01 1.119124765215654627e+00
1.167500000000000071e+01 1.002002261770509550e+00 1.004723740766241713e+00 9.987805373675942011e-01 9.086157802765129077e-01
1.172500000000000142e+01 9.988712698644827137e-01 1.007966722491769662e+00 9.984668427289945525e-01 1.212727016971586469e+00
1.177500000000000036e+01 9.915400482980769592e-01 1.007412384749125422e+00 9.983203359527631493e-01 1.077910294700535898e+00
1.182500000000000107e+01 9.992261736058120070e-01 1.001431933298333909e+00 9.983029056202279428e-01 1.009198932678951888e+00
1.187500000000000000e+01 9.946380056556909377e-01 1.007862688257633588e+00 9.978938110398691830e-01 9.500490374958843187e-01
1.192500000000000071e+01 9.978041431051705157e-01 1.001040776156316481e+00 9.981838466389483244e-01 9.169762460555944683e-01
1.197500000000000142e+01 1.001322966223873179e+00 1.003378312053844201e+00 9.979697214049483289e-01 9.799224563093877904e-01
1.202500000000000036e+01 9.980287065063163654e-01 1.001944692263282866e+00 9.978476570197104545e-01 1.000614657142883335e+00
1.207500000000000107e+01 9.946483826546389517e-01 1.002717823147181164e+00 9.978703926320325879e-01 9.025032129817017745e-01
1.212500000000000000e+01 9.991145794746479902e-01 1.002670579769671555e+00 9.978009978258037815e-01 9.720274154961553448e-01
1.217500000000000071e+01 9.997784462880209277e-01 1.002164494843599707e+00 9.983686531141825471e-01 9.921784397776592934e-01
1.222500000000000142e+01 9.966290653302943836e-01 1.005824427644035346e+00 9.982613616647572075e-01 1.007983823819966096e+00
1.227500000000000036e+01 9.974889691113922874e-01 9.995715332974712819e-01 9.984571757263883685e-01 9.642232664199055225e-01
1.232500000000000107e+01 9.963109168207655575e-01 1.001081236776744765e+00 9.984019710905079892e-01 1.019131625763830984e+00
1.237500000000000000e+01 9.960991054250889487e-01 1.000597667683478464e+00 9.986342727130866903e-01 8.981572011132188393e-01
1.242500000000000071e+01 1.002461435707109327e+00 9.972700528171466461e-01 9.988938525892635534e-01 7.559517432635157741e-01
1.247500000000000142e+01 9.999359829616606410e-01 9.933360611303659882e-01 9.992126621372841022e-01 9.679885352565531509e-01
1.252500000000000036e+01 9.982690298820050545e-01 9.969899277069157462e-01 9.991315470768894480e-01 9.564799647552004735e-01
1.257500000000000107e+01 9.968228448000306940e-01 9.969508694920685699e-01 9.996040833333197373e-01 9.262963012156065767e-01
1.262500000000000000e+01 1.002592987120131562e+00 1.002585515788106507e+00 9.997181231554991276e-01 9.040311750442346916e-01
1.267500000000000071e+01 9.954769079087841810e-01 9.968852834681984909e-01 9.999556904377810973e-01 9.265628680357567148e-01
1.272500000000000142e+01 1.001922047308403396e+00 9.989288203604493876e-01 9.999442082518409380e-01 9.082641967379002645e-01
1.277500000000000036e+01 1.000165600631090390e+00 9.979911213692107541e-01 1.000120739226721289e+00 8.500900470100172246e-01
1.282500000000000107e+01 1.001381725885798435e+00 1.001019719622373572e+00 1.000419194672103718e+00 8.977755332936087074e-01
1.287500000000000000e+01 9.971823801441952462e-01 9.976816681823205135e-01 1.000511948878439084e+00 9.806160748792029924e-01
1.292500000000000071e+01 1.000581283369694985e+00 1.002997853655755778e+00 1.000347824145894293e+00 9.409654211209489416e-01
1.297500000000000142e+01 9.966689672510059550e-01 1.000297770926003249e+00 1.000706304897632792e+00 9.549483355255986572e-01
1.302500000000000036e+01 9.961073376777381805e-01 1.000547163274127183e+00 1.000902658179271265e+00 8.984943499411617296e-01
1.307500000000000107e+01 9.999554472889514711e-01 9.982731815939303033e-01 1.000999232201056577e+00 8.184936611386401939e-01
1.312500000000000000e+01 9.995407084898931815e-01 1.000615669276740061e+00 1.000829223544439595e+00 9.712668202699356046e-01
1.317500000000000071e+01 1.002993387739324005e+00 1.001470343271392949e+00 1.000815091122149392e+00 9.501876522903777156e-01
1.322500000000000142e+01 9.964449798539073422e-01 9.976160905465411011e-01 1.001071711378914930e+00 8.647154532819002482e-01
1.327500000000000036e+01 9.988933618909553447e-01 9.994711357915742056e-01 1.000771931221115185e+00 8.311835061534286195e-01
1.332500000000000107e+01 9.953279208334814276e-01 1.003483597655448145e+00 1.000885786550635537e+00 8.081900140189115511e-01
1.337500000000000000e+01 9.970533991413733643e-01 1.002265766938349456e+00 1.000892071703211705e+00 8.587425872412797201e-01
1.342500000000000071e+01 9.978402122686464981e-01 9.985372956785336651e-01 1.000803246243336941e+00 8.886987547850783153e-01
1.347500000000000142e+01 9.979320651925687180e-01 9.985911926352560863e-01 1.000964208832498814e+00 9.214667233588279549e-01
1.352500000000000036e+01 1.000202205085146012e+00 1.001354489272755055e+00 1.000665162925358675e+00 8.267801798099020383e-01
1.357500000000000107e+01 9.929447435459561877e-01 1.001949836157481455e+00 1.000634918156471098e+00 9.273274415169453500e-01
1.362500000000000000e+01 9.993662034729220434e-01 1.000107120973523056e+00 1.000658453402152315e+00 8.595925980998117000e-01
1.367500000000000071e+01 9.984778469112098875e-01 9.997323520666135943e-01 1.000519111472399469e+00 8.437661578222221959e-01
1.372500000000000142e+01 9.993396496604317614e-01 1.006242982766638816e+00 1.000609622726096770e+00 9.387774416407775879e-01
1.377500000000000036e+01 1.000601967023944772e+00 1.002189775834162466e+00 1.000322964539885673e+00 9.037330777523634451e-01
1.382500000000000107e+01 9.996516606769193514e-01 1.003097188458637046e+00 1.000276254488865257e+00 8.224406278240944390e-01
1.387500000000000000e+01 1.000520033015285915e+00 1.002886096341066402e+00 1.000499681777791139e+00 8.010593482053822711e-01
1.392500000000000071e+01 9.991699662361875900e-01 1.002025737746331302e+00 1.000220607645491810e+00 7.461854591020928851e-01
1.397500000000000142e+01 9.971855207860441661e-01 1.001185531191183253e+00 1.000058016063081201e+00 9.237828908210062862e-01
1.402500000000000036e+01 9.980372805921414736e-01 1.000903933826640335e+00 1.000060937987827137e+00 9.141808625329136406e-01
1.407500000000000107e+01 9.999338140661182539e-01 1.002287214779139957e+00 1.000312642451647305e+00 8.295512091877332850e-01
1.412500000000000000e+01 9.952964582509662428e-01 9.991970419684073068e-01 9.999059394847855664e-01 8.475637151899373389e-01
1.417500000000000071e+01 9.991154843114959938e-01 1.002905625090347419e+00 9.998322150459262314e-01 7.704742787344404098e-01
1.422500000000000142e+01 1.001602783275765018e+00 1.002306056829172176e+00 9.997874429675555064e-01 8.239188073388120648e-01
1.427500000000000036e+01 1.000898406790622364e+00 1.001862663444563095e+00 1.000061735901947246e+00 9.554906843595886157e-01
1.432500000000000107e+01 1.001038324310121741e+00 1.005129619288779974e+00 1.000048068434138404e+00 8.298655063094064754e-01
1.437500000000000000e+01 1.001036821125927290e+00 1.005877703382583865e+00 9.999768638521920883e-01 8.096951869765045551e-01
1.442500000000000071e+01 9.994946702795253213e-01 1.000713684867968967e+00 1.000008648036140313e+00 8.641840509622963351e-01
1.447500000000000142e+01 1.000109671718128812e+00 1.001379957183502478e+00 9.998454296069158032e-01 8.866422040191636045e-01
1.452500000000000036e+01 9.944045129584817566e-01 1.001584369691333354e+00 9.999086633800168267e-01 8.043471575718119659e-01
1.457500000000000107e+01 9.972412699710915263e-01 1.002062327085380788e+00 1.000055500396874075e+00 8.801232173760561439e-01
1.462500000000000000e+01 1.002549319347379564e+00 1.002499210811303554e+00 1.000038881689974124e+00 8.434936906120356070e-01
1.467500000000000071e+01 9.970785389824322609e-01 1.002373265351590659e+00 1.000009699500398197e+00 8.349907903320203939e-01
1.472500000000000142e+01 1.000979169094085464e+00 1.004002653111282894e+00 9.999696055371279924e-01 9.666361253892066241e-01
1.477500000000000036e+01 9.963487822994773202e-01 1.000669254012652498e+00 1.000030620649696500e+00 8.291814399023267335e-01
1.482500000000000107e+01 1.002979504479680317e+00 1.002302203700343286e+00 9.998038416063996792e-01 8.046333258523900023e-01
1.487500000000000000e+01 9.958337065866278426e-01 1.001487540897839867e+00 1.000004594785727452e+00 9.337841532558676105e-01
1.492500000000000071e+01 9.972558506036320880e-01 1.003369048587803292e+00 9.999407500509486235e-01 9.836715601989284297e-01
1.497500000000000142e+01 9.995555285671241519e-01 1.001318581681381881e+00 9.999494010053305848e-01 8.682505547624920217e-01
1.502500000000000036e+01 9.974927888157508749e-01 1.000982278063435205e+00 1.000110649542873320e+00 9.363330936719079789e-01
1.507500000000000107e+01 9.988205354814168047e-01 9.999838557978614206e-01 9.999368304081327485e-01 9.327523257979317695e-01
1.512500000000000000e+01 1.002930384036321287e+00 9.993593471874605561e-01 1.000017302918473572e+00 8.745396364557052049e-01
1.517500000000000071e+01 9.991971073178386176e-01 1.005622504567796893e+00 1.000068344642820239e+00 8.687861070365954230e-01
1.522500000000000142e+01 9.947205426489408309e-01 1.002357340567811894e+00 9.999920138743527698e-01 9.247383958269689286e-01
1.527500000000000036e+01 1.000106008862728046e+00 1.002811053413137365e+00 1.000159813729993408e+00 8.931750873992858608e-01
1.532500000000000107e+01 9.994472354827683702e-01 1.000801087784950472e+00 9.999287606888526136e-01 9.203153290114075569e-01
1.537500000000000000e+01 1.000282130823789473e+00 9.998287394470058986e-01 1.000009461249792064e+00 8.866320257100470670e-01
1.542500000000000071e+01 1.000990119162753267e+00 9.987978959962077186e-01 9.996847153330600255e-01 8.458577971374551252e-01
1.547500000000000142e+01 9.923590338112133757e-01 1.004139561532972236e+00 9.986246335401314234e-01 9.199652294324179858e-01
1.552500000000000036e+01 9.893667185400835118e-01 9.991075171937349175e-01 9.952228185075385758e-01 8.868746428254776770e-01
1.557500000000000107e+01 9.939572875875309910e-01 9.880908723544008510e-01 9.887016373626139609e-01 8.247345264986353230e-01
1.562500000000000000e+01 9.803480287936954252e-01 9.827161841500158257e-01 9.802006422185225443e-01 7.975147286475433583e-01
1.567500000000000071e+01 9.710212954284509479e-01 9.722741667210994532e-01 9.708725018165195175e-01 8.796755884553493221e-01
1.572500000000000142e+01 9.600546245276024848e-01 9.656988884851964716e-01 9.615090434727572299e-01 9.053938771567057175e-01
1.577500000000000036e+01 9.546100284499950961e-01 9.515640930617975668e-01 9.522011984223197611e-01 8.709508886912057379e-01
1.582500000000000107e+01 9.393573272514496031e-01 9.429380323578343548e-01 9.426914630070026835e-01 7.727285256142298886e-01
1.587500000000000000e+01 9.338038399671423351e-01 9.325847008756136258e-01 9.334842459620399380e-01 7.985833584044157440e-01
1.592500000000000071e+01 9.210982350358000170e-01 9.267330983444913572e-01 9.242857926865771789e-01 8.874909711188804229e-01
1.597500000000000142e+01 9.129335422882871587e-01 9.160506782988808716e-01 9.148550979821948870e-01 7.769508170117706003e-01
1.602499999999999858e+01 9.034058190428257973e-01 9.077069123844520027e-01 9.060334972434719303e-01 8.300762352033275171e-01
1.607500000000000284e+01 9.009330055621489475e-01 8.973959861049330966e-01 8.970165318924666620e-01 8.318332404266519653e-01
1.612500000000000000e+01 8.877334392406334151e-01 8.882692944353460796e-01 8.880313380892222996e-01 7.534032438481359506e-01
1.617500000000000071e+01 8.799686734408752598e-01 8.818985890120234483e-01 8.790604660971435003e-01 7.168908076788559347e-01
1.622500000000000142e+01 8.721649970945060115e-01 8.699483951828032025e-01 8.702718833515907804e-01 7.780725077814057977e-01
1.627499999999999858e+01 8.601423559679091113e-01 8.658049732991389691e-01 8.615079841450640208e-01 8.070185081030321061e-01
1.632500000000000284e+01 8.487106653371573328e-01 8.527545916915950652e-01 8.526036482305423547e-01 8.110194843430335032e-01
1.637500000000000000e+01 8.445570879005263043e-01 8.454097945546261705e-01 8.440169692940420187e-01 7.372359613571759507e-01
1.642500000000000071e+01 8.340906856395496893e-01 8.351015334356697295e-01 8.355188679074444513e-01 7.283401151083351843e-01
1.647500000000000142e+01 8.255124998239717904e-01 8.255410181188199692e-01 8.268564573744150437e-01 6.756642164019456276e-01
1.652499999999999858e+01 8.172015031412567243e-01 8.187583515479199825e-01 8.182203099716810479e-01 6.977471850591331348e-01
1.657500000000000284e+01 8.087848900485539172e-01 8.096171427303698875e-01 8.097057169558922185e-01 7.022132002822599750e-01
1.662500000000000000e+01 8.053965756838425971e-01 7.996682713330978132e-01 8.014090295633944372e-01 6.764526386362766930e-01
1.667500000000000071e+01 7.944622784086826650e-01 7.950597311733080819e-01 7.927817872561113699e-01 7.773310163405710016e-01
1.672500000000000142e+01 7.846573680177610921e-01 7.850447774533868550e-01 7.845735513477767320e-01 7.620471316154719954e-01
1.677499999999999858e+01 7.730930276199955431e-01 7.776084711802287996e-01 7.762912058409657812e-01 7.067282798115811504e-01
1.682500000000000284e+01 7.675458036455368172e-01 7.689655955313291491e-01 7.679328620509531245e-01 7.193612221348218982e-01
1.687500000000000000e+01 7.610428153505619520e-01 7.578938457104323900e-01 7.598939474416445128e-01 6.398304846478336527e-01
1.692500000000000071e+01 7.549689969269423040e-01 7.502463874001201738e-01 7.517165241055852043e-01 7.192002184333000647e-01
1.697500000000000142e+01 7.405308390121029261e-01 7.414999741615202478e-01 7.434947559914130144e-01 7.108368686557563487e-01
1.702499999999999858e+01 7.348029863559643049e-01 7.362060505212921768e-01 7.354372946146954249e-01 6.512025481829282203e-01
1.707500000000000284e+01 7.268461868925298885e-01 7.285167502491600722e-01 7.274676282921824777e-01 6.637323849691832978e-01
1.712500000000000000e+01 7.189615285145971590e-01 7.201980088281324521e-01 7.195059453147144568e-01 6.050429120419476003e-01
1.717500000000000071e+01 7.112733071049868183e-01 7.111077867395112495e-01 7.117387907435248628e-01 6.136364768848538986e-01
1.722500000000000142e+01 7.027229074764839156e-01 7.045210355681750247e-01 7.036978380785552378e-01 6.201133709068709088e-01
1.727499999999999858e+01 6.965220402805015754e-01 6.967993785282957653e-01 6.958949286212590124e-01 6.285003457207785083e-01
1.732500000000000284e+01 6.855763301022671508e-01 6.894842964976208854e-01 6.880569326009804421e-01 6.129754396773144931e-01
1.737500000000000000e+01 6.799952614803196349e-01 6.820484658775078923e-01 6.805381200446467549e-01 5.838122013138609123e-01
1.742500000000000071e+01 6.692936571421782554e-01 6.738726756171296017e-01 6.726781695214284484e-01 5.922327963320339617e-01
1.747500000000000142e+01 6.623338059779168008e-01 6.659799878188376043e-01 6.649961348680253348e-01 5.635008299604872262e-01
1.752499999999999858e+01 6.558378718886130887e-01 6.600390775867325255e-01 6.573573783895840794e-01 4.827412177349938993e-01
1.757500000000000284e+01 6.504845479455664270e-01 6.512980391713636408e-01 6.497165582526926997e-01 5.108416465314576937e-01
1.762500000000000000e+01 6.406730560429702015e-01 6.426051728214053904e-01 6.423919959368514787e-01 5.098641498648593950e-01
1.767500000000000071e+01 6.334245088915327893e-01 6.349854846175427836e-01 6.347628768997223281e-01 5.374788214100387762e-01
1.772500000000000142e+01 6.259025099768013023e-01 6.292930505617707615e-01 6.274905413936796572e-01 5.192890554955990057e-01
1.777499999999999858e+01 6.177916355467334419e-01 6.217153067074099315e-01 6.199297385675138772e-01 4.711420702061014931e-01
1.782500000000000284e+01 6.126252775003235840e-01 6.130225677269638407e-01 6.128075587539313362e-01 4.572585627369302741e-01
1.787500000000000000e+01 6.028742129346784662e-01 6.076411513189229341e-01 6.052718599482344031e-01 4.397957227058951202e-01
1.792500000000000071e+01 5.953719265598186317e-01 5.973992829212311229e-01 5.980140351885840921e-01 5.188846263212996135e-01
1.797500000000000142e+01 5.904094213358995757e-01 5.900611200254628486e-01 5.908451186322949411e-01 4.330730579504595834e-01
1.802499999999999858e+01 5.841402409196295720e-01 5.849740986394590392e-01 5.836185868607216554e-01 4.380043847016109604e-01
1.807500000000000284e+01 5.778802664255247024e-01 5.764313557170248625e-01 5.764580302542948731e-01 4.847927653596916242e-01
1.812500000000000000e+01 5.684396535258097183e-01 5.680336562730810002e-01 5.693341234731786882e-01 4.748717866737308668e-01
1.817500000000000071e+01 5.600962425151898572e-01 5.629838940319804585e-01 5.623155234752890141e-01 4.001614461470229811e-01
1.822500000000000142e+01 5.549943621245712055e-01 5.563962161371858173e-01 5.553029994668269298e-01 4.642969172214705398e-01
1.827499999999999858e+01 5.509204255349747781e-01 5.487685179798125201e-01 5.481929763087624030e-01 4.314512248129960259e-01
1.832500000000000284e+01 5.413752534416785833e-01 5.433097497128198672e-01 5.412620065050651741e-01 4.202342953808391735e-01
1.837500000000000000e+01 5.351317246325406618e-01 5.343787084768300000e-01 5.343785744505352708e-01 4.867270702017519324e-01
1.842500000000000071e+01 5.267975652870018344e-01 5.278201155802009215e-01 5.275162901050910458e-01 3.700825246397782542e-01
1.847500000000000142e+01 5.184340199750796518e-01 5.217572255151839977e-01 5.206763690495650465e-01 4.204160289580811116e-01
1.852499999999999858e+01 5.142581258440752645e-01 5.144541877088366633e-01 5.139371187845775957e-01 4.060042155237443273e-01
1.857500000000000284e+01 5.058915762288566098e-01 5.093223324170459421e-01 5.071996883584705129e-01 4.020956699437263082e-01
1.862500000000000000e+01 4.992688876362004202e-01 5.023173547912050951e-01 5.004475184147967326e-01 3.913572698992454080e-01
1.867500000000000071e+01 4.935941584894480427e-01 4.932475765402340451e-01 4.936916658208940767e-01 3.875571550323917980e-01
1.872500000000000142e+01 4.862135102903422657e-01 4.877062233989273299e-01 4.870097326327127996e-01 3.736028258119649115e-01
1.877499999999999858e+01 4.779516909027876070e-01 4.807911717773090121e-01 4.804307452031973402e-01 3.800613901054850641e-01
1.882500000000000284e+01 4.756614534282640472e-01 4.748969621167398736e-01 4.738649089273864190e-01 3.410807389876919227e-01
1.887500000000000000e+01 4.677731392824976964e-01 4.682979308594892864e-01 4.673871333505807413e-01 3.710309875545386715e-01
1.892500000000000071e+01 4.607128845117660632e-01 4.626230868930422124e-01 4.607729469936031608e-01 3.723980273332164748e-01
1.897500000000000142e+01 4.547523866545913895e-01 4.563366707817227974e-01 4.543245174858602797e-01 3.952441611528210719e-01
1.902499999999999858e+01 4.470516959925519562e-01 4.498302027101400147e-01 4.479177872990504627e-01 3.553330082883462415e-01
1.907500000000000284e+01 4.400537873636196640e-01 4.413842190693577638e-01 4.414340063439154971e-01 3.501997355817402791e-01
1.912500000000000000e+01 4.349591260187405939e-01 4.349314516853362012e-01 4.349437325777600338e-01 3.548826283621597799e-01
1.917500000000000426e+01 4.300767309402819816e-01 4.281156092899371379e-01 4.287330889272533696e-01 3.854227520908941051e-01
1.922500000000000142e+01 4.211117681931619283e-01 4.233671832548707159e-01 4.224249095063471460e-01 3.222021516726820689e-01
1.927499999999999858e+01 4.146058605123423280e-01 4.165402754426409393e-01 4.161503153425247792e-01 3.045060785059994224e-01
1.932500000000000284e+01 4.092840034532726490e-01 4.109596979793782023e-01 4.098154744459768795e-01 3.204705991885901106e-01
1.937500000000000000e+01 4.034626761787832860e-01 4.051836626534965902e-01 4.035865237584567722e-01 3.204048552000842709e-01
1.942500000000000426e+01 3.955623185068167236e-01 3.976594905934301427e-01 3.974430952566495034e-01 2.935094116705013190e-01
1.947500000000000142e+01 3.900171880693905080e-01 3.919214952807327235e-01 3.913017052950937269e-01 2.825847469427863468e-01
1.952499999999999858e+01 3.840456603371122379e-01 3.854045003056069674e-01 3.851400419338075753e-01 2.639585685926485459e-01
1.957500000000000284e+01 3.793606788835273136e-01 3.800677107715714764e-01 3.791506453492073381e-01 2.719353415554588427e-01
1.962500000000000000e+01 3.731909396497177234e-01 3.730641669704382046e-01 3.730687988112568187e-01 2.550913668428825831e-01
1.967500000000000426e+01 3.672788981374188744e-01 3.660960526798487380e-01 3.669109455249636720e-01 2.845597004557476328e-01
1.972500000000000142e+01 3.605741030955583737e-01 3.614510064836445324e-01 3.609336916388251049e-01 2.678151708814606735e-01
1.977499999999999858e+01 3.533720043385870646e-01 3.556422654510959513e-01 3.550036505927999242e-01 2.893022209099163078e-01
1.982500000000000284e+01 3.490496725868255656e-01 3.492329842638351445e-01 3.491220882741071230e-01 2.620902489475730457e-01
1.987500000000000000e+01 3.435332882054170089e-01 3.428579910929660524e-01 3.432221390314167397e-01 2.637879345511617846e-01
1.992500000000000426e+01 3.374198944716347848e-01 3.368304715175092223e-01 3.373264686837000315e-01 2.879623592674502297e-01
1.997500000000000142e+01 3.320438206854866570e-01 3.315618061865050481e-01 3.314167541453254540e-01 2.805533306766238022e-01
