# r (Angstroms), cation-water g(r), anion-water g(r), water-water g(r), cation-anion g(r)
2.500000000000000139e-02 0.000000000000000000e+00 0.000000000000000000e+00 6.068143248641922401e+04 0.000000000000000000e+00
7.500000000000001110e-02 0.000000000000000000e+00 0.000000000000000000e+00 0.000000000000000000e+00 0.000000000000000000e+00
1.250000000000000000e-01 0.000000000000000000e+00 0.000000000000000000e+00 0.000000000000000000e+00 0.000000000000000000e+00
1.750000000000000167e-01 0.000000000000000000e+00 0.000000000000000000e+00 0.000000000000000000e+00 0.000000000000000000e+00
2.250000000000000056e-01 0.000000000000000000e+00 0.000000000000000000e+00 0.000000000000000000e+00 0.000000000000000000e+00
2.750000000000000222e-01 0.000000000000000000e+00 0.000000000000000000e+00 0.000000000000000000e+00 0.000000000000000000e+00
3.250000000000000666e-01 0.000000000000000000e+00 0.000000000000000000e+00 0.000000000000000000e+00 0.000000000000000000e+00
3.750000000000000000e-01 0.000000000000000000e+00 0.000000000000000000e+00 0.000000000000000000e+00 0.000000000000000000e+00
4.250000000000000444e-01 0.000000000000000000e+00 0.000000000000000000e+00 0.000000000000000000e+00 0.000000000000000000e+00
4.749999999999999778e-01 0.000000000000000000e+00 0.000000000000000000e+00 0.000000000000000000e+00 0.000000000000000000e+00
5.250000000000000222e-01 0.000000000000000000e+00 0.000000000000000000e+00 0.000000000000000000e+00 0.000000000000000000e+00
5.750000000000000666e-01 0.000000000000000000e+00 0.000000000000000000e+00 0.000000000000000000e+00 0.000000000000000000e+00
6.250000000000000000e-01 0.000000000000000000e+00 0.000000000000000000e+00 0.000000000000000000e+00 0.000000000000000000e+00
6.750000000000000444e-01 0.000000000000000000e+00 0.000000000000000000e+00 0.000000000000000000e+00 0.000000000000000000e+00
7.250000000000000888e-01 0.000000000000000000e+00 0.000000000000000000e+00 0.000000000000000000e+00 0.000000000000000000e+00
7.750000000000000222e-01 0.000000000000000000e+00 0.000000000000000000e+00 0.000000000000000000e+00 0.000000000000000000e+00
8.250000000000000666e-01 0.000000000000000000e+00 0.000000000000000000e+00 0.000000000000000000e+00 0.000000000000000000e+00
8.750000000000000000e-01 0.000000000000000000e+00 0.000000000000000000e+00 0.000000000000000000e+00 0.000000000000000000e+00
9.250000000000000444e-01 0.000000000000000000e+00 0.000000000000000000e+00 0.000000000000000000e+00 0.000000000000000000e+00
9.750000000000000888e-01 0.000000000000000000e+00 0.000000000000000000e+00 0.000000000000000000e+00 0.000000000000000000e+00
1.024999999999999911e+00 0.000000000000000000e+00 0.000000000000000000e+00 0.000000000000000000e+00 0.000000000000000000e+00
1.075000000000000178e+00 0.000000000000000000e+00 0.000000000000000000e+00 0.000000000000000000e+00 0.000000000000000000e+00
1.125000000000000000e+00 0.000000000000000000e+00 0.000000000000000000e+00 0.000000000000000000e+00 0.000000000000000000e+00
1.175000000000000266e+00 0.000000000000000000e+00 0.000000000000000000e+00 0.000000000000000000e+00 0.000000000000000000e+00
1.225000000000000089e+00 0.000000000000000000e+00 0.000000000000000000e+00 0.000000000000000000e+00 0.000000000000000000e+00
1.274999999999999911e+00 0.000000000000000000e+00 0.000000000000000000e+00 0.000000000000000000e+00 0.000000000000000000e+00
1.325000000000000178e+00 0.000000000000000000e+00 0.000000000000000000e+00 0.000000000000000000e+00 0.000000000000000000e+00
1.375000000000000000e+00 0.000000000000000000e+00 0.000000000000000000e+00 0.000000000000000000e+00 0.000000000000000000e+00
1.425000000000000266e+00 0.000000000000000000e+00 0.000000000000000000e+00 0.000000000000000000e+00 0.000000000000000000e+00
1.475000000000000089e+00 0.000000000000000000e+00 0.000000000000000000e+00 0.000000000000000000e+00 0.000000000000000000e+00
1.524999999999999911e+00 0.000000000000000000e+00 0.000000000000000000e+00 0.000000000000000000e+00 0.000000000000000000e+00
1.575000000000000178e+00 0.000000000000000000e+00 0.000000000000000000e+00 0.000000000000000000e+00 0.000000000000000000e+00
1.625000000000000000e+00 0.000000000000000000e+00 0.000000000000000000e+00 0.000000000000000000e+00 0.000000000000000000e+00
1.675000000000000266e+00 0.000000000000000000e+00 0.000000000000000000e+00 0.000000000000000000e+00 0.000000000000000000e+00
1.725000000000000089e+00 0.000000000000000000e+00 0.000000000000000000e+00 0.000000000000000000e+00 0.000000000000000000e+00
1.774999999999999911e+00 1.810570759957409129e-03 0.000000000000000000e+00 0.000000000000000000e+00 0.000000000000000000e+00
1.825000000000000178e+00 2.318214318833590470e-01 0.000000000000000000e+00 0.000000000000000000e+00 0.000000000000000000e+00
1.875000000000000000e+00 3.895578190827709175e+00 0.000000000000000000e+00 0.000000000000000000e+00 0.000000000000000000e+00
1.925000000000000266e+00 1.555487264330878716e+01 0.000000000000000000e+00 0.000000000000000000e+00 0.000000000000000000e+00
1.975000000000000089e+00 2.284192261551083192e+01 0.000000000000000000e+00 0.000000000000000000e+00 0.000000000000000000e+00
2.025000000000000355e+00 1.692230140795740567e+01 0.000000000000000000e+00 0.000000000000000000e+00 0.000000000000000000e+00
2.075000000000000178e+00 7.941763016935754926e+00 0.000000000000000000e+00 0.000000000000000000e+00 0.000000000000000000e+00
2.125000000000000000e+00 2.792846888278590178e+00 0.000000000000000000e+00 0.000000000000000000e+00 0.000000000000000000e+00
2.174999999999999822e+00 8.278624885380864162e-01 0.000000000000000000e+00 0.000000000000000000e+00 0.000000000000000000e+00
2.225000000000000089e+00 2.228114126533592976e-01 0.000000000000000000e+00 0.000000000000000000e+00 0.000000000000000000e+00
2.275000000000000355e+00 6.085900916789031140e-02 0.000000000000000000e+00 0.000000000000000000e+00 1.540254710894411929e-03
2.325000000000000178e+00 1.634524616217195025e-02 0.000000000000000000e+00 0.000000000000000000e+00 2.857273993085432048e-02
2.375000000000000000e+00 4.424617401369522300e-03 0.000000000000000000e+00 8.223999935823252317e-06 2.275387861586337379e-01
2.425000000000000266e+00 1.664548054403186452e-03 0.000000000000000000e+00 9.982378778942736786e-04 9.660397827581019836e-01
2.475000000000000089e+00 4.338873031797761941e-04 0.000000000000000000e+00 2.058584704520372705e-02 2.560973949010976192e+00
2.525000000000000355e+00 1.931856691706667283e-04 0.000000000000000000e+00 1.621834609278491324e-01 4.628841259792173091e+00
2.575000000000000178e+00 4.888325919001425176e-05 0.000000000000000000e+00 6.386588272989666137e-01 6.222086594064049514e+00
2.625000000000000000e+00 0.000000000000000000e+00 0.000000000000000000e+00 1.537204955234260151e+00 6.831577272378917876e+00
2.675000000000000266e+00 1.811874197624052736e-05 0.000000000000000000e+00 2.595099464325912653e+00 6.340731339967681457e+00
2.725000000000000089e+00 0.000000000000000000e+00 0.000000000000000000e+00 3.366374775991445301e+00 5.187189172792123770e+00
2.775000000000000355e+00 0.000000000000000000e+00 0.000000000000000000e+00 3.568172477612271631e+00 3.849746101323104241e+00
2.825000000000000178e+00 0.000000000000000000e+00 0.000000000000000000e+00 3.222163518735520427e+00 2.652220084589740789e+00
2.875000000000000000e+00 0.000000000000000000e+00 0.000000000000000000e+00 2.597552774593168134e+00 1.747609424434891423e+00
2.925000000000000266e+00 0.000000000000000000e+00 2.424632509593488959e-04 1.964521042054682365e+00 1.118361550768545820e+00
2.975000000000000089e+00 0.000000000000000000e+00 5.002588753885441573e-03 1.478012173825234532e+00 6.779026106109162786e-01
3.025000000000000355e+00 0.000000000000000000e+00 4.771637648532753295e-02 1.160623976613951225e+00 4.054293944183886000e-01
3.075000000000000178e+00 0.000000000000000000e+00 2.491845143183633871e-01 9.763087305958628725e-01 2.530318514198243163e-01
3.125000000000000000e+00 0.000000000000000000e+00 8.038768281186426945e-01 8.788872698813016138e-01 1.455100732288886201e-01
3.175000000000000266e+00 6.430752969743612215e-06 1.779691592117635501e+00 8.306910077427074324e-01 8.867043732330980033e-02
3.225000000000000089e+00 1.246579900248197161e-05 2.929472114932515137e+00 8.152446964210203761e-01 5.327083403981149046e-02
3.275000000000000355e+00 1.148367302326756069e-04 3.820717741475267104e+00 8.149825380103139505e-01 3.539784093668059406e-02
3.325000000000000178e+00 3.869997763284280419e-04 4.152970827009031751e+00 8.215825381209983513e-01 1.964933479725663665e-02
3.375000000000000000e+00 1.519546608107529917e-03 3.933571196925368163e+00 8.340153116915690612e-01 1.347249606264395473e-02
3.425000000000000266e+00 4.531513199793313004e-03 3.383183545080811427e+00 8.467656230892218749e-01 8.834608661060458848e-03
3.475000000000000089e+00 1.169764349546618086e-02 2.724563157296687521e+00 8.613410632041896831e-01 5.198837956231563973e-03
3.525000000000000355e+00 2.810474912495208866e-02 2.127756976191924387e+00 8.735291159197673405e-01 4.410826826798050666e-03
3.575000000000000178e+00 5.864514373868527641e-02 1.649499916459775894e+00 8.863272453581473309e-01 2.339079189875442610e-03
3.625000000000000000e+00 1.127746740383173546e-01 1.292066741704489985e+00 8.987063614595061090e-01 1.516665928303189250e-03
3.675000000000000266e+00 1.991979993220231449e-01 1.052528628755033946e+00 9.093606908726652449e-01 8.116226175650798199e-04
3.725000000000000089e+00 3.232623091561953599e-01 8.863620600930570692e-01 9.203572474864095687e-01 1.149062760118342574e-03
3.775000000000000355e+00 4.909895502045179549e-01 7.825386201588661050e-01 9.345762919193912888e-01 6.293396444965685538e-04
3.825000000000000178e+00 6.908881383332176052e-01 7.193609214285914266e-01 9.631123886518540012e-01 5.448836366899405910e-04
3.875000000000000000e+00 9.257945522317769793e-01 6.863244336755738306e-01 1.016777490355954106e+00 7.300054255439874596e-04
3.925000000000000266e+00 1.171941849141436620e+00 6.741784793424558941e-01 1.071497782708805024e+00 2.587364637141040431e-03
3.975000000000000089e+00 1.426754183465180459e+00 6.718282348831829953e-01 1.094622371858136045e+00 8.892460862563296431e-03
4.025000000000000355e+00 1.649318997119531449e+00 6.832771228674640041e-01 1.077011840921420216e+00 2.583418576676492842e-02
4.075000000000000178e+00 1.836889616374991707e+00 7.036430133591476954e-01 1.041164021040098975e+00 5.928968074253985338e-02
4.125000000000000000e+00 1.958143425242232283e+00 7.234133994233543641e-01 1.017710259714022181e+00 1.389720158199699018e-01
4.175000000000000711e+00 2.020392971319702635e+00 7.507116716156146952e-01 1.007406297818682628e+00 2.734990754697343429e-01
4.224999999999999645e+00 2.015764060209101594e+00 7.806573452034712979e-01 1.007006662545141928e+00 4.834954432747802788e-01
4.275000000000000355e+00 1.950510115370209796e+00 8.099111765626186843e-01 1.009171478807260103e+00 7.902489825004036517e-01
4.325000000000000178e+00 1.833629448281179020e+00 8.425239165704749844e-01 1.012621524068956447e+00 1.137215136398608717e+00
4.375000000000000000e+00 1.685183674692876554e+00 8.777118962628166488e-01 1.014097594497496813e+00 1.539581549376058289e+00
4.425000000000000711e+00 1.516064404837620838e+00 9.143975226558783698e-01 1.014466497825772029e+00 1.902657742701892918e+00
4.474999999999999645e+00 1.348132617154355284e+00 9.597884449136253604e-01 1.013665314870277223e+00 2.213683877640457709e+00
4.525000000000000355e+00 1.193328731060328662e+00 1.010795326987297127e+00 1.011489985390485291e+00 2.486921954125621781e+00
4.575000000000000178e+00 1.057814464776811514e+00 1.061142425268362111e+00 1.008678479135016293e+00 2.789505569189750567e+00
4.625000000000000000e+00 9.495336472139669359e-01 1.100587002031377493e+00 1.005012528612067690e+00 3.023569178648526368e+00
4.675000000000000711e+00 8.692940384922019925e-01 1.130893784534447555e+00 9.993669159437627014e-01 3.265911107869876151e+00
4.724999999999999645e+00 8.124705095805995203e-01 1.145027477593281606e+00 9.936158651377154927e-01 3.473939046642986472e+00
4.775000000000000355e+00 7.808822724413042593e-01 1.145148901563461052e+00 9.868395050616156627e-01 3.600863219324900388e+00
4.825000000000001066e+00 7.613432267316941893e-01 1.144743728750635237e+00 9.822973431608300610e-01 3.637911665425574981e+00
4.875000000000000000e+00 7.581656084231466197e-01 1.144897035081673620e+00 9.757905634397612271e-01 3.574782749695098794e+00
4.925000000000000711e+00 7.596766610436483935e-01 1.142878521379691703e+00 9.697920697734697670e-01 3.395257491410893724e+00
4.974999999999999645e+00 7.703429875012826056e-01 1.145742251142621848e+00 9.649396596269564919e-01 3.170615502161183930e+00
5.025000000000000355e+00 7.795327711421994321e-01 1.142107227767187538e+00 9.591006558289973949e-01 2.842434027443492717e+00
5.075000000000001066e+00 7.951469615438024885e-01 1.138406169361758646e+00 9.558758392975295060e-01 2.513351626364444424e+00
5.125000000000000000e+00 8.097299719787048877e-01 1.134610444664959417e+00 9.520628610327045438e-01 2.153901565387873251e+00
5.175000000000000711e+00 8.216380827207113713e-01 1.126561628478944588e+00 9.514116466649702453e-01 1.804569568908850563e+00
5.224999999999999645e+00 8.373443190073110998e-01 1.121952626578430090e+00 9.532880781378105794e-01 1.515164099877717829e+00
5.275000000000000355e+00 8.522054065095648889e-01 1.113234548900435827e+00 9.553089203426781140e-01 1.261208879652488957e+00
5.325000000000001066e+00 8.639696459097666592e-01 1.104693690038378362e+00 9.586559441632696021e-01 1.071760005729322174e+00
5.375000000000000000e+00 8.756600572217527745e-01 1.094281685186605513e+00 9.594678767310801382e-01 9.057690875347286230e-01
5.425000000000000711e+00 8.871293300698487316e-01 1.085429760288567858e+00 9.563643437039121009e-01 7.973230323800595265e-01
5.474999999999999645e+00 9.018244584429586652e-01 1.072719521813904509e+00 9.505571194500873622e-01 7.230874184263174076e-01
5.525000000000000355e+00 9.092315744006898015e-01 1.063870046859477947e+00 9.417939121814262737e-01 6.769898904964828379e-01
5.575000000000001066e+00 9.214226379492657104e-01 1.052476537174303450e+00 9.309683196493233615e-01 6.511465248149971297e-01
5.625000000000000000e+00 9.300266799194850664e-01 1.045090144766791074e+00 9.239923578584322561e-01 6.340790763996654311e-01
5.675000000000000711e+00 9.403818629468372325e-01 1.038735520661225209e+00 9.209883681347199591e-01 6.307834944592076720e-01
5.724999999999999645e+00 9.501143460072427605e-01 1.034495552442684430e+00 9.208873900075533747e-01 6.507039741057792925e-01
5.775000000000000355e+00 9.573195423555752592e-01 1.035230932828847594e+00 9.265561323329086774e-01 6.690063585045482597e-01
5.825000000000001066e+00 9.640409664922047206e-01 1.036974241627643956e+00 9.339638238997277631e-01 6.807133603073289851e-01
5.875000000000000000e+00 9.693910404095189559e-01 1.036875404382615384e+00 9.439074952848073297e-01 7.205668180959773350e-01
5.925000000000000711e+00 9.698221869262634298e-01 1.034194650253839054e+00 9.546434838875973439e-01 7.583024810637613022e-01
5.974999999999999645e+00 9.720606823625700388e-01 1.025202432903707717e+00 9.663001103337012232e-01 7.987546795709606906e-01
6.025000000000000355e+00 9.668714618958135221e-01 1.006595606396775811e+00 9.779541077940872018e-01 8.373808778886878690e-01
6.075000000000001066e+00 9.654779653022209640e-01 9.844233543739370207e-01 9.881018517631363629e-01 8.742814373891838464e-01
6.125000000000000000e+00 9.624336271462318182e-01 9.578898519245280241e-01 9.975936565132157430e-01 9.213453831072505595e-01
6.175000000000000711e+00 9.576420598372465953e-01 9.337178396218819287e-01 1.006993681189256584e+00 9.531868272821083510e-01
6.224999999999999645e+00 9.530486027856535092e-01 9.146607635192801622e-01 1.015126411483412872e+00 9.970055974685817501e-01
6.275000000000000355e+00 9.498409152259579269e-01 8.985275530526141141e-01 1.021982422581425576e+00 1.047992837209289041e+00
6.325000000000001066e+00 9.437696357397032942e-01 8.886023139870289356e-01 1.028191395264045571e+00 1.079115718774658506e+00
6.375000000000000000e+00 9.433924545014352736e-01 8.891405412787930507e-01 1.032230495903463385e+00 1.116125293076283276e+00
6.425000000000000711e+00 9.409528006641173503e-01 8.917663567187973372e-01 1.035287835751366403e+00 1.160691784056112397e+00
6.474999999999999645e+00 9.370809969384736871e-01 8.996635649829162196e-01 1.038136050656029097e+00 1.167697156874485831e+00
6.525000000000000355e+00 9.353866621137858495e-01 9.075559847001236635e-01 1.039904144091763349e+00 1.194223670714594121e+00
6.575000000000001066e+00 9.318373129045598446e-01 9.191427641354885658e-01 1.040047687120611464e+00 1.218566560091862039e+00
6.625000000000000000e+00 9.289114503507720499e-01 9.313972639001085740e-01 1.038874676554201404e+00 1.235502449694397376e+00
6.675000000000000711e+00 9.257093712715226408e-01 9.433290438574934988e-01 1.037086131282016987e+00 1.258326774671540083e+00
6.724999999999999645e+00 9.254709373724161470e-01 9.554773122269955010e-01 1.035236284343057811e+00 1.264936373739294462e+00
6.775000000000000355e+00 9.223832127460698249e-01 9.665815273014409792e-01 1.032680223009582177e+00 1.274753256167944659e+00
6.825000000000001066e+00 9.195242823834725021e-01 9.757023405732605514e-01 1.029047849080274135e+00 1.282072601166542647e+00
6.875000000000000000e+00 9.188670653306602043e-01 9.865838082215937499e-01 1.027140608271366107e+00 1.283247079069676388e+00
6.925000000000000711e+00 9.176543466519555547e-01 9.946374289655995904e-01 1.024654456144865389e+00 1.286332067583324523e+00
6.974999999999999645e+00 9.178209441297463522e-01 1.003175047290633115e+00 1.022022903257833848e+00 1.279959220129891495e+00
7.025000000000000355e+00 9.200730493631398277e-01 1.008418688977076094e+00 1.019981057354418796e+00 1.273697411616510511e+00
7.075000000000001066e+00 9.240569981893876905e-01 1.016846436370045792e+00 1.017701196945364872e+00 1.266767447138037017e+00
7.125000000000000000e+00 9.280291615773473834e-01 1.020679094598831327e+00 1.014560726090851794e+00 1.260219949854005650e+00
7.175000000000000711e+00 9.340741912965567773e-01 1.024552715903070288e+00 1.011394310458610057e+00 1.243452743006303818e+00
7.224999999999999645e+00 9.417648974747578894e-01 1.031097917735566361e+00 1.009737153835965850e+00 1.218265064158587707e+00
7.275000000000000355e+00 9.507943122966434624e-01 1.036700680292270027e+00 1.007401469212958700e+00 1.192727381334042880e+00
7.325000000000001066e+00 9.605933656992945435e-01 1.037749459329760038e+00 1.005168392381835307e+00 1.161419335144628473e+00
7.375000000000000000e+00 9.727350207496947565e-01 1.039601279109634069e+00 1.002633464889668202e+00 1.141419205870045861e+00
7.425000000000000711e+00 9.820789223373254107e-01 1.042806754978776063e+00 1.000089118820669087e+00 1.100919320752926645e+00
7.474999999999999645e+00 9.914718002211575509e-01 1.044048751555133991e+00 9.989019257020534948e-01 1.063359063038570085e+00
7.525000000000000355e+00 1.004710092007292221e+00 1.044015208152146545e+00 9.966603363364798795e-01 1.021205916177553741e+00
7.575000000000001066e+00 1.015729706299437263e+00 1.043897220934184800e+00 9.954547031329953333e-01 9.817713199700750515e-01
7.625000000000000000e+00 1.026094960710989046e+00 1.042411951186555497e+00 9.942040179366218311e-01 9.483531892749454961e-01
7.675000000000000711e+00 1.034787446589554794e+00 1.040065014769784524e+00 9.925506557815954034e-01 9.147554440922843755e-01
7.724999999999999645e+00 1.042666672512035486e+00 1.036717413718364567e+00 9.920160723331211683e-01 8.942856538966545976e-01
7.775000000000000355e+00 1.049482936898306740e+00 1.033668284536193749e+00 9.913086635551268122e-01 8.762926775441295391e-01
7.825000000000001066e+00 1.053134165501592001e+00 1.028367130820480702e+00 9.906143097652158058e-01 8.630304306698525219e-01
7.875000000000000000e+00 1.057416389368518894e+00 1.027071869327844889e+00 9.902474063906323565e-01 8.516401498548110682e-01
7.925000000000000711e+00 1.059811162460856160e+00 1.023964864965210220e+00 9.895241475591302072e-01 8.361361352606759834e-01
7.974999999999999645e+00 1.058109132981993827e+00 1.019204059725542288e+00 9.891210042012323900e-01 8.363389693136523695e-01
8.025000000000000355e+00 1.054770603188763145e+00 1.015625054701645658e+00 9.891000823024309607e-01 8.369824763016929792e-01
8.074999999999999289e+00 1.056331770538909476e+00 1.011516915132271821e+00 9.890937960962489228e-01 8.430476889283839981e-01
8.125000000000000000e+00 1.054138405005449197e+00 1.007876527327383975e+00 9.892268223634843594e-01 8.480704432177746943e-01
8.175000000000000711e+00 1.049449830374594494e+00 1.003765695203488129e+00 9.888250373027194229e-01 8.488667460614899296e-01
8.225000000000001421e+00 1.042606415337178793e+00 1.000674226081200935e+00 9.899883016597316177e-01 8.632212629692147532e-01
8.275000000000000355e+00 1.037184250515546635e+00 9.972767456535385211e-01 9.901931657148660415e-01 8.769496176941085075e-01
8.324999999999999289e+00 1.033839967313210817e+00 9.956478997514476292e-01 9.913374779789456692e-01 8.905313114727689827e-01
8.375000000000000000e+00 1.026056676554902181e+00 9.932501207531460041e-01 9.922204762033901559e-01 8.933415768080753550e-01
8.425000000000000711e+00 1.022689197914673276e+00 9.909115662420681092e-01 9.928608210316054450e-01 8.981705919308315966e-01
8.475000000000001421e+00 1.017902574123584314e+00 9.890950154450794951e-01 9.942686966220161127e-01 9.221225517027094032e-01
8.525000000000000355e+00 1.010644773613182945e+00 9.858960406077419414e-01 9.949972493325414113e-01 9.224715556266511740e-01
8.574999999999999289e+00 1.008780758786248732e+00 9.850925514744750533e-01 9.957257327202154729e-01 9.390531700858759656e-01
8.625000000000000000e+00 1.004261899961892635e+00 9.838187255867284486e-01 9.969192654719893909e-01 9.435485873786678690e-01
8.675000000000000711e+00 1.000346716833299343e+00 9.816705654244045620e-01 9.981775162610442287e-01 9.536383974532056662e-01
8.725000000000001421e+00 9.966688089229780445e-01 9.796397343091940435e-01 9.989827098940388117e-01 9.624145666858573422e-01
8.775000000000000355e+00 9.953862284812188266e-01 9.796943912622088080e-01 9.994096353674781774e-01 9.676292520078467740e-01
8.824999999999999289e+00 9.938322466093215679e-01 9.800128818143657439e-01 1.000336936144675670e+00 9.713591790087692246e-01
8.875000000000000000e+00 9.902862279486195352e-01 9.789908413755968875e-01 1.000513785663758259e+00 9.792833578604536182e-01
8.925000000000000711e+00 9.899839540275707783e-01 9.787687894366676744e-01 1.001087151390493313e+00 9.787002283739557607e-01
8.975000000000001421e+00 9.879690386125123958e-01 9.786583019219033952e-01 1.001429442001085635e+00 9.816321841269053383e-01
9.025000000000000355e+00 9.873943905544585453e-01 9.791666942647471172e-01 1.001564676908515361e+00 9.894064861436758784e-01
9.074999999999999289e+00 9.866291268585665186e-01 9.805892359614107878e-01 1.002201171737016727e+00 9.902710813422326286e-01
9.125000000000000000e+00 9.881741031330094627e-01 9.834264514523474165e-01 1.001834515012192117e+00 9.865095843032394285e-01
9.175000000000000711e+00 9.855507717770392029e-01 9.820468335788032910e-01 1.001890179383602142e+00 9.880033310552127634e-01
9.225000000000001421e+00 9.891657679813503634e-01 9.834155394116325111e-01 1.002265232055200128e+00 9.828610482369990464e-01
9.275000000000000355e+00 9.903149178374551775e-01 9.845511610818716841e-01 1.002092870059900331e+00 9.842125621224429022e-01
9.324999999999999289e+00 9.902434545085602169e-01 9.867615014133918061e-01 1.001949303918351353e+00 9.808488172390886772e-01
9.375000000000000000e+00 9.928484675068308674e-01 9.872136531228169476e-01 1.001828461842670936e+00 9.805392537308552647e-01
9.425000000000000711e+00 9.929372417704140918e-01 9.896834983999399649e-01 1.001649697868232991e+00 9.766024607250760603e-01
9.475000000000001421e+00 9.941466002337936425e-01 9.891196840517666455e-01 1.001703339703086781e+00 9.726051362938900047e-01
9.525000000000000355e+00 9.968350391648289621e-01 9.907589377824337351e-01 1.001909554869640617e+00 9.692088596898776887e-01
9.575000000000001066e+00 9.986821121602628137e-01 9.928782504326725267e-01 1.001797681617620173e+00 9.687106777141772929e-01
9.625000000000000000e+00 9.998346004846875301e-01 9.929593524975528496e-01 1.002010664104011184e+00 9.651263551960291842e-01
9.675000000000000711e+00 1.001515275869037547e+00 9.948805824924996655e-01 1.002019904810372841e+00 9.650240893829222788e-01
9.725000000000001421e+00 1.005536494061705755e+00 9.962263200421530573e-01 1.002204157491249248e+00 9.592568614831044060e-01
9.775000000000000355e+00 1.006764357943642274e+00 9.970220220163131808e-01 1.002054508384289777e+00 9.509391198139703905e-01
9.825000000000001066e+00 1.008079070526315180e+00 9.967009717288585202e-01 1.002290644100345185e+00 9.524237944094138264e-01
9.875000000000000000e+00 1.008864211923368170e+00 9.977519492945489121e-01 1.002776474957347563e+00 9.437129238017852861e-01
9.925000000000000711e+00 1.010930205742487820e+00 9.967331989589118812e-01 1.002324135645831227e+00 9.451135706059400343e-01
9.975000000000001421e+00 1.012646179589437256e+00 1.000276638639578941e+00 1.002943003170663649e+00 9.464588125843425015e-01
1.002500000000000036e+01 1.014859539063107441e+00 9.997658577454952011e-01 1.002567569836698480e+00 9.386278647902277505e-01
1.007500000000000107e+01 1.016038447954857427e+00 1.000529635552499075e+00 1.002800174865491778e+00 9.354900398503380732e-01
1.012500000000000000e+01 1.015947564065522002e+00 1.001135379864434238e+00 1.003134388502728180e+00 9.269830660092227559e-01
1.017500000000000071e+01 1.015071770866251999e+00 1.000913248691139401e+00 1.003131612988358290e+00 9.349991830027805095e-01
1.022500000000000142e+01 1.015632151921748605e+00 1.002032468418520006e+00 1.002229197276642614e+00 9.355611847020912641e-01
1.027500000000000036e+01 1.017029457103003853e+00 1.001739042833362126e+00 1.002511702505267888e+00 9.360302375708540179e-01
1.032500000000000107e+01 1.015721472041374529e+00 1.000840274466156199e+00 1.002627454536253460e+00 9.432607751325219336e-01
1.037500000000000000e+01 1.016294527826757887e+00 1.002362236248918848e+00 1.002891837612952530e+00 9.380144839637727383e-01
1.042500000000000071e+01 1.015384864948934318e+00 1.001289140479665551e+00 1.002036167034180636e+00 9.439565723238899642e-01
1.047500000000000142e+01 1.013669891134042045e+00 1.002124241275328398e+00 1.002702669963428495e+00 9.402976194090425510e-01
1.052500000000000036e+01 1.013436814517892692e+00 1.001489125972192085e+00 1.002152557749887318e+00 9.442488483075934802e-01
1.057500000000000107e+01 1.014278139816705115e+00 1.001308998660001448e+00 1.002348995839925649e+00 9.495805154045751095e-01
1.062500000000000000e+01 1.011512797850231404e+00 1.001521741920706532e+00 1.001708784687158404e+00 9.536315247748330393e-01
1.067500000000000071e+01 1.011504044605082475e+00 1.001799497567293029e+00 1.001684979710306012e+00 9.578100028572519298e-01
1.072500000000000142e+01 1.009011142847582754e+00 1.000916870823108429e+00 1.001480548666356274e+00 9.541328895134534305e-01
1.077500000000000036e+01 1.007941898584545415e+00 1.002335852837695551e+00 1.001362628792364928e+00 9.563964225938001995e-01
1.082500000000000107e+01 1.008418809059967280e+00 1.000380451995404929e+00 1.000778249269384190e+00 9.655423441167354515e-01
1.087500000000000000e+01 1.006722469108341844e+00 1.001039529913357651e+00 1.001319227159260583e+00 9.649248875648200885e-01
1.092500000000000071e+01 1.005275576994179687e+00 1.000087741547133202e+00 1.001178222232097959e+00 9.637522678903435169e-01
1.097500000000000142e+01 1.004884231796329797e+00 1.000243551442485002e+00 1.000403107047235673e+00 9.711981247547530893e-01
1.102500000000000036e+01 1.003699681539398592e+00 1.000952738130361785e+00 1.000576099106381456e+00 9.721568649866220158e-01
1.107500000000000107e+01 1.003317375739764872e+00 9.998261675232944512e-01 1.000244665599044014e+00 9.720188091700120436e-01
1.112500000000000000e+01 1.004127048476646689e+00 9.998754422230029526e-01 1.000102455755647490e+00 9.799599661995008759e-01
1.117500000000000071e+01 1.003458163053854824e+00 9.992289439066337486e-01 1.000083451349399910e+00 9.793895837527009096e-01
1.122500000000000142e+01 1.002151641051976183e+00 9.997854584666342470e-01 9.997625570227841596e-01 9.797078726596955001e-01
1.127500000000000036e+01 1.002752293519358684e+00 9.996125541234720524e-01 9.999918729397602180e-01 9.813224407807920047e-01
1.132500000000000107e+01 1.001558468221587672e+00 9.985343404422634128e-01 9.996421324469906278e-01 9.789544230379055856e-01
1.137500000000000000e+01 1.002989716730361858e+00 9.989066571641134207e-01 9.997073933152099690e-01 9.814574213023001814e-01
1.142500000000000071e+01 1.004639197722184241e+00 9.989032084010994739e-01 9.993172796004378133e-01 9.881238761564490325e-01
1.147500000000000142e+01 1.003150781257823754e+00 9.981046927259537016e-01 9.991663364697431771e-01 9.852377637563586310e-01
1.152500000000000036e+01 1.004488405378188620e+00 9.997649335439160456e-01 9.994562348369100402e-01 9.923951413762335250e-01
1.157500000000000107e+01 1.002754982541945505e+00 9.988824458963727615e-01 9.988926893854408462e-01 9.869639089209817362e-01
1.162500000000000000e+01 1.002787612215090718e+00 9.981433758073807727e-01 9.990298911941856153e-01 9.851655321726435766e-01
1.167500000000000071e+01 1.004777100705900317e+00 9.989994856535746592e-01 9.991361195301247111e-01 9.925221988477218593e-01
1.172500000000000142e+01 1.003414234980998909e+00 9.990768766199986661e-01 9.988786955143174051e-01 9.906932601684592665e-01
1.177500000000000036e+01 1.005364444251318323e+00 9.991435809768417498e-01 9.991262750801729320e-01 9.955651954063555742e-01
1.182500000000000107e+01 1.003397873882800662e+00 9.995712147330939601e-01 9.986040274069177825e-01 9.957869880320986411e-01
1.187500000000000000e+01 1.004263321546647436e+00 1.000306998689775684e+00 9.984829436143506376e-01 9.889878808915588682e-01
1.192500000000000071e+01 1.003832201061851670e+00 9.986261676169720936e-01 9.990722276897633369e-01 9.919519703215371464e-01
1.197500000000000142e+01 1.005787760792638208e+00 9.996721451753692866e-01 9.988371226502139599e-01 9.912394689564096861e-01
1.202500000000000036e+01 1.004966062473197308e+00 9.988987328039471425e-01 9.990521307409253593e-01 9.952113695290717432e-01
1.207500000000000107e+01 1.003187542248312969e+00 1.000103475614381621e+00 9.988864672614211626e-01 9.890710574203205319e-01
1.212500000000000000e+01 1.003772487724218676e+00 9.992754093978655217e-01 9.991720223962722303e-01 9.952191898442632745e-01
1.217500000000000071e+01 1.003195725595288579e+00 9.994129488162261099e-01 9.993242053496248500e-01 9.983155156854949253e-01
1.222500000000000142e+01 1.003322664652007035e+00 9.998338492634292196e-01 9.994081652912868430e-01 9.903994207536772620e-01
1.227500000000000036e+01 1.002852781593016829e+00 9.995558230589318693e-01 9.996814280647646767e-01 9.940270904477384040e-01
1.232500000000000107e+01 1.003218685325713677e+00 9.993878732719959634e-01 1.000155350417071487e+00 9.988426270578424360e-01
1.237500000000000000e+01 1.002086342378391226e+00 1.001032702614981451e+00 9.995156155862441327e-01 9.976460405902641826e-01
1.242500000000000071e+01 1.002557223482117399e+00 9.996872913379383219e-01 9.997093205921842030e-01 9.960361225885594472e-01
1.247500000000000142e+01 1.002907146141582606e+00 1.000157648148724432e+00 9.999914388305385371e-01 9.961103711244593262e-01
1.252500000000000036e+01 1.002074864090001016e+00 9.999216777499229103e-01 1.000016166131745488e+00 1.001239833464451667e+00
1.257500000000000107e+01 1.000019208442614715e+00 1.000481028613872558e+00 1.000087317227479344e+00 9.983854013947375261e-01
1.262500000000000000e+01 1.000984510358465807e+00 1.000068578201890102e+00 1.000242762666943230e+00 9.961011188052840692e-01
1.267500000000000071e+01 1.001151332159520235e+00 1.000180268663841687e+00 1.000540723204014437e+00 1.000359466394489916e+00
1.272500000000000142e+01 1.000018314706163647e+00 1.000629252024679117e+00 1.000088434424731609e+00 9.912150286386625098e-01
1.277500000000000036e+01 1.000462417358152445e+00 1.000431235244774841e+00 1.000473352458169485e+00 9.924348845160921861e-01
1.282500000000000107e+01 1.000728503171863126e+00 1.000946261737035048e+00 1.000618091322741154e+00 9.994096982822697761e-01
1.287500000000000000e+01 9.991671946352119749e-01 1.000294281054414425e+00 1.000556695935536755e+00 9.915481554204960135e-01
1.292500000000000071e+01 9.997429030885334189e-01 1.000621466350717137e+00 1.000625266664960211e+00 9.988281807829640924e-01
1.297500000000000142e+01 9.992299855001990361e-01 1.000875209599618731e+00 1.000247476328501861e+00 9.980467847396410352e-01
1.302500000000000036e+01 9.997684630827691210e-01 1.000302669912029430e+00 1.000505013016200317e+00 9.963433450767350541e-01
1.307500000000000107e+01 9.978027647467052619e-01 1.000466681602383279e+00 1.000506874512085975e+00 9.966069458639151835e-01
1.312500000000000000e+01 9.975566052420604679e-01 1.000913581809237396e+00 1.000475677677870268e+00 9.936965060340370304e-01
1.317500000000000071e+01 9.983879190736314468e-01 9.997923555015554298e-01 1.000491523886803069e+00 9.982990905128806824e-01
1.322500000000000142e+01 9.984598434205999018e-01 1.000833499019699646e+00 1.000760645647538860e+00 9.978582894320157104e-01
1.327500000000000036e+01 9.972313850414298297e-01 1.001243138823556311e+00 1.000494922666045117e+00 9.958181177414603402e-01
1.332500000000000107e+01 9.964404729878995060e-01 1.000164591459952179e+00 1.000493632299803481e+00 9.970019226989734751e-01
1.337500000000000000e+01 9.974497663721605401e-01 1.000860714882557234e+00 1.000421962949654908e+00 9.964523621454993707e-01
1.342500000000000071e+01 9.973060432006584097e-01 1.001610101737927305e+00 1.000408753805205775e+00 1.000649391019905021e+00
1.347500000000000142e+01 9.985390250731892570e-01 1.001333826990605802e+00 1.000428579796073913e+00 1.000991942262516643e+00
1.352500000000000036e+01 9.968145137513437781e-01 1.001003597729584804e+00 1.000351397040146528e+00 1.000550312908047079e+00
1.357500000000000107e+01 9.978934085206935256e-01 1.001270726453419524e+00 1.000478292355444276e+00 1.001921187101876054e+00
1.362500000000000000e+01 9.990368544427153941e-01 1.001158994233655397e+00 1.000315815707009559e+00 1.001827885124203954e+00
1.367500000000000071e+01 9.983232044781946701e-01 1.000987629404047841e+00 1.000502258686123191e+00 1.003472982475793307e+00
1.372500000000000142e+01 9.995911408476352289e-01 1.001141828263083511e+00 1.000006905900592491e+00 1.005369091421789873e+00
1.377500000000000036e+01 9.992708449122755798e-01 1.001356072771541816e+00 1.000281148707883316e+00 1.002458498597737391e+00
1.382500000000000107e+01 9.993078864541345974e-01 1.001130967504104907e+00 9.998506131954638665e-01 9.969723902632042778e-01
1.387500000000000000e+01 9.984233931301036424e-01 1.001678805345291412e+00 1.000284055411381878e+00 9.987497179144679826e-01
1.392500000000000071e+01 1.000852335314731612e+00 1.000948787751643643e+00 1.000031373352407327e+00 1.001138808010525461e+00
1.397500000000000142e+01 9.989367212403966745e-01 1.001601668244088250e+00 9.997023405618765679e-01 9.980698069239056780e-01
1.402500000000000036e+01 1.000491693910776414e+00 1.001265696879151568e+00 9.999553607298919955e-01 1.000409410435748159e+00
1.407500000000000107e+01 1.000215962244091372e+00 1.001090827533804406e+00 9.998240282907708831e-01 1.005532703032302022e+00
1.412500000000000000e+01 9.997059051343625269e-01 1.000980091971806374e+00 9.996935894832849057e-01 9.979320237069835287e-01
1.417500000000000071e+01 1.000381248800997103e+00 1.002175422851983244e+00 9.998223440883682311e-01 1.001542449921223987e+00
1.422500000000000142e+01 9.994984066226253461e-01 1.001587065681568411e+00 9.996704902313066077e-01 1.001132878108709212e+00
1.427500000000000036e+01 1.000205790061500455e+00 1.001301750329668394e+00 9.995933322103089935e-01 9.982886814298537193e-01
1.432500000000000107e+01 1.000537142278869362e+00 1.001183501856890645e+00 9.996140635783224981e-01 1.002268070288610424e+00
1.437500000000000000e+01 1.000049744050841793e+00 1.001080000318878005e+00 9.995695434901881171e-01 9.991754990978874984e-01
1.442500000000000071e+01 1.001096563143853979e+00 1.002084328842316685e+00 9.997840077464011932e-01 1.000411806682860005e+00
1.447500000000000142e+01 9.997827204090231623e-01 1.001586833369214613e+00 9.996004640397320173e-01 1.003604753814306028e+00
1.452500000000000036e+01 9.998674532403656334e-01 1.001253258139916502e+00 9.997598369299435239e-01 1.001756415070356621e+00
1.457500000000000107e+01 1.000219540324694512e+00 1.002325665605022786e+00 9.995019274267079590e-01 1.002799429061212111e+00
1.462500000000000000e+01 1.001053238367735743e+00 1.001629859765446939e+00 9.994812781398942914e-01 9.972682402582221384e-01
1.467500000000000071e+01 1.000417689105403518e+00 1.001906254496588655e+00 9.996191591362815210e-01 9.967309628943924471e-01
1.472500000000000142e+01 9.994991859638601150e-01 1.001563218631103647e+00 9.995981694548138341e-01 1.001591959379366070e+00
1.477500000000000036e+01 9.996226193867471244e-01 1.002700050683500876e+00 9.996869591363779506e-01 9.986635191082008367e-01
1.482500000000000107e+01 9.998107308813956040e-01 1.000358478312660226e+00 9.995545915147960869e-01 9.983225789432278452e-01
1.487500000000000000e+01 9.994627645780741476e-01 1.001811617305439661e+00 9.999488663302696922e-01 1.001724229193155846e+00
1.492500000000000071e+01 9.995675976810149965e-01 1.000264164218735985e+00 9.997149341071681627e-01 9.976452668591249129e-01
1.497500000000000142e+01 9.985568779102184100e-01 1.000617035703341928e+00 9.997580035130370080e-01 9.991085949028764013e-01
1.502500000000000036e+01 9.991541800910188620e-01 1.001211992127980510e+00 9.997736509137721272e-01 9.979966212432380690e-01
1.507500000000000107e+01 1.000532884947879841e+00 1.000940095795634255e+00 9.996003559341677391e-01 9.988067856578610737e-01
1.512500000000000000e+01 9.995586148285063866e-01 1.000535137594340540e+00 9.998307457631672168e-01 1.002119656481225807e+00
1.517500000000000071e+01 9.996874213242347151e-01 1.000649074192268229e+00 9.998799463516762076e-01 9.998498406419524809e-01
1.522500000000000142e+01 9.996411179436756056e-01 1.000915426629266358e+00 9.996013735537606637e-01 9.994066555004256225e-01
1.527500000000000036e+01 9.991544582288734988e-01 1.001414412252761288e+00 9.997848623977116933e-01 9.987983558543486184e-01
1.532500000000000107e+01 9.990873291636419573e-01 1.000207046468779781e+00 9.996569552979940321e-01 9.979221199257796160e-01
1.537500000000000000e+01 9.992895336993683486e-01 1.001183695552049224e+00 1.000012124749948716e+00 1.001732238349756221e+00
1.542500000000000071e+01 1.000425287901315796e+00 1.000262627489680201e+00 9.999265551718556910e-01 9.991603784188731741e-01
1.547500000000000142e+01 9.995788822024453957e-01 1.000827915909278776e+00 1.000007300809495847e+00 9.951360375306157469e-01
1.552500000000000036e+01 1.000035693026796624e+00 1.001621372163882251e+00 9.996881664522457855e-01 9.971625092852721695e-01
1.557500000000000107e+01 9.992770926941497711e-01 1.000757202507138066e+00 9.997727791221157068e-01 9.986084543032744953e-01
1.562500000000000000e+01 9.988767964942230071e-01 1.001104747728287059e+00 9.999868808628524786e-01 9.962358331392788813e-01
1.567500000000000071e+01 9.992026588457633141e-01 1.000542313096348446e+00 9.998526527073244852e-01 9.989468139571845429e-01
1.572500000000000142e+01 9.994638120696045513e-01 1.000943870970864236e+00 1.000381478371245247e+00 1.000942311418485886e+00
1.577500000000000036e+01 9.989497604355883631e-01 1.000302572553219749e+00 9.999621255038249057e-01 9.969178269761131972e-01
1.582500000000000107e+01 9.993704565720353816e-01 1.000435679001540512e+00 9.998278287079905846e-01 9.955742828746289019e-01
1.587500000000000000e+01 1.000063662916379270e+00 1.001101992890956138e+00 9.998983321107873801e-01 9.982413393463850371e-01
1.592500000000000071e+01 9.994501058635433255e-01 1.000564236388258310e+00 1.000275421055508041e+00 9.948158737143746322e-01
1.597500000000000142e+01 9.983341026378684813e-01 1.000799159610717082e+00 9.998272040345898004e-01 9.975286126916772522e-01
1.602499999999999858e+01 9.988519054947408993e-01 1.000581134073060818e+00 9.999568785875349031e-01 9.938241774488226765e-01
1.607500000000000284e+01 9.997094825298585841e-01 1.000644741434683072e+00 1.000196241190023150e+00 9.966907458086228244e-01
1.612500000000000000e+01 9.994237653511143238e-01 1.000732824076554284e+00 9.999644749457492487e-01 9.958081666250003794e-01
1.617500000000000071e+01 9.999587336355161282e-01 1.000605567925406225e+00 1.000100915522373235e+00 9.936757505547795244e-01
1.622500000000000142e+01 9.998697309647316400e-01 1.001333482311527412e+00 1.000080321533830974e+00 9.935001527250274522e-01
1.627499999999999858e+01 1.000134713807943942e+00 1.000313500893849294e+00 9.999772234161844464e-01 9.957383255907161779e-01
1.632500000000000284e+01 1.000077526812716888e+00 1.000081783674908076e+00 9.998933045459321711e-01 9.964011571696158587e-01
1.637500000000000000e+01 1.000675464458741226e+00 1.000696135455626301e+00 1.000008257117721344e+00 9.949004206282834328e-01
1.642500000000000071e+01 9.998219191388760807e-01 1.000791034308647243e+00 9.998620899141985596e-01 9.969528854933885631e-01
1.647500000000000142e+01 1.000724358427572236e+00 1.000476442496625484e+00 1.000030502500220742e+00 9.951512319389235195e-01
1.652499999999999858e+01 1.000007026418896494e+00 1.000198605695320486e+00 1.000066019046820909e+00 9.919627451179973132e-01
1.657500000000000284e+01 1.000939442489451325e+00 1.000667844730751543e+00 9.997886205199346676e-01 9.937457351672047690e-01
1.662500000000000000e+01 1.000176796959390213e+00 1.000846787783208791e+00 9.998689820564491404e-01 9.943680688031142356e-01
1.667500000000000071e+01 1.000612511201184551e+00 1.000803457019904474e+00 9.999169497928322992e-01 9.922915215278753642e-01
1.672500000000000142e+01 9.996601189175746693e-01 1.000335331781389447e+00 1.000030071781282226e+00 9.967199258605248247e-01
1.677499999999999858e+01 9.988353629605425388e-01 9.996620589541436175e-01 9.993611483538333840e-01 9.901496604437782789e-01
1.682500000000000284e+01 9.967081658613585748e-01 9.969797675621345778e-01 9.966805299918881644e-01 9.891419117056712285e-01
1.687500000000000000e+01 9.910522674830533063e-01 9.904303237789570113e-01 9.902857201228699724e-01 9.834674880779056272e-01
1.692500000000000071e+01 9.825202198084225236e-01 9.830317898486405914e-01 9.822383239662020316e-01 9.780062559182522985e-01
1.697500000000000142e+01 9.734270175984245377e-01 9.734931608760784005e-01 9.731824788986888075e-01 9.665609288818171052e-01
1.702499999999999858e+01 9.650620740071853554e-01 9.652736541201357712e-01 9.644119324438765739e-01 9.596302131053131568e-01
1.707500000000000284e+01 9.560889880337727353e-01 9.565054490014497368e-01 9.558513546316019793e-01 9.477943355049760488e-01
1.712500000000000000e+01 9.481981666666221553e-01 9.481368244055270456e-01 9.470724928267938436e-01 9.403310025515788650e-01
1.717500000000000071e+01 9.384632193131110522e-01 9.390678010915173290e-01 9.386111887984602831e-01 9.304993058375723436e-01
1.722500000000000142e+01 9.307468162111494081e-01 9.305084392681164385e-01 9.303291362481104221e-01 9.205608757070302683e-01
1.727499999999999858e+01 9.220455467324720766e-01 9.219287850579136467e-01 9.217519893527715835e-01 9.140142317617372392e-01
1.732500000000000284e+01 9.139225873556290347e-01 9.136113616542276272e-01 9.130457755878361725e-01 9.040915345869935393e-01
1.737500000000000000e+01 9.058362795155152636e-01 9.053100647354400676e-01 9.048742015221918900e-01 8.956211236377450424e-01
1.742500000000000071e+01 8.968104532851417510e-01 8.968290284057643946e-01 8.965043469146318778e-01 8.888968743357031910e-01
1.747500000000000142e+01 8.885679755266179258e-01 8.886027906103881602e-01 8.880566667403920755e-01 8.842025390623631242e-01
1.752499999999999858e+01 8.802062049199521621e-01 8.807158515107652574e-01 8.800443290851343026e-01 8.734278384209341883e-01
1.757500000000000284e+01 8.724159755841160990e-01 8.720681024913272683e-01 8.716195981473509047e-01 8.661939457262369801e-01
1.762500000000000000e+01 8.640838028215506172e-01 8.638095853739117258e-01 8.637945970076006397e-01 8.553452660921031514e-01
1.767500000000000071e+01 8.559451162747694353e-01 8.556957929543075325e-01 8.556330337994001445e-01 8.477919188626313884e-01
1.772500000000000142e+01 8.483247130476999631e-01 8.479381332243324243e-01 8.474275992639341837e-01 8.381881119499223765e-01
1.777499999999999858e+01 8.401655604526592214e-01 8.395130824474146269e-01 8.394281857978591610e-01 8.322333676657021062e-01
1.782500000000000284e+01 8.326682133319318613e-01 8.312106066663996762e-01 8.314459072854250010e-01 8.235941258236211260e-01
1.787500000000000000e+01 8.245169588310935493e-01 8.236952444256162575e-01 8.235814549302626908e-01 8.183474573630067361e-01
1.792500000000000071e+01 8.162234458249678637e-01 8.161393110173016385e-01 8.156116347309744219e-01 8.081996246361173863e-01
1.797500000000000142e+01 8.084896583950910154e-01 8.081931106558619682e-01 8.079767944752507258e-01 8.001689585132364391e-01
1.802499999999999858e+01 8.006149072521856480e-01 7.998470174020244627e-01 8.000653884565753771e-01 7.932729964194660255e-01
1.807500000000000284e+01 7.929050807650043220e-01 7.916899121205162038e-01 7.921443943248503983e-01 7.890519435815906979e-01
1.812500000000000000e+01 7.852995989385415099e-01 7.845517030157721505e-01 7.845590547365275391e-01 7.773486192731556832e-01
1.817500000000000071e+01 7.775600221880549778e-01 7.766228314283306622e-01 7.770356198971750672e-01 7.688178876394464734e-01
1.822500000000000142e+01 7.707611865803608575e-01 7.697411074325719582e-01 7.691442842980729111e-01 7.637591463360280386e-01
1.827499999999999858e+01 7.625369828494436009e-01 7.617211473301795932e-01 7.616957784470820281e-01 7.560528058376795313e-01
1.832500000000000284e+01 7.556509776885407259e-01 7.539899746488883947e-01 7.540711407027627100e-01 7.459560389126598245e-01
1.837500000000000000e+01 7.475046817849267944e-01 7.465823093899147667e-01 7.467794001705670981e-01 7.379352601875914797e-01
1.842500000000000071e+01 7.398785906945090085e-01 7.394770967435393416e-01 7.393007557716385625e-01 7.347663396584603879e-01
1.847500000000000142e+01 7.327959648111550539e-01 7.316513634362595830e-01 7.317798082578069740e-01 7.262168085655879013e-01
1.852499999999999858e+01 7.246513523677712287e-01 7.246556027117887488e-01 7.245557131283807406e-01 7.192267823982292363e-01
1.857500000000000284e+01 7.179785816309416369e-01 7.168795274574273346e-01 7.170328345774886758e-01 7.092081480669777394e-01
1.862500000000000000e+01 7.103579524478251805e-01 7.101482718265121896e-01 7.097711550697969329e-01 7.027998951841069042e-01
1.867500000000000071e+01 7.037446342525914833e-01 7.022941988617354969e-01 7.026812178683512489e-01 6.964242958859533372e-01
1.872500000000000142e+01 6.960557615045808166e-01 6.953231333135613257e-01 6.954636530208956335e-01 6.911412041318429900e-01
1.877499999999999858e+01 6.889961248410807482e-01 6.884535074205533345e-01 6.881540226412231620e-01 6.796907355749933766e-01
1.882500000000000284e+01 6.812949069396807555e-01 6.808766345070097481e-01 6.810261179914042229e-01 6.760062221478404521e-01
1.887500000000000000e+01 6.739526517999480104e-01 6.741605450054807269e-01 6.739473275108670558e-01 6.674758062263885794e-01
1.892500000000000071e+01 6.674250143125173285e-01 6.668437225629419984e-01 6.667441382753378498e-01 6.586336730563807640e-01
1.897500000000000142e+01 6.607685766876574274e-01 6.594551079593203857e-01 6.598308157832403209e-01 6.556709094724434417e-01
1.902499999999999858e+01 6.533756047949863532e-01 6.529769161739017447e-01 6.529429260320317452e-01 6.479864381108859650e-01
1.907500000000000284e+01 6.462610256477251403e-01 6.462150583868407905e-01 6.459120480673190556e-01 6.431532605482586096e-01
1.912500000000000000e+01 6.393319853088723637e-01 6.392320234714201632e-01 6.390177825999060479e-01 6.332887659764394606e-01
1.917500000000000426e+01 6.324954258089601211e-01 6.323817913124742951e-01 6.320885835322882507e-01 6.265890111518539474e-01
1.922500000000000142e+01 6.252025936849173737e-01 6.251861062469934449e-01 6.253866986784502036e-01 6.193867938737930290e-01
1.927499999999999858e+01 6.191823704553600649e-01 6.184171468475374578e-01 6.184559812345971075e-01 6.119450054826385266e-01
1.932500000000000284e+01 6.118693075352072963e-01 6.113133928424687724e-01 6.117710936556315371e-01 6.077018223096590788e-01
1.937500000000000000e+01 6.046092288577924467e-01 6.049046201418620816e-01 6.049858059187631643e-01 5.991539605393805257e-01
1.942500000000000426e+01 5.982999765953164184e-01 5.985245258171713045e-01 5.981805488611029453e-01 5.915865064001725182e-01
1.947500000000000142e+01 5.914733301238659369e-01 5.916562188218061902e-01 5.917169426080662875e-01 5.865637875542702995e-01
1.952499999999999858e+01 5.850756415716888981e-01 5.851498682775383431e-01 5.848771146848229519e-01 5.791092637683012967e-01
1.957500000000000284e+01 5.784380952923987573e-01 5.786353616539623435e-01 5.783159909486490502e-01 5.728258208892825776e-01
1.962500000000000000e+01 5.717351117248941073e-01 5.716908432618177383e-01 5.718995843734628881e-01 5.664332198530811491e-01
1.967500000000000426e+01 5.648505503935985494e-01 5.650116533899052218e-01 5.652394550753916391e-01 5.596939598651259340e-01
1.972500000000000142e+01 5.588159657146789527e-01 5.590047448163509847e-01 5.587939882918129264e-01 5.541451686326057668e-01
1.977499999999999858e+01 5.525115168151760736e-01 5.524720618192470178e-01 5.522315290591114367e-01 5.471213892515837118e-01
1.982500000000000284e+01 5.454084195343560371e-01 5.461482675279752952e-01 5.459128014724001776e-01 5.388682456572480017e-01
1.987500000000000000e+01 5.394543412273981042e-01 5.390430733170410438e-01 5.394690387430007839e-01 5.367305045236862027e-01
1.992500000000000426e+01 5.332668352343208351e-01 5.330431270151201328e-01 5.331644760890973389e-01 5.292433865976500229e-01
1.997500000000000142e+01 5.264507525918247222e-01 5.269917917420932074e-01 5.267084314188181793e-01 5.224113310496084628e-01
