# r (Angstroms), cation-water g(r), anion-water g(r), water-water g(r), cation-anion g(r)
2.500000000000000139e-02 0.000000000000000000e+00 0.000000000000000000e+00 5.811056395451634307e+04 0.000000000000000000e+00
7.500000000000001110e-02 0.000000000000000000e+00 0.000000000000000000e+00 0.000000000000000000e+00 0.000000000000000000e+00
1.250000000000000000e-01 0.000000000000000000e+00 0.000000000000000000e+00 0.000000000000000000e+00 0.000000000000000000e+00
1.750000000000000167e-01 0.000000000000000000e+00 0.000000000000000000e+00 0.000000000000000000e+00 0.000000000000000000e+00
2.250000000000000056e-01 0.000000000000000000e+00 0.000000000000000000e+00 0.000000000000000000e+00 0.000000000000000000e+00
2.750000000000000222e-01 0.000000000000000000e+00 0.000000000000000000e+00 0.000000000000000000e+00 0.000000000000000000e+00
3.250000000000000666e-01 0.000000000000000000e+00 0.000000000000000000e+00 0.000000000000000000e+00 0.000000000000000000e+00
3.750000000000000000e-01 0.000000000000000000e+00 0.000000000000000000e+00 0.000000000000000000e+00 0.000000000000000000e+00
4.250000000000000444e-01 0.000000000000000000e+00 0.000000000000000000e+00 0.000000000000000000e+00 0.000000000000000000e+00
4.749999999999999778e-01 0.000000000000000000e+00 0.000000000000000000e+00 0.000000000000000000e+00 0.000000000000000000e+00
5.250000000000000222e-01 0.000000000000000000e+00 0.000000000000000000e+00 0.000000000000000000e+00 0.000000000000000000e+00
5.750000000000000666e-01 0.000000000000000000e+00 0.000000000000000000e+00 0.000000000000000000e+00 0.000000000000000000e+00
6.250000000000000000e-01 0.000000000000000000e+00 0.000000000000000000e+00 0.000000000000000000e+00 0.000000000000000000e+00
6.750000000000000444e-01 0.000000000000000000e+00 0.000000000000000000e+00 0.000000000000000000e+00 0.000000000000000000e+00
7.250000000000000888e-01 0.000000000000000000e+00 0.000000000000000000e+00 0.000000000000000000e+00 0.000000000000000000e+00
7.750000000000000222e-01 0.000000000000000000e+00 0.000000000000000000e+00 0.000000000000000000e+00 0.000000000000000000e+00
8.250000000000000666e-01 0.000000000000000000e+00 0.000000000000000000e+00 0.000000000000000000e+00 0.000000000000000000e+00
8.750000000000000000e-01 0.000000000000000000e+00 0.000000000000000000e+00 0.000000000000000000e+00 0.000000000000000000e+00
9.250000000000000444e-01 0.000000000000000000e+00 0.000000000000000000e+00 0.000000000000000000e+00 0.000000000000000000e+00
9.750000000000000888e-01 0.000000000000000000e+00 0.000000000000000000e+00 0.000000000000000000e+00 0.000000000000000000e+00
1.024999999999999911e+00 0.000000000000000000e+00 0.000000000000000000e+00 0.000000000000000000e+00 0.000000000000000000e+00
1.075000000000000178e+00 0.000000000000000000e+00 0.000000000000000000e+00 0.000000000000000000e+00 0.000000000000000000e+00
1.125000000000000000e+00 0.000000000000000000e+00 0.000000000000000000e+00 0.000000000000000000e+00 0.000000000000000000e+00
1.175000000000000266e+00 0.000000000000000000e+00 0.000000000000000000e+00 0.000000000000000000e+00 0.000000000000000000e+00
1.225000000000000089e+00 0.000000000000000000e+00 0.000000000000000000e+00 0.000000000000000000e+00 0.000000000000000000e+00
1.274999999999999911e+00 0.000000000000000000e+00 0.000000000000000000e+00 0.000000000000000000e+00 0.000000000000000000e+00
1.325000000000000178e+00 0.000000000000000000e+00 0.000000000000000000e+00 0.000000000000000000e+00 0.000000000000000000e+00
1.375000000000000000e+00 0.000000000000000000e+00 0.000000000000000000e+00 0.000000000000000000e+00 0.000000000000000000e+00
1.425000000000000266e+00 0.000000000000000000e+00 0.000000000000000000e+00 0.000000000000000000e+00 0.000000000000000000e+00
1.475000000000000089e+00 0.000000000000000000e+00 0.000000000000000000e+00 0.000000000000000000e+00 0.000000000000000000e+00
1.524999999999999911e+00 0.000000000000000000e+00 0.000000000000000000e+00 0.000000000000000000e+00 0.000000000000000000e+00
1.575000000000000178e+00 0.000000000000000000e+00 0.000000000000000000e+00 0.000000000000000000e+00 0.000000000000000000e+00
1.625000000000000000e+00 0.000000000000000000e+00 0.000000000000000000e+00 0.000000000000000000e+00 0.000000000000000000e+00
1.675000000000000266e+00 0.000000000000000000e+00 0.000000000000000000e+00 0.000000000000000000e+00 0.000000000000000000e+00
1.725000000000000089e+00 0.000000000000000000e+00 0.000000000000000000e+00 0.000000000000000000e+00 0.000000000000000000e+00
1.774999999999999911e+00 0.000000000000000000e+00 0.000000000000000000e+00 0.000000000000000000e+00 0.000000000000000000e+00
1.825000000000000178e+00 0.000000000000000000e+00 0.000000000000000000e+00 0.000000000000000000e+00 0.000000000000000000e+00
1.875000000000000000e+00 0.000000000000000000e+00 0.000000000000000000e+00 0.000000000000000000e+00 0.000000000000000000e+00
1.925000000000000266e+00 0.000000000000000000e+00 0.000000000000000000e+00 0.000000000000000000e+00 0.000000000000000000e+00
1.975000000000000089e+00 0.000000000000000000e+00 0.000000000000000000e+00 0.000000000000000000e+00 0.000000000000000000e+00
2.025000000000000355e+00 0.000000000000000000e+00 0.000000000000000000e+00 0.000000000000000000e+00 0.000000000000000000e+00
2.075000000000000178e+00 4.498479676929423646e-03 0.000000000000000000e+00 0.000000000000000000e+00 0.000000000000000000e+00
2.125000000000000000e+00 8.203260765538465671e-02 0.000000000000000000e+00 0.000000000000000000e+00 0.000000000000000000e+00
2.174999999999999822e+00 7.223974854371756349e-01 0.000000000000000000e+00 0.000000000000000000e+00 0.000000000000000000e+00
2.225000000000000089e+00 2.757761977845177181e+00 0.000000000000000000e+00 0.000000000000000000e+00 0.000000000000000000e+00
2.275000000000000355e+00 5.869385111591125082e+00 0.000000000000000000e+00 0.000000000000000000e+00 0.000000000000000000e+00
2.325000000000000178e+00 7.951596316971290435e+00 0.000000000000000000e+00 4.478889411649133897e-07 0.000000000000000000e+00
2.375000000000000000e+00 8.088189078157677514e+00 0.000000000000000000e+00 4.292296589358492236e-05 0.000000000000000000e+00
2.425000000000000266e+00 6.799432987881136370e+00 0.000000000000000000e+00 1.757189221451812763e-03 0.000000000000000000e+00
2.475000000000000089e+00 4.946902707888904516e+00 0.000000000000000000e+00 2.575227276546033367e-02 0.000000000000000000e+00
2.525000000000000355e+00 3.400837443412814132e+00 0.000000000000000000e+00 1.654742575461786991e-01 1.898742361349345931e-01
2.575000000000000178e+00 2.268825955808242867e+00 0.000000000000000000e+00 5.766180909494788009e-01 1.825722986890031818e-01
2.625000000000000000e+00 1.489094288178159475e+00 0.000000000000000000e+00 1.273258890424015410e+00 3.513672223166963704e-01
2.675000000000000266e+00 9.781847010393249775e-01 0.000000000000000000e+00 2.020994556533547204e+00 1.860953253447349187e+00
2.725000000000000089e+00 6.540617053127154579e-01 0.000000000000000000e+00 2.526326052825452084e+00 4.238685029444317465e+00
2.775000000000000355e+00 4.606095008503809929e-01 0.000000000000000000e+00 2.683512838409612744e+00 4.558933626164179742e+00
2.825000000000000178e+00 3.252217147074284997e-01 0.000000000000000000e+00 2.561155891844498544e+00 5.460812373818761500e+00
2.875000000000000000e+00 2.482481689921270385e-01 5.858363870020696657e-04 2.292006069151545589e+00 4.247313805765005057e+00
2.925000000000000266e+00 1.886126552674562140e-01 6.084279202176006568e-03 1.988961341811358974e+00 2.829897303337677084e+00
2.975000000000000089e+00 1.624932307159455691e-01 5.238628566010702925e-02 1.712931966109101367e+00 1.641345764807530694e+00
3.025000000000000355e+00 1.262091159965066933e-01 2.596944388900865874e-01 1.490964644796518135e+00 1.587536050270524246e+00
3.075000000000000178e+00 1.202178008326097308e-01 7.876250380428275744e-01 1.324476255658738832e+00 3.840824307751109501e-01
3.125000000000000000e+00 1.103274788629459574e-01 1.675738044122812909e+00 1.203391149414991146e+00 8.677442157759792662e-01
3.175000000000000266e+00 1.060394007051494170e-01 2.678605699579114319e+00 1.114717163412283663e+00 1.200899215233855316e-01
3.225000000000000089e+00 1.028933064747107884e-01 3.412821989983025883e+00 1.054847512190707937e+00 0.000000000000000000e+00
3.275000000000000355e+00 1.156899988489698688e-01 3.773751328307616948e+00 1.014279389537936504e+00 2.257365831199411865e-01
3.325000000000000178e+00 1.232962599708010143e-01 3.617748786123707649e+00 9.836352241811231467e-01 2.189986855609253880e-01
3.375000000000000000e+00 1.496408453567261987e-01 3.269142331798933210e+00 9.647636504634129473e-01 0.000000000000000000e+00
3.425000000000000266e+00 1.566555921755075631e-01 2.732288180789682830e+00 9.515285436422886711e-01 0.000000000000000000e+00
3.475000000000000089e+00 1.780446165528312419e-01 2.237387247875049390e+00 9.438636350166659250e-01 2.005006943162513933e-01
3.525000000000000355e+00 2.143384828294849775e-01 1.771897266918110558e+00 9.383962859415991842e-01 9.742658310431134838e-02
3.575000000000000178e+00 2.609548826851029180e-01 1.450265048563198267e+00 9.368056748096414976e-01 0.000000000000000000e+00
3.625000000000000000e+00 2.942490031996212174e-01 1.161426795033695836e+00 9.359270354570352612e-01 0.000000000000000000e+00
3.675000000000000266e+00 3.621287242488016034e-01 9.627783730585094402e-01 9.381762080369450141e-01 8.963582283386177518e-02
3.725000000000000089e+00 4.048199448862746519e-01 8.461958287612021401e-01 9.409732514095677791e-01 0.000000000000000000e+00
3.775000000000000355e+00 4.850637756632047992e-01 7.499374801321841977e-01 9.447521747189916441e-01 8.494987314592027106e-02
3.825000000000000178e+00 5.547952252310545118e-01 6.698914457077729256e-01 9.498731380971950911e-01 8.274350861014981295e-02
3.875000000000000000e+00 6.328020617385057278e-01 6.537637811998397996e-01 9.543390363637771490e-01 2.418659937846243946e-01
3.925000000000000266e+00 7.111584581083472134e-01 6.309272110665105071e-01 9.603677127666053748e-01 0.000000000000000000e+00
3.975000000000000089e+00 8.193381618304848013e-01 6.212075758482860088e-01 9.660565423320931489e-01 1.532332451525125760e-01
4.025000000000000355e+00 8.926642697322508813e-01 6.358346116818787142e-01 9.720604273215488478e-01 2.241748542773105979e-01
4.075000000000000178e+00 9.819964473128418581e-01 6.591842521605579819e-01 9.767608825867675204e-01 2.187074492901651956e-01
4.125000000000000000e+00 1.087393672546928203e+00 6.852771430235549133e-01 9.819510632089115676e-01 2.845835311559613001e-01
4.175000000000000711e+00 1.130400982844521174e+00 7.134805417032296093e-01 9.877955788343982801e-01 2.778080567324947014e-01
4.224999999999999645e+00 1.193324215892866969e+00 7.321623229585924042e-01 9.917013879491339834e-01 4.069075525890658018e-01
4.275000000000000355e+00 1.271095407562166546e+00 7.640218057648667793e-01 9.946950520914522587e-01 6.624083628965378168e-01
4.325000000000000178e+00 1.324521172502288069e+00 8.093648872917821313e-01 9.975563968567774387e-01 8.413356416754491640e-01
4.375000000000000000e+00 1.350583352709866736e+00 8.469449131843133083e-01 9.990227238095242823e-01 8.222152095733008537e-01
4.425000000000000711e+00 1.385151857602880288e+00 8.809600436968147985e-01 9.999693434337909581e-01 9.892175380131262852e-01
4.474999999999999645e+00 1.408174479750722075e+00 9.336243953494527403e-01 1.001424967892223350e+00 1.511306001277927580e+00
4.525000000000000355e+00 1.433394339445876353e+00 9.427269733733911750e-01 1.001524165911893860e+00 1.714586530437650858e+00
4.575000000000000178e+00 1.446365553655852398e+00 9.807083747666107687e-01 1.000892944832829201e+00 1.735152821596975592e+00
4.625000000000000000e+00 1.452388212836221770e+00 9.990651568872627175e-01 1.001392215241133865e+00 2.037406993029029501e+00
4.675000000000000711e+00 1.428189769960499733e+00 1.010545073035966412e+00 1.000967272621641424e+00 2.437183907782422221e+00
4.724999999999999645e+00 1.420193098558693023e+00 1.025384731157454210e+00 9.999136538805893926e-01 2.548550098593355351e+00
4.775000000000000355e+00 1.405685756850811874e+00 1.051702491848947485e+00 9.987651361210532208e-01 2.814026255452049874e+00
4.825000000000001066e+00 1.381591595539200856e+00 1.073386793448010357e+00 9.980913254944393520e-01 2.860007443059807919e+00
4.875000000000000000e+00 1.349932989077218926e+00 1.038084766024099048e+00 9.974160290071769630e-01 3.514787224871819937e+00
4.925000000000000711e+00 1.312730480198585958e+00 1.066524889033669821e+00 9.963748121286647441e-01 2.944684751414971213e+00
4.974999999999999645e+00 1.266422938522814956e+00 1.092639503462890627e+00 9.953438661736471182e-01 2.298852082132408103e+00
5.025000000000000355e+00 1.222312622294319917e+00 1.067312163071823861e+00 9.945793122617410109e-01 2.924536966462189191e+00
5.075000000000001066e+00 1.156043607129103146e+00 1.070826812669860795e+00 9.957206877025930325e-01 3.384230116417784817e+00
5.125000000000000000e+00 1.122212506859799230e+00 1.053537599876839481e+00 9.946997050063356438e-01 3.502881161546933075e+00
5.175000000000000711e+00 1.078798533953122085e+00 1.064694819618599908e+00 9.945525278117594015e-01 3.390315945798624053e+00
5.224999999999999645e+00 1.033462765369115299e+00 1.062463222270831675e+00 9.946910169061838891e-01 4.035231770728116452e+00
5.275000000000000355e+00 9.959088265484603575e-01 1.060951144301723659e+00 9.939724362617965436e-01 3.611045065900231332e+00
5.325000000000001066e+00 9.779346561257348247e-01 1.040736624132412302e+00 9.934168995479002451e-01 2.988536886789549651e+00
5.375000000000000000e+00 9.421842034188734338e-01 1.054106551977104012e+00 9.913760659926779129e-01 3.896959347029362863e+00
5.425000000000000711e+00 9.153949664749099213e-01 1.048093095433661581e+00 9.887236399194812009e-01 3.578653818788404273e+00
5.474999999999999645e+00 8.907958260321628963e-01 1.039416610354525927e+00 9.858024701318872651e-01 2.544323209866539148e+00
5.525000000000000355e+00 8.965580229196542517e-01 1.041033666636038690e+00 9.810888462145894717e-01 2.696772926904785983e+00
5.575000000000001066e+00 8.837424086544583002e-01 1.050176862009850831e+00 9.769224881795814941e-01 2.999169882603608617e+00
5.625000000000000000e+00 8.782022373431420670e-01 1.042571026243335419e+00 9.728856997536472484e-01 2.333914367530678380e+00
5.675000000000000711e+00 8.746363236626958360e-01 1.038226545451420790e+00 9.705761999333832879e-01 1.541176262255910645e+00
5.724999999999999645e+00 8.605337223567233185e-01 1.033837191551407297e+00 9.682152345784784675e-01 1.994541205565415920e+00
5.775000000000000355e+00 8.750633069781457163e-01 1.022873394754103327e+00 9.672278333891511926e-01 1.524563773720583937e+00
5.825000000000001066e+00 8.836175606266060134e-01 1.020801987688275236e+00 9.674990053124546963e-01 1.676896767723915049e+00
5.875000000000000000e+00 8.791986112174292600e-01 1.021774202815899368e+00 9.688204005081080261e-01 1.578327582270886653e+00
5.925000000000000711e+00 8.915273177207061472e-01 1.003912245135388570e+00 9.708940431406016813e-01 1.517317215785830342e+00
5.974999999999999645e+00 8.987441259269195459e-01 1.001999327536015061e+00 9.732713906753234223e-01 1.288570660474756213e+00
6.025000000000000355e+00 9.076338761431191893e-01 9.827697933591115209e-01 9.778891936197745549e-01 1.267272460811233348e+00
6.075000000000001066e+00 9.139454337612148427e-01 9.758110962432209323e-01 9.811474852696776550e-01 1.180892815139032770e+00
6.125000000000000000e+00 9.210279285598802490e-01 9.608481396117648510e-01 9.851578944207185495e-01 1.097153302888232318e+00
6.175000000000000711e+00 9.320481993374161167e-01 9.493195220352241837e-01 9.892277070189463561e-01 1.650935257878721529e+00
6.224999999999999645e+00 9.429093971341185876e-01 9.350054783257251145e-01 9.936760489549292252e-01 1.374594575372778849e+00
6.275000000000000355e+00 9.483575188355084506e-01 9.373200958548318917e-01 9.974835205320481402e-01 1.137561699958302697e+00
6.325000000000001066e+00 9.619892129782767753e-01 9.301549049552145787e-01 1.001134578498475758e+00 1.180169213782723769e+00
6.375000000000000000e+00 9.595289481205369064e-01 9.246174888135311187e-01 1.005501024985736347e+00 1.310669120740830307e+00
6.425000000000000711e+00 9.728938798004341804e-01 9.367641055754413193e-01 1.008608454882993888e+00 1.114392386809841540e+00
6.474999999999999645e+00 9.758001753077447660e-01 9.302066238840916990e-01 1.012156744637527694e+00 1.010623369112003900e+00
6.525000000000000355e+00 9.894221797169218124e-01 9.386957041984866912e-01 1.014860540429233460e+00 9.383260605988565928e-01
6.575000000000001066e+00 1.001650442136742036e+00 9.498723195302717359e-01 1.017183150832589034e+00 1.288152320117703420e+00
6.625000000000000000e+00 9.929598075540204682e-01 9.508417623836040722e-01 1.019086786668116806e+00 1.103288675060022594e+00
6.675000000000000711e+00 9.952300648643546133e-01 9.643099793087664962e-01 1.020983561712792032e+00 1.657403531538552022e+00
6.724999999999999645e+00 1.012688128065576176e+00 9.706355522252553270e-01 1.021880537403147438e+00 1.418705613963721968e+00
6.775000000000000355e+00 1.016785486834430374e+00 9.744282163463598989e-01 1.023313464874930467e+00 1.081349993780131635e+00
6.825000000000001066e+00 1.017171939098692413e+00 9.898831012415297836e-01 1.023390363533366099e+00 1.065564144898727195e+00
6.875000000000000000e+00 1.023765971210639503e+00 9.967701659103964662e-01 1.023932351430023147e+00 1.408699517564863557e+00
6.925000000000000711e+00 1.028625278101298557e+00 1.011585445408870187e+00 1.023189394763037940e+00 1.236965632487388778e+00
6.974999999999999645e+00 1.024158030810534692e+00 1.014901342257604089e+00 1.022681788054913277e+00 9.455757123961398003e-01
7.025000000000000355e+00 1.023491011513253612e+00 1.028666972096847765e+00 1.021498045912999864e+00 1.030285992942900686e+00
7.075000000000001066e+00 1.028157947155262431e+00 1.031277828016737619e+00 1.020468190570537947e+00 1.330181762644416343e+00
7.125000000000000000e+00 1.023913273667639068e+00 1.036719045565059005e+00 1.018812427096208451e+00 1.383118752421525821e+00
7.175000000000000711e+00 1.021567901448698468e+00 1.045718498446714495e+00 1.017223803995302767e+00 1.128752342653135843e+00
7.224999999999999645e+00 1.021345946913944092e+00 1.046531725713865768e+00 1.015345980110996971e+00 1.205948892813921258e+00
7.275000000000000355e+00 1.013782619813936581e+00 1.041482598437944995e+00 1.013562072172406570e+00 1.075061102665892276e+00
7.325000000000001066e+00 1.004863360113508630e+00 1.053485416853850554e+00 1.011538412662239983e+00 1.037872208842566701e+00
7.375000000000000000e+00 1.019217554005228177e+00 1.047662698004588000e+00 1.009316151048280430e+00 1.268680131426843216e+00
7.425000000000000711e+00 1.007886578969706015e+00 1.053055813439752963e+00 1.007461632433262366e+00 1.010104416928614413e+00
7.474999999999999645e+00 1.015767647627571657e+00 1.041571868098199349e+00 1.005074777319167056e+00 1.256628704698913301e+00
7.525000000000000355e+00 1.014115204721111274e+00 1.048578232232662444e+00 1.002983219253893887e+00 1.282742959487017664e+00
7.575000000000001066e+00 9.989151753824070390e-01 1.037861622121501792e+00 1.001043136655970667e+00 1.392451508548352646e+00
7.625000000000000000e+00 1.009199072273299747e+00 1.029250626011832148e+00 9.989760280934220082e-01 1.353427822434688510e+00
7.675000000000000711e+00 1.003902367197507139e+00 1.043998451344295919e+00 9.973998962431883664e-01 1.233093310511186091e+00
7.724999999999999645e+00 1.008374967444720660e+00 1.028357049303071591e+00 9.956171486309431939e-01 1.217182651270107607e+00
7.775000000000000355e+00 9.950867880733745841e-01 1.030473259013132914e+00 9.943907139607972567e-01 7.810256743919501421e-01
7.825000000000001066e+00 9.934627913908504748e-01 1.013925973787951573e+00 9.932528608877658760e-01 1.126957871144691703e+00
7.875000000000000000e+00 1.002262895804268528e+00 1.021822863503777157e+00 9.924201716988392263e-01 1.093171847477534042e+00
7.925000000000000711e+00 1.003977592101239935e+00 1.014656154210522354e+00 9.913500960300988263e-01 1.137247589255714342e+00
7.974999999999999645e+00 1.003457805076930054e+00 1.013032130278070042e+00 9.905726668005696567e-01 8.565499682928383596e-01
8.025000000000000355e+00 9.995269413400303948e-01 1.013851012830685461e+00 9.898457488117559100e-01 1.165475633097906361e+00
8.074999999999999289e+00 1.000907477393576883e+00 1.004490700541672110e+00 9.894115321064889113e-01 1.095389459780397923e+00
8.125000000000000000e+00 9.974838725769774594e-01 9.983641024899033711e-01 9.892288930723258655e-01 8.252155433680917751e-01
8.175000000000000711e+00 1.000825590507470775e+00 9.932537335512333643e-01 9.896673180695643168e-01 1.177441871185259892e+00
8.225000000000001421e+00 1.003082039117372259e+00 9.898934805340507959e-01 9.895141797365850644e-01 1.020010636701934148e+00
8.275000000000000355e+00 1.000013315959715321e+00 9.876377887485597862e-01 9.895055033152672097e-01 1.131476773591361340e+00
8.324999999999999289e+00 1.001854123152657872e+00 9.908670035734926662e-01 9.909198954623411604e-01 9.432503295308781732e-01
8.375000000000000000e+00 1.012848249984703131e+00 9.807107750520732692e-01 9.908621438525435643e-01 1.070098520850188084e+00
8.425000000000000711e+00 1.001100796481340316e+00 9.862796541377404358e-01 9.917547785510227865e-01 9.380469837721469029e-01
8.475000000000001421e+00 1.001863210900348466e+00 9.868793379088037776e-01 9.927648144466794111e-01 1.213542019562676932e+00
8.525000000000000355e+00 1.002538916874316843e+00 9.790849865767503601e-01 9.933993799876932318e-01 1.232663950298237721e+00
8.574999999999999289e+00 1.007131518513193491e+00 9.837362741561795909e-01 9.946882778783596724e-01 1.234794740869834095e+00
8.625000000000000000e+00 1.003983327925199731e+00 9.754882585959776531e-01 9.952365947081406317e-01 1.074057439022646721e+00
8.675000000000000711e+00 1.005119616327869059e+00 9.754399375063698141e-01 9.964463937623407874e-01 9.812793539899492545e-01
8.725000000000001421e+00 1.007690649799515281e+00 9.794474500702607944e-01 9.970007259236128849e-01 8.746486402640744062e-01
8.775000000000000355e+00 1.007936905646572567e+00 9.754552702220551375e-01 9.980832415069289532e-01 1.100539438391203939e+00
8.824999999999999289e+00 1.009232094842317462e+00 9.833507616643538674e-01 9.988179437905209124e-01 9.015719665596896304e-01
8.875000000000000000e+00 1.005223870746132731e+00 9.850742064410062948e-01 9.998344272775973041e-01 9.836601949108220166e-01
8.925000000000000711e+00 1.000694738723134636e+00 9.810437713279427374e-01 1.000520843619549183e+00 9.422737652760212468e-01
8.975000000000001421e+00 1.003598173096647006e+00 9.864800288380387583e-01 1.001116387848435929e+00 9.017459662128999298e-01
9.025000000000000355e+00 9.978743591585180761e-01 9.985134696092884399e-01 1.001655812202354667e+00 1.055275395457933918e+00
9.074999999999999289e+00 9.986979815092339452e-01 9.935677843419286059e-01 1.002625830977105004e+00 1.102477901283375639e+00
9.125000000000000000e+00 9.944422456405190847e-01 9.916216690790076171e-01 1.002622790012168696e+00 1.090429083058553239e+00
9.175000000000000711e+00 9.941888685386276459e-01 9.973526935556746853e-01 1.003105821728718761e+00 8.628613682855647005e-01
9.225000000000001421e+00 9.969552621380909363e-01 1.001037996081665993e+00 1.003296445004599802e+00 9.957887667256407616e-01
9.275000000000000355e+00 1.002601841827726270e+00 1.002911438859380500e+00 1.003445690755277120e+00 7.599199867878057013e-01
9.324999999999999289e+00 1.005606105834003117e+00 9.992715572585373351e-01 1.003756891000849638e+00 1.099844697718240560e+00
9.375000000000000000e+00 9.967539831426035501e-01 1.006478412246433862e+00 1.003652652927015776e+00 1.101918312048756565e+00
9.425000000000000711e+00 9.927070836838324253e-01 1.005326818994384475e+00 1.003786775183332924e+00 1.185655477341278630e+00
9.475000000000001421e+00 9.986281434794116452e-01 1.002538726843474448e+00 1.003600760376532453e+00 9.304491452425110998e-01
9.525000000000000355e+00 9.922812198071332412e-01 1.006905772237188357e+00 1.003698565189854008e+00 8.406448933334598195e-01
9.575000000000001066e+00 9.906072525677047658e-01 1.011034730836462892e+00 1.003205157032590611e+00 1.214820944231256084e+00
9.625000000000000000e+00 9.932659813511561797e-01 1.010763687531071708e+00 1.003129695759286566e+00 9.278096630126967392e-01
9.675000000000000711e+00 9.962954996019439680e-01 1.004003581873155193e+00 1.002918785690697590e+00 9.958428437638694453e-01
9.725000000000001421e+00 9.980327279778715699e-01 1.005597751798042783e+00 1.002820402426878754e+00 1.164834463004351894e+00
9.775000000000000355e+00 9.950072258833401184e-01 1.010933118909740802e+00 1.002865545487541254e+00 1.317655429391949351e+00
9.825000000000001066e+00 9.967320098429729436e-01 1.014076403436249496e+00 1.002113637818359493e+00 1.141243540844653737e+00
9.875000000000000000e+00 9.977129658344301433e-01 1.006676206484603098e+00 1.001859495035375858e+00 9.434990158076905775e-01
9.925000000000000711e+00 9.994593108940659221e-01 1.013690775782050357e+00 1.001593932309716717e+00 1.339576574084883953e+00
9.975000000000001421e+00 9.924213332682497724e-01 1.008712675035194906e+00 1.001354560949761385e+00 9.368434025801199994e-01
1.002500000000000036e+01 9.931829607042076402e-01 1.007168059943484018e+00 1.001241341117032446e+00 1.192527842108847214e+00
1.007500000000000107e+01 9.982934162491934327e-01 1.009444667613441204e+00 1.000660725538810691e+00 1.204573676779706171e+00
1.012500000000000000e+01 9.862143886289247430e-01 1.011143126019010907e+00 1.000579387558671485e+00 1.003762519259747910e+00
1.017500000000000071e+01 1.001463901859699357e+00 1.002948937945123964e+00 1.000776832959641371e+00 9.939217894573465495e-01
1.022500000000000142e+01 9.904546345303750776e-01 1.001917961802290202e+00 1.000143670322966694e+00 1.030541542626708384e+00
1.027500000000000036e+01 9.984629650227540010e-01 1.007670725699334691e+00 1.000333848978506746e+00 1.020536363904968047e+00
1.032500000000000107e+01 9.984345129013021403e-01 1.006224668674035927e+00 1.000009646059629720e+00 1.294573991387234502e+00
1.037500000000000000e+01 9.973480236116724074e-01 1.001025701570614324e+00 1.000006636127618087e+00 1.113425437110878047e+00
1.042500000000000071e+01 1.003354277768253588e+00 1.005504123736716160e+00 9.997602699857015551e-01 9.468233539861398151e-01
1.047500000000000142e+01 9.941185526755942359e-01 1.003154589861971147e+00 9.996627517556018194e-01 1.169499318383345532e+00
1.052500000000000036e+01 1.003164753884888238e+00 1.000345217678793031e+00 9.996174057708336891e-01 1.256770014344751774e+00
1.057500000000000107e+01 9.938200846834118751e-01 1.003595364204888041e+00 9.994399286039213903e-01 9.093283275791795850e-01
1.062500000000000000e+01 9.998984544440787658e-01 1.005410431939030236e+00 9.999119662955254784e-01 1.115263928939578708e+00
1.067500000000000071e+01 9.974376865814544857e-01 9.986487622686446297e-01 9.997515635400116008e-01 1.136711390608324823e+00
1.072500000000000142e+01 1.003904138105483845e+00 9.943056585177855178e-01 9.997203797658984481e-01 1.010366272389307207e+00
1.077500000000000036e+01 1.003889003177040218e+00 9.977473830134347965e-01 9.995301629215029848e-01 8.967391070799102248e-01
1.082500000000000107e+01 1.002560586695782074e+00 9.980975530565440179e-01 9.996905667950530816e-01 9.504608676155100744e-01
1.087500000000000000e+01 1.003455855883593983e+00 9.949699496259815090e-01 9.995471184837516621e-01 1.023631635417676433e+00
1.092500000000000071e+01 1.002548206864663172e+00 1.000266069064874142e+00 9.999324306613796010e-01 1.176568821224577732e+00
1.097500000000000142e+01 1.005022569068424465e+00 1.005776366147108858e+00 9.997905137984139934e-01 1.115619676453009079e+00
1.102500000000000036e+01 1.002829457550113768e+00 9.965847429349727893e-01 9.997014033099118624e-01 1.225039709190318460e+00
1.107500000000000107e+01 1.001631756646774063e+00 9.987299924453397759e-01 9.999196762881427114e-01 9.080350562311243490e-01
1.112500000000000000e+01 9.995151345457690129e-01 9.974219091331076870e-01 9.996734567258125370e-01 9.585798618729300946e-01
1.117500000000000071e+01 1.006528041659827011e+00 1.000730973702776749e+00 9.999289619532404361e-01 1.143903041692201361e+00
1.122500000000000142e+01 1.006631849712706028e+00 9.979366781099723305e-01 1.000018254152044817e+00 9.800082911368221961e-01
1.127500000000000036e+01 1.005256274838680186e+00 9.928479373108312078e-01 9.999232418386639898e-01 1.057041800146771626e+00
1.132500000000000107e+01 1.005234350520895825e+00 1.002204432339172335e+00 1.000043864700666862e+00 1.057167714495486521e+00
1.137500000000000000e+01 1.002713284570749375e+00 9.977732110970171098e-01 9.998345877407285309e-01 1.160168770346202916e+00
1.142500000000000071e+01 1.002034097173541305e+00 9.976565394287206789e-01 9.998877212545405069e-01 1.187134303680173142e+00
1.147500000000000142e+01 1.001576880255285351e+00 9.985521070443069691e-01 1.000189327603165701e+00 1.057291547910389262e+00
1.152500000000000036e+01 1.002566367445600459e+00 1.002821566157313882e+00 1.000322004146957378e+00 1.048137565965854945e+00
1.157500000000000107e+01 1.001116000341662815e+00 9.984685492775439153e-01 9.999528025079142957e-01 1.002959276850468706e+00
1.162500000000000000e+01 9.997519779115512373e-01 1.005879325320594875e+00 9.998285876703846276e-01 1.155596221881043384e+00
1.167500000000000071e+01 9.974153418759227341e-01 1.003437029840445804e+00 1.000118227143609317e+00 1.021377752094629665e+00
1.172500000000000142e+01 9.989127090694960298e-01 9.971779352438436828e-01 9.998972856781179752e-01 1.091938854725285513e+00
1.177500000000000036e+01 1.004705663469555921e+00 9.957735106418668103e-01 1.000083837552152799e+00 9.953718693612472190e-01
1.182500000000000107e+01 9.992919934688077044e-01 1.006027645556508920e+00 9.998762290397360530e-01 9.956298073080139810e-01
1.187500000000000000e+01 1.004493109122918115e+00 9.988099069363877147e-01 9.999399370025705558e-01 1.004433014839978933e+00
1.192500000000000071e+01 9.959852016109037587e-01 9.964959850811090369e-01 9.998251355309809574e-01 1.038593056083851884e+00
1.197500000000000142e+01 1.004544279015677777e+00 1.001825917631357532e+00 9.999857558164945148e-01 1.021496048145228208e+00
1.202500000000000036e+01 9.982255258581493873e-01 1.003399457361846547e+00 1.000022018689745273e+00 1.046507181168541134e+00
1.207500000000000107e+01 9.952065816654176444e-01 1.002969762579103863e+00 9.999758814811565699e-01 1.303550164116287435e+00
1.212500000000000000e+01 1.001351946447961661e+00 1.004958671165439688e+00 9.999861835525473142e-01 1.161068915900484999e+00
1.217500000000000071e+01 9.997513215028231981e-01 9.961496588298820454e-01 1.000037412757773581e+00 1.029046477983185603e+00
1.222500000000000142e+01 9.978679155629843756e-01 1.002728135303038393e+00 9.996470962032260044e-01 1.134051272679301503e+00
1.227500000000000036e+01 9.959899928808162439e-01 1.004771712268854200e+00 1.000083575706255612e+00 9.561066854313923224e-01
1.232500000000000107e+01 9.972735098471012805e-01 9.984211111594067933e-01 1.000120246474625052e+00 1.012120601825054589e+00
1.237500000000000000e+01 9.951836289491006182e-01 1.003839805561216547e+00 1.000063499106780274e+00 1.067199856288256088e+00
1.242500000000000071e+01 1.002630514952085772e+00 1.007045385863934106e+00 9.999859680674434426e-01 8.861108579731240553e-01
1.247500000000000142e+01 9.929837120139849427e-01 1.001571679253024705e+00 1.000298046372487093e+00 1.104611728209838217e+00
1.252500000000000036e+01 1.000250818040238965e+00 1.000713836387233657e+00 9.998744304259666871e-01 9.646215562389952591e-01
1.257500000000000107e+01 9.987355162385184171e-01 9.996235805658293394e-01 1.000267641563484577e+00 1.002900231704527911e+00
1.262500000000000000e+01 9.978128157596515280e-01 1.003311746131033910e+00 1.000048495525587722e+00 1.093709908120250596e+00
1.267500000000000071e+01 9.989985465530742959e-01 1.000204211068352445e+00 1.000334317340357382e+00 9.645316122225587874e-01
1.272500000000000142e+01 1.000344203411016153e+00 1.004254309525902222e+00 1.000267347023136688e+00 8.448221624896850024e-01
1.277500000000000036e+01 9.924845468635488110e-01 9.951327350248562187e-01 1.000087546999920418e+00 1.186863041482314918e+00
1.282500000000000107e+01 9.938654980417911400e-01 9.979577511718499272e-01 1.000234589547337460e+00 9.053006025130174717e-01
1.287500000000000000e+01 9.985326251763241290e-01 1.001074108230595394e+00 1.000554725495383712e+00 9.640108136891381019e-01
1.292500000000000071e+01 1.001054352555535321e+00 1.000655783075587335e+00 1.000332347565968227e+00 1.094254390403041954e+00
1.297500000000000142e+01 9.975391195078879836e-01 1.002860440349259141e+00 1.000158489355233993e+00 1.028309297724410598e+00
1.302500000000000036e+01 9.979373058925506967e-01 9.940910713530787257e-01 1.000474008177335117e+00 8.634404068202523597e-01
1.307500000000000107e+01 1.002088786296556622e+00 1.004538950384314511e+00 1.000290847391281046e+00 1.062209864634891199e+00
1.312500000000000000e+01 1.007181211197904824e+00 1.004883202866408531e+00 1.000480893547909478e+00 9.979118748393616123e-01
1.317500000000000071e+01 9.989303735777658177e-01 1.001413227819151652e+00 1.000268813345923880e+00 9.136345663526307392e-01
1.322500000000000142e+01 1.000251054570901577e+00 1.000216446202810472e+00 1.000345687692610230e+00 1.142076147008503018e+00
1.327500000000000036e+01 9.971132302228410405e-01 9.987413328185559269e-01 1.000523947159345894e+00 8.380950070768223847e-01
1.332500000000000107e+01 9.961215171757447084e-01 1.001051056641843351e+00 1.000398761979711004e+00 1.022726030310898704e+00
1.337500000000000000e+01 9.992786209319576285e-01 1.001958468516586542e+00 1.000331422064371312e+00 1.062464825219027853e+00
1.342500000000000071e+01 1.001246126226968292e+00 9.984384295587170888e-01 1.000279338196215173e+00 9.403768745339223800e-01
1.347500000000000142e+01 9.962163879530370192e-01 1.003543665495269632e+00 1.000423218676765424e+00 1.026752267064433788e+00
1.352500000000000036e+01 1.000359768496749346e+00 1.000366386514892625e+00 1.000305606636263889e+00 8.537243404941924352e-01
1.357500000000000107e+01 9.981086051998040443e-01 1.004467742258220220e+00 1.000344984943862148e+00 9.131405486775360236e-01
1.362500000000000000e+01 1.000473991689089681e+00 9.977155115988494138e-01 1.000469231191534414e+00 9.129721338856753299e-01
1.367500000000000071e+01 1.000680704613295724e+00 1.004021097447854727e+00 1.000360272899099900e+00 9.192553924561578382e-01
1.372500000000000142e+01 1.000472262626124875e+00 1.001127770602768141e+00 1.000403639938138411e+00 1.034674355289803893e+00
1.377500000000000036e+01 9.996981749586862920e-01 1.002467086192321943e+00 1.000371747706157111e+00 1.065456626767632198e+00
1.382500000000000107e+01 1.000695257035083552e+00 1.005344350766735895e+00 1.000298943963163323e+00 8.360768018775304178e-01
1.387500000000000000e+01 1.000715064821567468e+00 1.004117060888304991e+00 1.000563565950514100e+00 1.012423968104867011e+00
1.392500000000000071e+01 1.002413197713370341e+00 1.002119764020506398e+00 1.000542202054969909e+00 9.677068594446428529e-01
1.397500000000000142e+01 1.000553001518231788e+00 1.001470405487061788e+00 1.000115994897944782e+00 1.035178802666093079e+00
1.402500000000000036e+01 9.988107407997226517e-01 1.001728000801318963e+00 1.000179169613635954e+00 9.416472157051510861e-01
1.407500000000000107e+01 1.004174925685054287e+00 1.006173192538539984e+00 1.000002691156764101e+00 1.069408866544253822e+00
1.412500000000000000e+01 9.978549810761245809e-01 1.002138792357400998e+00 1.000221732199537694e+00 1.061851238276722231e+00
1.417500000000000071e+01 1.001865646173607072e+00 9.963166293643586080e-01 1.000201037530690229e+00 1.018223497028232227e+00
1.422500000000000142e+01 1.000339132804255904e+00 1.001643363724092683e+00 9.998695498460081765e-01 9.811645451983967980e-01
1.427500000000000036e+01 9.987856231469551815e-01 1.001738237363525741e+00 1.000195558814541252e+00 1.009948524782640966e+00
1.432500000000000107e+01 1.001128943393673199e+00 9.988812437894762919e-01 1.000041068584189841e+00 1.073704272870914522e+00
1.437500000000000000e+01 9.997539844539593545e-01 1.004552100558663730e+00 1.000054560943419490e+00 9.783704389323831796e-01
1.442500000000000071e+01 9.991070630348699577e-01 1.002778197368088708e+00 1.000147640534556404e+00 9.715997363669481857e-01
1.447500000000000142e+01 1.001963910912401667e+00 1.000796787480147776e+00 1.000035580333089591e+00 9.706769139537148039e-01
1.452500000000000036e+01 1.000437000413757493e+00 1.002812585694839109e+00 1.000012964179213037e+00 9.008862056275624974e-01
1.457500000000000107e+01 1.000719649976837156e+00 1.002623058061599126e+00 1.000269807400254063e+00 1.134066493615586424e+00
1.462500000000000000e+01 1.000352462271171250e+00 1.003629559953427286e+00 1.000020371719515300e+00 8.603088906786579004e-01
1.467500000000000071e+01 1.000950785428034395e+00 1.000175028894343177e+00 1.000131395400035039e+00 1.068070589864801301e+00
1.472500000000000142e+01 9.976375251465054994e-01 9.991841028346082343e-01 1.000060225136636172e+00 1.027329583432897708e+00
1.477500000000000036e+01 1.001566468120798969e+00 1.003612790096461982e+00 9.999997618697626933e-01 1.031479369846342919e+00
1.482500000000000107e+01 9.982811156631447025e-01 1.002214001968051660e+00 1.000031095837992767e+00 9.143685246702163427e-01
1.487500000000000000e+01 9.989127777212103432e-01 1.003426580571670890e+00 1.000141593524115136e+00 1.094255236475303539e+00
1.492500000000000071e+01 9.993233681928230805e-01 1.000149439424259601e+00 9.998692925832195488e-01 9.347648145202310799e-01
1.497500000000000142e+01 1.001709036168310085e+00 1.000208267598049039e+00 9.999620875680452770e-01 9.933144493814181075e-01
1.502500000000000036e+01 9.996703665216212231e-01 1.000506928711440757e+00 1.000262834879670049e+00 9.759892214559644508e-01
1.507500000000000107e+01 9.985369336876769308e-01 9.989844071063135322e-01 1.000068102493219424e+00 9.056009662884513256e-01
1.512500000000000000e+01 1.001921191034990111e+00 9.981745240694493981e-01 9.999901863988434059e-01 1.090131913702499400e+00
1.517500000000000071e+01 1.002642236778391149e+00 1.001312193648050020e+00 1.000151113309049489e+00 1.040903319397455284e+00
1.522500000000000142e+01 1.002668942444876032e+00 1.001671423000713546e+00 1.000025087663424461e+00 1.018409903726057220e+00
1.527500000000000036e+01 1.000048442118293579e+00 1.001771017569582645e+00 1.000226282468198225e+00 1.006565173343652253e+00
1.532500000000000107e+01 1.003884087545656056e+00 1.004219141694986828e+00 1.000266183150540611e+00 1.087637315519909498e+00
1.537500000000000000e+01 9.983588969192472851e-01 1.002793862523732926e+00 1.000166959675051093e+00 9.474233681638029037e-01
1.542500000000000071e+01 9.999972420451358479e-01 9.953721950159657439e-01 1.000164456066661156e+00 1.022700168166320367e+00
1.547500000000000142e+01 9.999354857371612892e-01 9.978780053138338602e-01 9.998951348557385543e-01 1.021157359980720880e+00
1.552500000000000036e+01 9.953333265933778096e-01 9.999592563380994559e-01 9.987705179618314721e-01 9.442723040256907341e-01
1.557500000000000107e+01 9.960744903827287722e-01 1.000336401445676149e+00 9.963964293554111729e-01 1.132849896123007349e+00
1.562500000000000000e+01 9.962849754210137965e-01 9.889858574489964749e-01 9.919171871934705509e-01 9.669347856952188458e-01
1.567500000000000071e+01 9.851550610624444371e-01 9.851057904990447867e-01 9.853651211824422385e-01 1.014973606031885911e+00
1.572500000000000142e+01 9.727118716087167494e-01 9.779552450786133111e-01 9.772412454643744084e-01 1.047695539269721587e+00
1.577500000000000036e+01 9.707197462823051737e-01 9.691873381431905798e-01 9.681231852835119334e-01 9.437688221848611336e-01
1.582500000000000107e+01 9.542987291292691632e-01 9.607764166680625717e-01 9.588520020503809027e-01 9.281462742151850298e-01
1.587500000000000000e+01 9.480326671069585487e-01 9.487243987786334598e-01 9.496519340912749074e-01 9.607384328818207031e-01
1.592500000000000071e+01 9.389956315145646659e-01 9.426903786196106916e-01 9.403567782574936418e-01 8.831113881569768731e-01
1.597500000000000142e+01 9.308357014047096145e-01 9.338716952122917414e-01 9.311047094310226369e-01 8.681044793555418027e-01
1.602499999999999858e+01 9.194309555805345591e-01 9.258092470815496577e-01 9.219438515780334908e-01 8.391248242281392766e-01
1.607500000000000284e+01 9.133032662774666077e-01 9.137389623356766410e-01 9.128142934926548602e-01 7.636393278304096643e-01
1.612500000000000000e+01 8.989835347538123189e-01 9.066471383387867400e-01 9.038771320821243904e-01 8.520288311362749223e-01
1.617500000000000071e+01 8.987323641111347738e-01 8.950028769800346673e-01 8.948793134262518212e-01 9.022952736532525719e-01
1.622500000000000142e+01 8.883501129487149095e-01 8.874257781605554563e-01 8.860843430475898730e-01 9.151374270831849067e-01
1.627499999999999858e+01 8.747784080099381132e-01 8.745910188275620722e-01 8.771560019559251353e-01 8.912412332518517832e-01
1.632500000000000284e+01 8.667843549266057712e-01 8.680017486835251983e-01 8.683699285297409309e-01 8.267375513407798637e-01
1.637500000000000000e+01 8.582619779322447906e-01 8.589301706777825451e-01 8.596892556959767617e-01 7.900927734398540681e-01
1.642500000000000071e+01 8.505451307804172689e-01 8.522099451409259618e-01 8.509101245013203085e-01 9.468351214752827039e-01
1.647500000000000142e+01 8.455330532049187831e-01 8.461262563660919556e-01 8.422655653083005456e-01 8.206720425253728468e-01
1.652499999999999858e+01 8.322182091372892776e-01 8.349269093273720133e-01 8.336651870257374419e-01 7.492149461930710519e-01
1.657500000000000284e+01 8.223180326854728772e-01 8.245477310175318708e-01 8.252001601381734330e-01 8.548645779040250359e-01
1.662500000000000000e+01 8.147730690301242529e-01 8.220527170269851247e-01 8.166284506980990843e-01 7.708893185604795972e-01
1.667500000000000071e+01 8.100335254045075706e-01 8.078043669210427380e-01 8.079641174739241594e-01 8.098114803211935442e-01
1.672500000000000142e+01 7.990952752855948749e-01 8.004239197876972245e-01 7.997083040687669175e-01 8.482551218633813672e-01
1.677499999999999858e+01 7.893569711662052901e-01 7.918779850209133331e-01 7.914438715976181982e-01 7.098417850287157549e-01
1.682500000000000284e+01 7.805412362907154789e-01 7.853651733186960415e-01 7.830925857937270917e-01 7.355648659686662150e-01
1.687500000000000000e+01 7.752382137708520027e-01 7.745155038170196127e-01 7.749478544188121987e-01 6.716951335617944441e-01
1.692500000000000071e+01 7.649212069273371162e-01 7.681246317070347107e-01 7.665603292329509211e-01 7.142200366344191309e-01
1.697500000000000142e+01 7.569094013060180259e-01 7.610476762949802687e-01 7.584809038808111303e-01 7.898433481471093254e-01
1.702499999999999858e+01 7.499139508288070743e-01 7.485648917634950550e-01 7.503798231082591252e-01 7.225610473652519516e-01
1.707500000000000284e+01 7.425430492642187685e-01 7.477208783892675958e-01 7.423557505343287843e-01 6.643565838073868246e-01
1.712500000000000000e+01 7.330327025599162605e-01 7.330492146298035472e-01 7.342146778026248377e-01 6.233306382460782613e-01
1.717500000000000071e+01 7.244083260250123724e-01 7.279952372658677895e-01 7.264243096789659848e-01 7.182030516586813684e-01
1.722500000000000142e+01 7.198620500447393544e-01 7.216736704328877705e-01 7.185093326859941509e-01 6.609966281082134687e-01
1.727499999999999858e+01 7.083828289096217867e-01 7.087600965266515063e-01 7.105895361645266917e-01 7.180254646696199172e-01
1.732500000000000284e+01 7.030415650095210855e-01 7.040700462819446948e-01 7.026222995772427593e-01 6.251552832378666213e-01
1.737500000000000000e+01 6.983153836668017922e-01 6.983795449516224663e-01 6.950714773280360914e-01 7.218144542323664536e-01
1.742500000000000071e+01 6.888113893469565152e-01 6.868856200655569788e-01 6.872190532611364144e-01 6.857811933762243406e-01
1.747500000000000142e+01 6.796900088992842148e-01 6.796305441503545097e-01 6.794790200414485559e-01 7.254699369419370658e-01
1.752499999999999858e+01 6.726952933213130592e-01 6.750642718241028906e-01 6.719292894437687291e-01 5.676088259596219210e-01
1.757500000000000284e+01 6.639152165110007164e-01 6.645462289367409792e-01 6.642967869813135584e-01 5.291097979809621377e-01
1.762500000000000000e+01 6.560344050662894055e-01 6.584973887301199813e-01 6.566795586954231601e-01 5.105235125977730659e-01
1.767500000000000071e+01 6.477980041094170138e-01 6.498944377796740390e-01 6.493189531743088772e-01 4.960138813177405459e-01
1.772500000000000142e+01 6.393549710947405984e-01 6.433007266493646625e-01 6.417364888882320928e-01 6.550570744981519811e-01
1.777499999999999858e+01 6.325905096125385985e-01 6.370620210556164897e-01 6.343126277574129279e-01 5.900709187951986845e-01
1.782500000000000284e+01 6.300029455696293246e-01 6.268328893807795232e-01 6.268401744137519493e-01 5.105619342618618051e-01
1.787500000000000000e+01 6.189359404173108148e-01 6.190306623651451456e-01 6.195928257589083943e-01 5.910649544865230753e-01
1.792500000000000071e+01 6.103636710537170273e-01 6.123568213906847024e-01 6.122835834771687136e-01 5.727010420020555159e-01
1.797500000000000142e+01 6.059611242526801167e-01 6.026976283446375815e-01 6.050969535337007432e-01 5.432915116718314286e-01
1.802499999999999858e+01 5.982109592490100214e-01 5.976222386154177446e-01 5.978378743148307084e-01 4.694860748900649416e-01
1.807500000000000284e+01 5.899591003521836852e-01 5.920712318950369646e-01 5.907590423828347204e-01 5.298856326807166450e-01
1.812500000000000000e+01 5.832336166410119205e-01 5.835173676502516393e-01 5.834466436324681204e-01 5.269661600165838067e-01
1.817500000000000071e+01 5.767820046694294156e-01 5.777605143893276285e-01 5.762893268578757056e-01 4.947521055665030643e-01
1.822500000000000142e+01 5.709353830979845279e-01 5.737017477403716370e-01 5.692546507416458290e-01 5.175543863227518582e-01
1.827499999999999858e+01 5.629002524134485430e-01 5.609682166446522400e-01 5.622177979326552499e-01 4.966020643997838824e-01
1.832500000000000284e+01 5.535886872718478458e-01 5.541042135373622779e-01 5.551630179648383567e-01 4.398196111382371432e-01
1.837500000000000000e+01 5.464173112713954783e-01 5.503613458809910597e-01 5.483415483896409981e-01 5.306519292910393260e-01
1.842500000000000071e+01 5.432096494737466141e-01 5.389945753857393607e-01 5.414032156409909202e-01 4.849831437977885629e-01
1.847500000000000142e+01 5.359392272429667203e-01 5.354994269426601727e-01 5.345674617320975708e-01 5.071890559987308755e-01
1.852499999999999858e+01 5.242238772602995089e-01 5.287357500161871116e-01 5.276362782370056514e-01 4.938719201127958480e-01
1.857500000000000284e+01 5.202791864032663138e-01 5.195528874237104189e-01 5.208591659623127423e-01 4.175341959765359046e-01
1.862500000000000000e+01 5.136715664841632334e-01 5.152664404617244287e-01 5.139720868079176164e-01 4.292549217506204107e-01
1.867500000000000071e+01 5.083108413717546403e-01 5.099527260720253530e-01 5.072860692761649304e-01 4.339018763928905176e-01
1.872500000000000142e+01 5.011458711991000348e-01 5.023715803765880228e-01 5.006273789535130581e-01 5.144525843541393195e-01
1.877499999999999858e+01 4.950458714570985519e-01 4.936274904759281879e-01 4.939468700345840957e-01 4.018173723896640848e-01
1.882500000000000284e+01 4.861578966372298027e-01 4.903733853448696278e-01 4.872973288872123332e-01 4.748403001312244132e-01
1.887500000000000000e+01 4.806837102574774145e-01 4.821414705392584321e-01 4.808420726355010499e-01 4.961142217716207892e-01
1.892500000000000071e+01 4.757911892692339162e-01 4.735467955431234000e-01 4.741989474056659826e-01 3.954729908959830342e-01
1.897500000000000142e+01 4.655200693631134645e-01 4.669322441900030096e-01 4.676276125240474424e-01 4.976235104277351717e-01
1.902499999999999858e+01 4.625011166590806688e-01 4.598287244677977115e-01 4.611740849621928096e-01 4.147392136659386330e-01
1.907500000000000284e+01 4.556212563234205981e-01 4.571816942467131772e-01 4.547868179664693589e-01 4.458394066550193657e-01
1.912500000000000000e+01 4.485785505794169237e-01 4.509251885615819244e-01 4.483679025854297451e-01 3.740057714875129058e-01
1.917500000000000426e+01 4.407601182342247848e-01 4.425808968141743405e-01 4.419435584602487976e-01 4.115683951061366863e-01
1.922500000000000142e+01 4.347397308014414041e-01 4.356503039716539405e-01 4.355770257595532047e-01 3.570232933567180078e-01
1.927499999999999858e+01 4.300237936406081651e-01 4.292319849716227931e-01 4.292913152277745836e-01 2.932624699945801106e-01
1.932500000000000284e+01 4.225013846376159954e-01 4.236067812445505898e-01 4.228968248759935045e-01 3.922375056864682574e-01
1.937500000000000000e+01 4.170244511865785486e-01 4.162375700061131112e-01 4.167026877320713640e-01 2.966929041099133357e-01
1.942500000000000426e+01 4.104560672708248426e-01 4.109565686738470558e-01 4.105027999851608156e-01 3.336676020148340305e-01
1.947500000000000142e+01 4.047698691632330981e-01 4.058040413047409034e-01 4.043698807442796528e-01 3.542997151461917960e-01
1.952499999999999858e+01 3.971739607182863119e-01 4.014450923637872815e-01 3.981622974054926933e-01 3.620141320350249159e-01
1.957500000000000284e+01 3.928696682677919605e-01 3.949422089179167594e-01 3.921700025554514801e-01 2.938205494841589771e-01
1.962500000000000000e+01 3.838262395301647589e-01 3.868437908359461108e-01 3.860130149555079382e-01 3.583342175615328862e-01
1.967500000000000426e+01 3.791446034721549507e-01 3.775027568521503452e-01 3.799116867223286675e-01 2.814594205722222853e-01
1.972500000000000142e+01 3.725918759447228723e-01 3.740387198933336488e-01 3.738131802579379714e-01 3.578216216994424270e-01
1.977499999999999858e+01 3.691467350205072662e-01 3.677629223491820087e-01 3.677584953869448836e-01 3.312482233373666429e-01
1.982500000000000284e+01 3.607108691869592709e-01 3.635230753195362596e-01 3.619258161605996005e-01 3.696218356070526401e-01
1.987500000000000000e+01 3.559162988828303842e-01 3.566119866215322620e-01 3.559719600313339116e-01 3.340527027246844582e-01
1.992500000000000426e+01 3.485519655284612384e-01 3.511286593525754784e-01 3.500377878157249767e-01 3.476249656201408911e-01
1.997500000000000142e+01 3.450585364526900789e-01 3.438995121143629263e-01 3.442216966076568352e-01 3.307163687896736426e-01
