# r (Angstroms), cation-water g(r), anion-water g(r), water-water g(r), cation-anion g(r)
2.500000000000000139e-02 0.000000000000000000e+00 0.000000000000000000e+00 5.969128916982732335e+04 0.000000000000000000e+00
7.500000000000001110e-02 0.000000000000000000e+00 0.000000000000000000e+00 0.000000000000000000e+00 0.000000000000000000e+00
1.250000000000000000e-01 0.000000000000000000e+00 0.000000000000000000e+00 0.000000000000000000e+00 0.000000000000000000e+00
1.750000000000000167e-01 0.000000000000000000e+00 0.000000000000000000e+00 0.000000000000000000e+00 0.000000000000000000e+00
2.250000000000000056e-01 0.000000000000000000e+00 0.000000000000000000e+00 0.000000000000000000e+00 0.000000000000000000e+00
2.750000000000000222e-01 0.000000000000000000e+00 0.000000000000000000e+00 0.000000000000000000e+00 0.000000000000000000e+00
3.250000000000000666e-01 0.000000000000000000e+00 0.000000000000000000e+00 0.000000000000000000e+00 0.000000000000000000e+00
3.750000000000000000e-01 0.000000000000000000e+00 0.000000000000000000e+00 0.000000000000000000e+00 0.000000000000000000e+00
4.250000000000000444e-01 0.000000000000000000e+00 0.000000000000000000e+00 0.000000000000000000e+00 0.000000000000000000e+00
4.749999999999999778e-01 0.000000000000000000e+00 0.000000000000000000e+00 0.000000000000000000e+00 0.000000000000000000e+00
5.250000000000000222e-01 0.000000000000000000e+00 0.000000000000000000e+00 0.000000000000000000e+00 0.000000000000000000e+00
5.750000000000000666e-01 0.000000000000000000e+00 0.000000000000000000e+00 0.000000000000000000e+00 0.000000000000000000e+00
6.250000000000000000e-01 0.000000000000000000e+00 0.000000000000000000e+00 0.000000000000000000e+00 0.000000000000000000e+00
6.750000000000000444e-01 0.000000000000000000e+00 0.000000000000000000e+00 0.000000000000000000e+00 0.000000000000000000e+00
7.250000000000000888e-01 0.000000000000000000e+00 0.000000000000000000e+00 0.000000000000000000e+00 0.000000000000000000e+00
7.750000000000000222e-01 0.000000000000000000e+00 0.000000000000000000e+00 0.000000000000000000e+00 0.000000000000000000e+00
8.250000000000000666e-01 0.000000000000000000e+00 0.000000000000000000e+00 0.000000000000000000e+00 0.000000000000000000e+00
8.750000000000000000e-01 0.000000000000000000e+00 0.000000000000000000e+00 0.000000000000000000e+00 0.000000000000000000e+00
9.250000000000000444e-01 0.000000000000000000e+00 0.000000000000000000e+00 0.000000000000000000e+00 0.000000000000000000e+00
9.750000000000000888e-01 0.000000000000000000e+00 0.000000000000000000e+00 0.000000000000000000e+00 0.000000000000000000e+00
1.024999999999999911e+00 0.000000000000000000e+00 0.000000000000000000e+00 0.000000000000000000e+00 0.000000000000000000e+00
1.075000000000000178e+00 0.000000000000000000e+00 0.000000000000000000e+00 0.000000000000000000e+00 0.000000000000000000e+00
1.125000000000000000e+00 0.000000000000000000e+00 0.000000000000000000e+00 0.000000000000000000e+00 0.000000000000000000e+00
1.175000000000000266e+00 0.000000000000000000e+00 0.000000000000000000e+00 0.000000000000000000e+00 0.000000000000000000e+00
1.225000000000000089e+00 0.000000000000000000e+00 0.000000000000000000e+00 0.000000000000000000e+00 0.000000000000000000e+00
1.274999999999999911e+00 0.000000000000000000e+00 0.000000000000000000e+00 0.000000000000000000e+00 0.000000000000000000e+00
1.325000000000000178e+00 0.000000000000000000e+00 0.000000000000000000e+00 0.000000000000000000e+00 0.000000000000000000e+00
1.375000000000000000e+00 0.000000000000000000e+00 0.000000000000000000e+00 0.000000000000000000e+00 0.000000000000000000e+00
1.425000000000000266e+00 0.000000000000000000e+00 0.000000000000000000e+00 0.000000000000000000e+00 0.000000000000000000e+00
1.475000000000000089e+00 0.000000000000000000e+00 0.000000000000000000e+00 0.000000000000000000e+00 0.000000000000000000e+00
1.524999999999999911e+00 0.000000000000000000e+00 0.000000000000000000e+00 0.000000000000000000e+00 0.000000000000000000e+00
1.575000000000000178e+00 0.000000000000000000e+00 0.000000000000000000e+00 0.000000000000000000e+00 0.000000000000000000e+00
1.625000000000000000e+00 0.000000000000000000e+00 0.000000000000000000e+00 0.000000000000000000e+00 0.000000000000000000e+00
1.675000000000000266e+00 0.000000000000000000e+00 0.000000000000000000e+00 0.000000000000000000e+00 0.000000000000000000e+00
1.725000000000000089e+00 0.000000000000000000e+00 0.000000000000000000e+00 0.000000000000000000e+00 0.000000000000000000e+00
1.774999999999999911e+00 0.000000000000000000e+00 0.000000000000000000e+00 0.000000000000000000e+00 0.000000000000000000e+00
1.825000000000000178e+00 0.000000000000000000e+00 0.000000000000000000e+00 0.000000000000000000e+00 0.000000000000000000e+00
1.875000000000000000e+00 0.000000000000000000e+00 0.000000000000000000e+00 0.000000000000000000e+00 0.000000000000000000e+00
1.925000000000000266e+00 0.000000000000000000e+00 0.000000000000000000e+00 0.000000000000000000e+00 0.000000000000000000e+00
1.975000000000000089e+00 0.000000000000000000e+00 0.000000000000000000e+00 0.000000000000000000e+00 0.000000000000000000e+00
2.025000000000000355e+00 3.110077936764434541e-05 0.000000000000000000e+00 0.000000000000000000e+00 0.000000000000000000e+00
2.075000000000000178e+00 2.591756693626020951e-03 0.000000000000000000e+00 0.000000000000000000e+00 0.000000000000000000e+00
2.125000000000000000e+00 7.858518128505405376e-02 0.000000000000000000e+00 0.000000000000000000e+00 0.000000000000000000e+00
2.174999999999999822e+00 7.253082167438872352e-01 0.000000000000000000e+00 0.000000000000000000e+00 0.000000000000000000e+00
2.225000000000000089e+00 2.761671537039994906e+00 0.000000000000000000e+00 0.000000000000000000e+00 0.000000000000000000e+00
2.275000000000000355e+00 5.729539091078114765e+00 0.000000000000000000e+00 0.000000000000000000e+00 0.000000000000000000e+00
2.325000000000000178e+00 7.653455628208948980e+00 0.000000000000000000e+00 0.000000000000000000e+00 0.000000000000000000e+00
2.375000000000000000e+00 7.660802894859644496e+00 0.000000000000000000e+00 1.175718811337749319e-05 0.000000000000000000e+00
2.425000000000000266e+00 6.293781411351113242e+00 0.000000000000000000e+00 7.689757272596655507e-04 0.000000000000000000e+00
2.475000000000000089e+00 4.595988431567206156e+00 0.000000000000000000e+00 1.621853009412283983e-02 0.000000000000000000e+00
2.525000000000000355e+00 3.139102461677814038e+00 0.000000000000000000e+00 1.341836154462078268e-01 1.538732345376448265e-03
2.575000000000000178e+00 2.063758196120968780e+00 0.000000000000000000e+00 5.519355361642088731e-01 3.462165181383969337e-02
2.625000000000000000e+00 1.359996647725001173e+00 0.000000000000000000e+00 1.338654059187841083e+00 3.120820879725431096e-01
2.675000000000000266e+00 9.051192543602628593e-01 0.000000000000000000e+00 2.210920981705125854e+00 1.445590280000789596e+00
2.725000000000000089e+00 6.179327977270986372e-01 0.000000000000000000e+00 2.765716646074528828e+00 3.677311875775396643e+00
2.775000000000000355e+00 4.388692498291790201e-01 0.000000000000000000e+00 2.863094446883730271e+00 6.164530232123219378e+00
2.825000000000000178e+00 3.175520153194094641e-01 0.000000000000000000e+00 2.622074341235728134e+00 7.888307592837843885e+00
2.875000000000000000e+00 2.442748821149461902e-01 7.714836942644291151e-06 2.233943673362017268e+00 7.886937151364818099e+00
2.925000000000000266e+00 1.934738650867531828e-01 1.788802204361690691e-04 1.852804839166212636e+00 6.888952489336002571e+00
2.975000000000000089e+00 1.597547168675895191e-01 4.085190297385255138e-03 1.545831181233403795e+00 5.327872929972044425e+00
3.025000000000000355e+00 1.410119631705480936e-01 3.924083837970626654e-02 1.327719620298590364e+00 3.870531937718824977e+00
3.075000000000000178e+00 1.297870921492949858e-01 2.057845325977442075e-01 1.185083578036815410e+00 2.713138245461609088e+00
3.125000000000000000e+00 1.216382929505766958e-01 6.653408280717285628e-01 1.098364466257635508e+00 1.848654520801202628e+00
3.175000000000000266e+00 1.207156594908925656e-01 1.469602294272660314e+00 1.044952811023593053e+00 1.283071323834687805e+00
3.225000000000000089e+00 1.259409140831531937e-01 2.414158751776523726e+00 1.016199645333258239e+00 8.815717780357857913e-01
3.275000000000000355e+00 1.346934316875362525e-01 3.176208458334544904e+00 1.001776289259650232e+00 6.287507593298298225e-01
3.325000000000000178e+00 1.472039961927791296e-01 3.505682693860916466e+00 9.908047136007721578e-01 4.552248076057767157e-01
3.375000000000000000e+00 1.674682135347237422e-01 3.442212446179979679e+00 9.850618990556030408e-01 3.181569631905151185e-01
3.425000000000000266e+00 1.907297283092743989e-01 3.085357503162272419e+00 9.816497237322909797e-01 2.524006156465607997e-01
3.475000000000000089e+00 2.210842244130008794e-01 2.616098192868902217e+00 9.778410130550635460e-01 1.956317821277798741e-01
3.525000000000000355e+00 2.571498486178857568e-01 2.142698149870181812e+00 9.736413700863248977e-01 1.678563499224352551e-01
3.575000000000000178e+00 3.046070091322391482e-01 1.743240217504639755e+00 9.705180713637574508e-01 1.378628333400117312e-01
3.625000000000000000e+00 3.559755829981985920e-01 1.432326755850539257e+00 9.692211327762736417e-01 1.160187404726646665e-01
3.675000000000000266e+00 4.171088499287635143e-01 1.204846817856261687e+00 9.682976088000739834e-01 1.075078974407568527e-01
3.725000000000000089e+00 4.895047809807080430e-01 1.039245769413221332e+00 9.674645186528888496e-01 1.012474239496043982e-01
3.775000000000000355e+00 5.667596232187089855e-01 9.235305460301387326e-01 9.699963240741676929e-01 9.789474387523372512e-02
3.825000000000000178e+00 6.483944076807017787e-01 8.477598991115211646e-01 9.724685690028942453e-01 1.007165657234262712e-01
3.875000000000000000e+00 7.379063831933563300e-01 7.929197024525818094e-01 9.746657834536139875e-01 1.061051893409606928e-01
3.925000000000000266e+00 8.280984131807793691e-01 7.601019290121641125e-01 9.810184164353815683e-01 1.212500113387841166e-01
3.975000000000000089e+00 9.208362951707194100e-01 7.408219103623799873e-01 9.859622216891811286e-01 1.328721064995365686e-01
4.025000000000000355e+00 1.014009749712107444e+00 7.332452611121397235e-01 9.932640805825293517e-01 1.539353030477663697e-01
4.075000000000000178e+00 1.092860492630451930e+00 7.308880163057904777e-01 1.000566132394382635e+00 1.881102338512007921e-01
4.125000000000000000e+00 1.170866393998138300e+00 7.360553963076388317e-01 1.007017859655486625e+00 2.338539781755802072e-01
4.175000000000000711e+00 1.235467854563397250e+00 7.515301819221309465e-01 1.014874297933178626e+00 2.892977178218822942e-01
4.224999999999999645e+00 1.299841531992317334e+00 7.679389508845203549e-01 1.022667377049863768e+00 3.687772012545132427e-01
4.275000000000000355e+00 1.346563197690119784e+00 7.904028753306668875e-01 1.028692909464110627e+00 4.533920776964956434e-01
4.325000000000000178e+00 1.378554229738373271e+00 8.173525884534096342e-01 1.034003865029208491e+00 5.515356073897625944e-01
4.375000000000000000e+00 1.401436573654914142e+00 8.435338855505408739e-01 1.038217196580817570e+00 6.922547472787817791e-01
4.425000000000000711e+00 1.419261673007740088e+00 8.775463886798862134e-01 1.042534300253712187e+00 8.346256470375379433e-01
4.474999999999999645e+00 1.421802907963994222e+00 9.095023181852791572e-01 1.045855126085652120e+00 9.991066660240901509e-01
4.525000000000000355e+00 1.424462035465187792e+00 9.445919064514813890e-01 1.049532921732934332e+00 1.156154236864959550e+00
4.575000000000000178e+00 1.405144160934016950e+00 9.753124190559085971e-01 1.051686843092566548e+00 1.350194939172395303e+00
4.625000000000000000e+00 1.385626577409283522e+00 1.011532383652949951e+00 1.052739521211465412e+00 1.557175984868068630e+00
4.675000000000000711e+00 1.356157955900011425e+00 1.041841904718025624e+00 1.049747700637496450e+00 1.722631459609048843e+00
4.724999999999999645e+00 1.321178768382858637e+00 1.068089488525676645e+00 1.042658096142406565e+00 1.870225524936242056e+00
4.775000000000000355e+00 1.281024831106646555e+00 1.097257755182324157e+00 1.033819937557264312e+00 2.007850080646558677e+00
4.825000000000001066e+00 1.231048037078196877e+00 1.117220166476406318e+00 1.022555607944541256e+00 2.095908754174407029e+00
4.875000000000000000e+00 1.189989695907105238e+00 1.132581666522086472e+00 1.009838604017953445e+00 2.175657706299473748e+00
4.925000000000000711e+00 1.134706814450518797e+00 1.145570007780784882e+00 9.953907110510750167e-01 2.213085435471164875e+00
4.974999999999999645e+00 1.086606960502051633e+00 1.155416503955256191e+00 9.821590873331585980e-01 2.265145219880023486e+00
5.025000000000000355e+00 1.039262989022708750e+00 1.165247270280559189e+00 9.704072228493403340e-01 2.330246270025146504e+00
5.075000000000001066e+00 9.978356135682062700e-01 1.166822565163698311e+00 9.602752974158782484e-01 2.360662823784035691e+00
5.125000000000000000e+00 9.621528975048159182e-01 1.168780098873337669e+00 9.486166635243672429e-01 2.379294973869965357e+00
5.175000000000000711e+00 9.295635666655657214e-01 1.166787030680445980e+00 9.404170669767828450e-01 2.400726183302949845e+00
5.224999999999999645e+00 9.094826157732421867e-01 1.156686047495440572e+00 9.322607447053471441e-01 2.370739226404820155e+00
5.275000000000000355e+00 8.906913619355878442e-01 1.148530369350040159e+00 9.254358144551735332e-01 2.340183163471021732e+00
5.325000000000001066e+00 8.795824658998621093e-01 1.133906558761528682e+00 9.191493738338177844e-01 2.284471616857957521e+00
5.375000000000000000e+00 8.702759322536326447e-01 1.119517428742535126e+00 9.145700280863859888e-01 2.229535493239929611e+00
5.425000000000000711e+00 8.701318679228930986e-01 1.097492175489011901e+00 9.112542126371605544e-01 2.112291117200780111e+00
5.474999999999999645e+00 8.693436935791468700e-01 1.079170016441606483e+00 9.098932069883921558e-01 1.998218134237072841e+00
5.525000000000000355e+00 8.723750515572136210e-01 1.060031041677671704e+00 9.096539358464674763e-01 1.848185975210517862e+00
5.575000000000001066e+00 8.748136065337126510e-01 1.040443817320026554e+00 9.110890991370618197e-01 1.699970867073875569e+00
5.625000000000000000e+00 8.792026251352413890e-01 1.021499312138777427e+00 9.153168285738852994e-01 1.559252645531920889e+00
5.675000000000000711e+00 8.852719930376981017e-01 1.004249976405027001e+00 9.210131273499035931e-01 1.438134478347551815e+00
5.724999999999999645e+00 8.929417615552635024e-01 9.863318723186891290e-01 9.280770571236354183e-01 1.315603252651949218e+00
5.775000000000000355e+00 9.043501759832107689e-01 9.720933591822338293e-01 9.375218209752044229e-01 1.226733521546087724e+00
5.825000000000001066e+00 9.112301085375531517e-01 9.583052814947620179e-01 9.476106584528286580e-01 1.105317612834545660e+00
5.875000000000000000e+00 9.225900866210898776e-01 9.445389215879645972e-01 9.573051621441523995e-01 1.058842269083160037e+00
5.925000000000000711e+00 9.304975377333974951e-01 9.312677314399717687e-01 9.679891232562328751e-01 9.890673317516827101e-01
5.974999999999999645e+00 9.427224651754521068e-01 9.255283077224107924e-01 9.770817540002331159e-01 9.409809002973391623e-01
6.025000000000000355e+00 9.509667115562551176e-01 9.154463030357605779e-01 9.865019817313531725e-01 9.339681029074416996e-01
6.075000000000001066e+00 9.569727283535491846e-01 9.090166166115815072e-01 9.954748042965128052e-01 8.982417036275228694e-01
6.125000000000000000e+00 9.643462948069166929e-01 9.076119431060126752e-01 1.003330054287501882e+00 8.756866202458489790e-01
6.175000000000000711e+00 9.670317281275022658e-01 9.062638298834679862e-01 1.011078905017709362e+00 9.006711063961420072e-01
6.224999999999999645e+00 9.739532941548544320e-01 9.035614460645298163e-01 1.017503796672983851e+00 9.077804631125943047e-01
6.275000000000000355e+00 9.779038727453084334e-01 9.104820513854487984e-01 1.023967304539179501e+00 9.067262830871263279e-01
6.325000000000001066e+00 9.809101250205173317e-01 9.177635595128946777e-01 1.029213374198175712e+00 9.206981253869205295e-01
6.375000000000000000e+00 9.835357986643536998e-01 9.231348397948536677e-01 1.033787061622070569e+00 9.390946448962229631e-01
6.425000000000000711e+00 9.847038023216849734e-01 9.314369066485784776e-01 1.036968070180217305e+00 9.473029235007893734e-01
6.474999999999999645e+00 9.857383465094338160e-01 9.404046828407720549e-01 1.041069022239894837e+00 9.578610654448799222e-01
6.525000000000000355e+00 9.847968623217496775e-01 9.521930212644436065e-01 1.043277658180656875e+00 9.854520868012003332e-01
6.575000000000001066e+00 9.869339759932526102e-01 9.607746534606670386e-01 1.044904983325048775e+00 1.004289595264238333e+00
6.625000000000000000e+00 9.877555460270364129e-01 9.716049666307967625e-01 1.045042650749548940e+00 1.023655346458590909e+00
6.675000000000000711e+00 9.876489392283743785e-01 9.814459970635598385e-01 1.044970107364313838e+00 1.032113560163002708e+00
6.724999999999999645e+00 9.888886142767437937e-01 9.875589606868164783e-01 1.044243524400810141e+00 1.075219998994018766e+00
6.775000000000000355e+00 9.886394114201236816e-01 9.974447297306999749e-01 1.043332733342915430e+00 1.091297769986659061e+00
6.825000000000001066e+00 9.875739763925028836e-01 1.006918066373533760e+00 1.041005220992899272e+00 1.093184872748027781e+00
6.875000000000000000e+00 9.870568066251198536e-01 1.016050429916372844e+00 1.038427139023607504e+00 1.119892580489144640e+00
6.925000000000000711e+00 9.845925532829993276e-01 1.022150181306306083e+00 1.036754764956118846e+00 1.128205892731101390e+00
6.974999999999999645e+00 9.821890162093310783e-01 1.030368614020712004e+00 1.032957790614198013e+00 1.134271030612504783e+00
7.025000000000000355e+00 9.833732709629945390e-01 1.034195521609155843e+00 1.029149128356861231e+00 1.144423297026699649e+00
7.075000000000001066e+00 9.832833078664928728e-01 1.043753498066098517e+00 1.026323608458185044e+00 1.169659905789102616e+00
7.125000000000000000e+00 9.805728875083302709e-01 1.049034377511867788e+00 1.022457832096350883e+00 1.145880340450989188e+00
7.175000000000000711e+00 9.781482155353781183e-01 1.051831333018359738e+00 1.018668355979330364e+00 1.157140871382776215e+00
7.224999999999999645e+00 9.801419802822302074e-01 1.059899074755409787e+00 1.014106752991371874e+00 1.172341256974541501e+00
7.275000000000000355e+00 9.823706633784332620e-01 1.060854479327626887e+00 1.010911003393393903e+00 1.174299709346409148e+00
7.325000000000001066e+00 9.800475676707587347e-01 1.063723383266734324e+00 1.007081428471872986e+00 1.161797145737744952e+00
7.375000000000000000e+00 9.806409276170096057e-01 1.065102932678521297e+00 1.002942425973726737e+00 1.151544724541286868e+00
7.425000000000000711e+00 9.818165516789886249e-01 1.066173157496763224e+00 9.994049832255985644e-01 1.157015262907986175e+00
7.474999999999999645e+00 9.827646535442209341e-01 1.064614440300296394e+00 9.961401456113837538e-01 1.145556739776386834e+00
7.525000000000000355e+00 9.841854224347190705e-01 1.065108783934186398e+00 9.931948216948256469e-01 1.135443068108490827e+00
7.575000000000001066e+00 9.851964424863407510e-01 1.059665044360152519e+00 9.908649102663449337e-01 1.125187965918087674e+00
7.625000000000000000e+00 9.867259629795976927e-01 1.056317579570280385e+00 9.889066004749236249e-01 1.125430226852620619e+00
7.675000000000000711e+00 9.927027326427265708e-01 1.049825503352763700e+00 9.866758722047701546e-01 1.117842819681748034e+00
7.724999999999999645e+00 9.960254196941837890e-01 1.042831139567398147e+00 9.854151311731974561e-01 1.101577963911816838e+00
7.775000000000000355e+00 9.967598080933950389e-01 1.038463151664319239e+00 9.840737708157080155e-01 1.088429117612586872e+00
7.825000000000001066e+00 1.002548345596707469e+00 1.030187692705885949e+00 9.826813112026886454e-01 1.066584769795270837e+00
7.875000000000000000e+00 1.004153160301251457e+00 1.023387112142792654e+00 9.833252326186172620e-01 1.056406009149700509e+00
7.925000000000000711e+00 1.009477822363895827e+00 1.019313464368638344e+00 9.826388561264148835e-01 1.032246063252719726e+00
7.974999999999999645e+00 1.010817445146600768e+00 1.011277662801558730e+00 9.828682916028697036e-01 1.024556951309139263e+00
8.025000000000000355e+00 1.016854801390583374e+00 1.004314937852092804e+00 9.835362384097535715e-01 1.021091857303501937e+00
8.074999999999999289e+00 1.016781114633745986e+00 9.990357912319467459e-01 9.845393143028534633e-01 1.008124848306716226e+00
8.125000000000000000e+00 1.019990910566739517e+00 9.937038692669699635e-01 9.851265157833081210e-01 1.000748715193520377e+00
8.175000000000000711e+00 1.020324988240662201e+00 9.906333446334210091e-01 9.857927011956729713e-01 9.913044363629009981e-01
8.225000000000001421e+00 1.021815136295777915e+00 9.866833980969067497e-01 9.876577783169255831e-01 9.761273443957861895e-01
8.275000000000000355e+00 1.024449297053910080e+00 9.822338522945563977e-01 9.893006670861308471e-01 9.740807897801085913e-01
8.324999999999999289e+00 1.022179514843617909e+00 9.810686351209976230e-01 9.900364932308040045e-01 9.706538883617097380e-01
8.375000000000000000e+00 1.021722712887871198e+00 9.764463202946646048e-01 9.915186495560412983e-01 9.857021744913371242e-01
8.425000000000000711e+00 1.023952940566273728e+00 9.776877631973522886e-01 9.927826386600376862e-01 9.731802565185307952e-01
8.475000000000001421e+00 1.018605297327056292e+00 9.751821292640826533e-01 9.942567828399692109e-01 9.759912209870816868e-01
8.525000000000000355e+00 1.020337177960243480e+00 9.770629995105299948e-01 9.954750050816760787e-01 9.807213669440975057e-01
8.574999999999999289e+00 1.016120330073451372e+00 9.765815718098451725e-01 9.967788603692731009e-01 9.811924022472751084e-01
8.625000000000000000e+00 1.013929731282674052e+00 9.774248766388711207e-01 9.973230441319105299e-01 9.776302145916727637e-01
8.675000000000000711e+00 1.013227756442392824e+00 9.780525688604929657e-01 9.987755089408579812e-01 9.794296759257987706e-01
8.725000000000001421e+00 1.009421864902314558e+00 9.820797889143479953e-01 9.990971234012347990e-01 9.876190852478451410e-01
8.775000000000000355e+00 1.007052014226236469e+00 9.835328969294490076e-01 9.997048718819053770e-01 9.819513526009379101e-01
8.824999999999999289e+00 1.004383511296253806e+00 9.845666868349478573e-01 1.000114194187477823e+00 1.004590922009135356e+00
8.875000000000000000e+00 1.001677043538984346e+00 9.878885864321997889e-01 1.000976682861114853e+00 9.983355365762759392e-01
8.925000000000000711e+00 9.996821123629936467e-01 9.912553804819176362e-01 1.001300603677515166e+00 1.010335827282519139e+00
8.975000000000001421e+00 9.964050412556599845e-01 9.933618675911475293e-01 1.001362481197070498e+00 1.001302302517021570e+00
9.025000000000000355e+00 9.945756834315908623e-01 9.931766038573884847e-01 1.001602589952554689e+00 1.012184175786861484e+00
9.074999999999999289e+00 9.926973872268336496e-01 9.959859133081877536e-01 1.001847945279221053e+00 1.005540513763933497e+00
9.125000000000000000e+00 9.917539128478211063e-01 9.970911564745783551e-01 1.001956507043611388e+00 1.016489910631924953e+00
9.175000000000000711e+00 9.889304295158558578e-01 9.982927500806093590e-01 1.001765474839520609e+00 1.011687930421455439e+00
9.225000000000001421e+00 9.886200173866364072e-01 1.000781824259868058e+00 1.001724274371605494e+00 1.009696851211072444e+00
9.275000000000000355e+00 9.875063989792198793e-01 1.002323920794738310e+00 1.002203695682144069e+00 1.006754631070426065e+00
9.324999999999999289e+00 9.862006167694070680e-01 1.002835324200805012e+00 1.001966547032631327e+00 1.001966974635418728e+00
9.375000000000000000e+00 9.868501038556897198e-01 1.004179964046268969e+00 1.001409083739803974e+00 1.005283141181989803e+00
9.425000000000000711e+00 9.871661567678943205e-01 1.005578249958876125e+00 1.001304390924636634e+00 1.007390390807031189e+00
9.475000000000001421e+00 9.860368910292460765e-01 1.006258986805530720e+00 1.001544906509592936e+00 1.007648809549745339e+00
9.525000000000000355e+00 9.853295268262901585e-01 1.004114751504934011e+00 1.001864365793697642e+00 9.980275770012227987e-01
9.575000000000001066e+00 9.877256655745328962e-01 1.005452022161739789e+00 1.001053207820603586e+00 1.002120608912480337e+00
9.625000000000000000e+00 9.887585902066928778e-01 1.005155836943748104e+00 1.001789985580870290e+00 9.986407386529033703e-01
9.675000000000000711e+00 9.876634702692698164e-01 1.004385585491311961e+00 1.001441482227999336e+00 9.893936514555227157e-01
9.725000000000001421e+00 9.878324630991364153e-01 1.006318223103508824e+00 1.001465498707613477e+00 9.997231457550880274e-01
9.775000000000000355e+00 9.911891667040808596e-01 1.006198073513048241e+00 1.001302055857166362e+00 9.921504632695742343e-01
9.825000000000001066e+00 9.928080451119308814e-01 1.005652350309834686e+00 1.001576009261854860e+00 9.904118480732420071e-01
9.875000000000000000e+00 9.920258319632963007e-01 1.004567103571211151e+00 1.001564362303888345e+00 9.902470634010515083e-01
9.925000000000000711e+00 9.949203108050534983e-01 1.003808677912044089e+00 1.001445767340325643e+00 9.890991250259852929e-01
9.975000000000001421e+00 9.966771326511052465e-01 1.003328337809408666e+00 1.001717250312878171e+00 9.881413026889145357e-01
1.002500000000000036e+01 9.965093937518596512e-01 1.001477032727550398e+00 1.001538022567675990e+00 9.851619234732957864e-01
1.007500000000000107e+01 9.972281831260492169e-01 1.003573988757678892e+00 1.001083955817954063e+00 9.863875466124539804e-01
1.012500000000000000e+01 9.986854017226391989e-01 1.002062489048869187e+00 1.001535068750073032e+00 9.788323275328972839e-01
1.017500000000000071e+01 9.982913420055253839e-01 1.002642395036162037e+00 1.001799310757252925e+00 9.772528028214426676e-01
1.022500000000000142e+01 1.000699522864829882e+00 1.000520810946251338e+00 1.002149340077601813e+00 9.815689961141990105e-01
1.027500000000000036e+01 1.002183142066469301e+00 1.001179870486481605e+00 1.001750599735858227e+00 9.770200891020710543e-01
1.032500000000000107e+01 1.003685670521734519e+00 1.000508134426365325e+00 1.002127795518410913e+00 9.826545099377811399e-01
1.037500000000000000e+01 1.003166622819337883e+00 9.997601557963213814e-01 1.001703228283411962e+00 9.759402699413166626e-01
1.042500000000000071e+01 1.005152003557140628e+00 9.997831503489553739e-01 1.002079215235324838e+00 9.747255682445234992e-01
1.047500000000000142e+01 1.004829711039256335e+00 9.997979258870515196e-01 1.002071324543685638e+00 9.841652100742568354e-01
1.052500000000000036e+01 1.005185435731680954e+00 1.000132840961278413e+00 1.001473433606762997e+00 9.784323801623818762e-01
1.057500000000000107e+01 1.005231207116508596e+00 9.988742571311525209e-01 1.001594553299962387e+00 9.747639131860451611e-01
1.062500000000000000e+01 1.005676157752787958e+00 1.000530683388328512e+00 1.001901351558626807e+00 9.704779098066924625e-01
1.067500000000000071e+01 1.004130234929597520e+00 9.983070490154617449e-01 1.001568338108765888e+00 9.757682572305169666e-01
1.072500000000000142e+01 1.005763218076162868e+00 1.000129472916759354e+00 1.001353354434435516e+00 9.829991024050038773e-01
1.077500000000000036e+01 1.006015478066094371e+00 1.000746975101385772e+00 1.001141560817329523e+00 9.825333831374453153e-01
1.082500000000000107e+01 1.004483637823347930e+00 1.000060941979586282e+00 1.001294584062547344e+00 9.832231677876834830e-01
1.087500000000000000e+01 1.005066694055456678e+00 1.000008409753316618e+00 1.001109609730964189e+00 9.837923930169597542e-01
1.092500000000000071e+01 1.004032112456450632e+00 1.001237288441467976e+00 1.000463182028792142e+00 9.748573685776837916e-01
1.097500000000000142e+01 1.003918583175302359e+00 1.000564682431140051e+00 1.000193018874563577e+00 9.845167835586778882e-01
1.102500000000000036e+01 1.002484129817045932e+00 1.000014683137305349e+00 9.998536156154980148e-01 9.840981708880686130e-01
1.107500000000000107e+01 1.002660865392408063e+00 1.002114443735037330e+00 9.999928173762612227e-01 9.775040730041413273e-01
1.112500000000000000e+01 1.002633175606373772e+00 1.001860825415600287e+00 9.996510356844831025e-01 9.843531245472781910e-01
1.117500000000000071e+01 1.003151032752237048e+00 1.002034766576829217e+00 9.996360479289154721e-01 9.799165678326540174e-01
1.122500000000000142e+01 1.003656336347645617e+00 1.001591937140765554e+00 9.993243725076493833e-01 9.791014821383074995e-01
1.127500000000000036e+01 1.002552684684010709e+00 1.001890539058764240e+00 9.990422168185437712e-01 9.821672428191919879e-01
1.132500000000000107e+01 1.000867510717099229e+00 1.001912140301843390e+00 9.984556022123992625e-01 9.862729113504353773e-01
1.137500000000000000e+01 1.000713298720331101e+00 1.002565408229434185e+00 9.984224911010937120e-01 9.836568994757864948e-01
1.142500000000000071e+01 1.000277706300845226e+00 1.002632958491987303e+00 9.985465934976549551e-01 9.822363309610442350e-01
1.147500000000000142e+01 1.000604960570340429e+00 1.002292718287871587e+00 9.984733249945588751e-01 9.865401142403390500e-01
1.152500000000000036e+01 1.001726187143930025e+00 1.000874011330675106e+00 9.984398179297699905e-01 9.884870126795182177e-01
1.157500000000000107e+01 1.001636537293431051e+00 1.000853106655182456e+00 9.982265102725650374e-01 9.874931209733663895e-01
1.162500000000000000e+01 1.000490698945611712e+00 1.000633677015977385e+00 9.979918244942239669e-01 9.827773167718865110e-01
1.167500000000000071e+01 1.001118135496876782e+00 1.001507847654825589e+00 9.985763397022319188e-01 9.820645614397015555e-01
1.172500000000000142e+01 1.000639511815586191e+00 1.000651108318552529e+00 9.979604018861912840e-01 9.812425586863081639e-01
1.177500000000000036e+01 1.000688952530613962e+00 9.999935396946366684e-01 9.981470553402778112e-01 9.832577094770756920e-01
1.182500000000000107e+01 1.000665294617068879e+00 1.001044726460734502e+00 9.981286650487550816e-01 9.812887669889432951e-01
1.187500000000000000e+01 1.000250206999420355e+00 1.000014150468504726e+00 9.982830375867005612e-01 9.841184946691972080e-01
1.192500000000000071e+01 1.000332444283595246e+00 1.000184013500827973e+00 9.983142407957991127e-01 9.862316578995886651e-01
1.197500000000000142e+01 1.000755091138416430e+00 9.992791502206070930e-01 9.986570938200441949e-01 9.878100695706211187e-01
1.202500000000000036e+01 1.000814641736732957e+00 1.000067139834140306e+00 9.989612273069073956e-01 9.849452798110310825e-01
1.207500000000000107e+01 1.000995901994639725e+00 9.993741732230017050e-01 9.993896076373360859e-01 9.829014003126158583e-01
1.212500000000000000e+01 1.001548308871733850e+00 9.984061529840949634e-01 9.992687580571307793e-01 9.765868012161079692e-01
1.217500000000000071e+01 1.000980663370872659e+00 9.982604809647699362e-01 9.994053473607620308e-01 9.804689148044684055e-01
1.222500000000000142e+01 1.001099220967995862e+00 9.994470674354560824e-01 9.996077577142750137e-01 9.826926236257358394e-01
1.227500000000000036e+01 1.000573192579083726e+00 9.988561747638429189e-01 1.000091062694968613e+00 9.849778616952994392e-01
1.232500000000000107e+01 1.001832894565482635e+00 9.994123472177389722e-01 9.998410183448072086e-01 9.848428855023743100e-01
1.237500000000000000e+01 1.000734358151165182e+00 9.987834717347090496e-01 9.999916055148723171e-01 9.817950804287262079e-01
1.242500000000000071e+01 1.001149368200611622e+00 9.993360060987008797e-01 9.996728350111317996e-01 9.866570875859027590e-01
1.247500000000000142e+01 1.001150653937726398e+00 9.980393308939640162e-01 1.000029629042887835e+00 9.833784239381742065e-01
1.252500000000000036e+01 1.000686277907326449e+00 9.982562388131566156e-01 1.000336351058275230e+00 9.826095749907747257e-01
1.257500000000000107e+01 1.001483647872960070e+00 9.986817219723521655e-01 1.000607003573859899e+00 9.809408443937525091e-01
1.262500000000000000e+01 1.001183601870944573e+00 9.990567608567560987e-01 1.000525823476356102e+00 9.944462048282554090e-01
1.267500000000000071e+01 1.000805908052614379e+00 9.982369595108153693e-01 1.000605679313055552e+00 9.869090799116426727e-01
1.272500000000000142e+01 1.000556025910442903e+00 9.990524229264279299e-01 1.000587037229713872e+00 9.884749149216194297e-01
1.277500000000000036e+01 1.000388012875810473e+00 1.000014071982300745e+00 1.000874354853360959e+00 9.853572481109164061e-01
1.282500000000000107e+01 9.999064628244737074e-01 1.000123188270738872e+00 1.000661630817071712e+00 9.843218245585612092e-01
1.287500000000000000e+01 1.000697477424094650e+00 9.998099823138646425e-01 1.001138391688578322e+00 9.822310925543982218e-01
1.292500000000000071e+01 1.000879866933544582e+00 1.000136646396081685e+00 1.000756481635997730e+00 9.813059849701516457e-01
1.297500000000000142e+01 9.990543417451883679e-01 9.991857817601820235e-01 1.000795399214111425e+00 9.841538342773339387e-01
1.302500000000000036e+01 1.000081406185152622e+00 1.000488116005715966e+00 1.001012001105728633e+00 9.856568840619918115e-01
1.307500000000000107e+01 9.999754779566270013e-01 1.000649894006983232e+00 1.001050985048081987e+00 9.816104953491644469e-01
1.312500000000000000e+01 1.000296715920766077e+00 9.999387507932152586e-01 1.000606420537790697e+00 9.813330213750280917e-01
1.317500000000000071e+01 1.000017052700861830e+00 1.000887735515750165e+00 1.000649774596050978e+00 9.789967744112978432e-01
1.322500000000000142e+01 1.000386438406441592e+00 9.999066194451899925e-01 1.000696503179947072e+00 9.847675571352040302e-01
1.327500000000000036e+01 9.993645492990456125e-01 1.000555439454120288e+00 1.000816948582901267e+00 9.909136912434977074e-01
1.332500000000000107e+01 1.000937601923094888e+00 1.001510090423936239e+00 1.000667867896252616e+00 9.847398959552250419e-01
1.337500000000000000e+01 9.997325904027201116e-01 1.002241439678622781e+00 1.000648004910787758e+00 9.814055470770128853e-01
1.342500000000000071e+01 1.000725575569257453e+00 1.001310796445572526e+00 1.000386584430633219e+00 9.805647680925884124e-01
1.347500000000000142e+01 1.000720703517832488e+00 1.001808372027604754e+00 1.000655747195835499e+00 9.760785456266414251e-01
1.352500000000000036e+01 1.001323366699460538e+00 1.000327739949261385e+00 1.000460183406871817e+00 9.837204186679625595e-01
1.357500000000000107e+01 1.000568467339423062e+00 1.001006560964753822e+00 1.000526838063651169e+00 9.752733918043788863e-01
1.362500000000000000e+01 9.995338433685737600e-01 1.000769106756263183e+00 1.000337331362727067e+00 9.769435691292465140e-01
1.367500000000000071e+01 9.989871404402778099e-01 1.001229235382477212e+00 9.997322474125939218e-01 9.790144616404565792e-01
1.372500000000000142e+01 1.001366332454550756e+00 1.002304379748365282e+00 1.000044846904237561e+00 9.808105635561310542e-01
1.377500000000000036e+01 1.000589179451089494e+00 1.001037160717558328e+00 9.999273198967035814e-01 9.811381735842528151e-01
1.382500000000000107e+01 1.000367916984583161e+00 1.002332743438090867e+00 9.997439719809201319e-01 9.814764585215975945e-01
1.387500000000000000e+01 1.000628996790849490e+00 1.000936390459614467e+00 9.999637958979122887e-01 9.808772973568060660e-01
1.392500000000000071e+01 1.001402185057986394e+00 1.001135801423388871e+00 9.999561231419168417e-01 9.822042732085726202e-01
1.397500000000000142e+01 1.000641291157677415e+00 1.001651869420816299e+00 1.000083559707903635e+00 9.777102945756902530e-01
1.402500000000000036e+01 1.001645607655913039e+00 1.001483185630567041e+00 9.997035378731128352e-01 9.844874526310807283e-01
1.407500000000000107e+01 1.000836130363099041e+00 1.001073368016568432e+00 9.998685725272963287e-01 9.795951520191558126e-01
1.412500000000000000e+01 1.000864783873453900e+00 1.001010211670635863e+00 9.997708152549598104e-01 9.789368290306699194e-01
1.417500000000000071e+01 1.002129359928709107e+00 1.000858925073683237e+00 9.996433445679812069e-01 9.815933526189107861e-01
1.422500000000000142e+01 1.001633294155509279e+00 9.996248844247527243e-01 1.000040484685003950e+00 9.822975415278841771e-01
1.427500000000000036e+01 9.999175757803495657e-01 1.001315477600247528e+00 9.999162442217546243e-01 9.878111408427197038e-01
1.432500000000000107e+01 1.001739044462295336e+00 1.000924234405171420e+00 9.996389414608303214e-01 9.807936020585926729e-01
1.437500000000000000e+01 1.002245448017726970e+00 1.001524247610172669e+00 9.996689001560571386e-01 9.893556375935015357e-01
1.442500000000000071e+01 1.000099267412722259e+00 1.000950015103532431e+00 9.996227705572153788e-01 9.825749211086270973e-01
1.447500000000000142e+01 1.001239379823673614e+00 1.001957649979765996e+00 9.998512923118491047e-01 9.829250828371456361e-01
1.452500000000000036e+01 1.001421248484662740e+00 1.000285355387234842e+00 9.997994391811796389e-01 9.805500556598236717e-01
1.457500000000000107e+01 1.001129476659221362e+00 1.000212096817587604e+00 9.998378952987431179e-01 9.883446958754047440e-01
1.462500000000000000e+01 1.002011139237633852e+00 1.000383887460649213e+00 1.000063687362451326e+00 9.844604924153994574e-01
1.467500000000000071e+01 1.001437111130685009e+00 9.998813360028946384e-01 9.998017587269444340e-01 9.856264342134291034e-01
1.472500000000000142e+01 1.001605374482581023e+00 9.993075323103878249e-01 9.997991390703133696e-01 9.825911484760982972e-01
1.477500000000000036e+01 1.000796999292737910e+00 9.997842269247618763e-01 9.997377874995529989e-01 9.851560017928980839e-01
1.482500000000000107e+01 1.001277180120327071e+00 9.995580373920334161e-01 9.996600427620855323e-01 9.882353315053769016e-01
1.487500000000000000e+01 1.000957932750921264e+00 1.000577792520620068e+00 9.998888063659089331e-01 9.873226327937074664e-01
1.492500000000000071e+01 1.001667391276336971e+00 9.997496311365696720e-01 9.997210107350213981e-01 9.787277763607197256e-01
1.497500000000000142e+01 1.001274999219732731e+00 1.000235637514638398e+00 9.997059824864945599e-01 9.858438192123604171e-01
1.502500000000000036e+01 1.001009982473658022e+00 1.001086816384187950e+00 9.998482339730124790e-01 9.835609709716420790e-01
1.507500000000000107e+01 1.000209007047342391e+00 1.000007531288519491e+00 9.997969063415125257e-01 9.856727706434087466e-01
1.512500000000000000e+01 1.000469653956747917e+00 1.000125113119881393e+00 1.000073629910204431e+00 9.905313190529514422e-01
1.517500000000000071e+01 1.000523771022056030e+00 1.000132758829337387e+00 9.999579151796915699e-01 9.846537372581325442e-01
1.522500000000000142e+01 1.000894802387509719e+00 1.000347893749502948e+00 1.000139995564249151e+00 9.809142050687036374e-01
1.527500000000000036e+01 1.001242276271565368e+00 9.997311625123772583e-01 1.000335804797008787e+00 9.820462939980360018e-01
1.532500000000000107e+01 1.000417801230276904e+00 9.999735840578647394e-01 9.997487126906505761e-01 9.891998764483462825e-01
1.537500000000000000e+01 1.001069521129317685e+00 1.000013667820285557e+00 1.000028218849281281e+00 9.836978684801233053e-01
1.542500000000000071e+01 1.000685644685344489e+00 1.001019326102578599e+00 9.999397970333535612e-01 9.840107276419415294e-01
1.547500000000000142e+01 1.001445771017428932e+00 1.001291057651447769e+00 1.000000310135296333e+00 9.854215179771013133e-01
1.552500000000000036e+01 1.000312749671763646e+00 1.000133896560857050e+00 9.999992315450956237e-01 9.856377583028111955e-01
1.557500000000000107e+01 1.000632594574844214e+00 1.001713555556617896e+00 1.000339598155425502e+00 9.869309652133646527e-01
1.562500000000000000e+01 1.001031300781958011e+00 1.000329979104246370e+00 1.000159581444551637e+00 9.863952267078797131e-01
1.567500000000000071e+01 1.000421961512716118e+00 1.000167616044451480e+00 1.000092732066943046e+00 9.874433750826805412e-01
1.572500000000000142e+01 1.000764105319398967e+00 1.000332658111820816e+00 1.000012944899695055e+00 9.880694521608441860e-01
1.577500000000000036e+01 1.000247191091095500e+00 1.000139819764435112e+00 1.000061151689085381e+00 9.874456194602667658e-01
1.582500000000000107e+01 1.000470296545063587e+00 1.001002747523952907e+00 1.000103084890404892e+00 9.845769394131119734e-01
1.587500000000000000e+01 1.000522976591331936e+00 1.001022726437000854e+00 9.999680366500486306e-01 9.861860050889365015e-01
1.592500000000000071e+01 1.000647050949706074e+00 1.000471537832537283e+00 1.000009494522561715e+00 9.867574140383226222e-01
1.597500000000000142e+01 1.000168001459219580e+00 9.994588423291699275e-01 9.998439109890689958e-01 9.871178319476379137e-01
1.602499999999999858e+01 9.994824914930826587e-01 1.001359813462162851e+00 1.000094338286660056e+00 9.877525337925655569e-01
1.607500000000000284e+01 1.000159478741550201e+00 1.000358630716256414e+00 9.998373485716083309e-01 9.838802332895516534e-01
1.612500000000000000e+01 1.000057899198930178e+00 1.001128672003440245e+00 9.998514627370107544e-01 9.808669784208224884e-01
1.617500000000000071e+01 1.000181710987507522e+00 1.001367255971604919e+00 1.000024085177224853e+00 9.897365707003016322e-01
1.622500000000000142e+01 1.000639642101237126e+00 1.000056088919922370e+00 1.000149722680378828e+00 9.881478176428898363e-01
1.627499999999999858e+01 1.000460358775778769e+00 1.000885046434167647e+00 9.999872352973486755e-01 9.914564137232588781e-01
1.632500000000000284e+01 1.000504732468499247e+00 1.000598769568313173e+00 1.000262622828501202e+00 9.850464431713692459e-01
1.637500000000000000e+01 1.001284753789676962e+00 1.001578938529236629e+00 9.998740190529228355e-01 9.855307685813908813e-01
1.642500000000000071e+01 1.000164419021070339e+00 1.000459651914051173e+00 1.000170804702898986e+00 9.827689704049045183e-01
1.647500000000000142e+01 1.002219875300182528e+00 1.000561413786665854e+00 9.999283814468680198e-01 9.857695571073475937e-01
1.652499999999999858e+01 9.998879463237860810e-01 1.001093159822049827e+00 1.000133959565835839e+00 9.811353646276791407e-01
1.657500000000000284e+01 1.000239158359320424e+00 1.000166041665390360e+00 1.000025363985686866e+00 9.878949178102065520e-01
1.662500000000000000e+01 1.000634511397630932e+00 1.001065039395741207e+00 1.000232672576329529e+00 9.931498944945461593e-01
1.667500000000000071e+01 9.996164205730153629e-01 1.000631941780337986e+00 9.997533748913919327e-01 9.874569460377640162e-01
1.672500000000000142e+01 9.983924409356743634e-01 9.984551331360711490e-01 9.973894694564217067e-01 9.863245518530381339e-01
1.677499999999999858e+01 9.917768274374664239e-01 9.921459827312968383e-01 9.920448921941422693e-01 9.770299650905018840e-01
1.682500000000000284e+01 9.843480561679441854e-01 9.853214468768608514e-01 9.840793926731107311e-01 9.696650933644875847e-01
1.687500000000000000e+01 9.759798301154727351e-01 9.753738570691456999e-01 9.754003118458745014e-01 9.609232482543399456e-01
1.692500000000000071e+01 9.666566638635157860e-01 9.676277134023333337e-01 9.665496046500906546e-01 9.543156903829461690e-01
1.697500000000000142e+01 9.588151638805568755e-01 9.585597765641636903e-01 9.577566808288207056e-01 9.481777595297579131e-01
1.702499999999999858e+01 9.498611467643908179e-01 9.502521013128102378e-01 9.491334553851321632e-01 9.377967439709307129e-01
1.707500000000000284e+01 9.423261137883145455e-01 9.411891989470692055e-01 9.406400983874411148e-01 9.312223251425777448e-01
1.712500000000000000e+01 9.317043513121738840e-01 9.321888215621142448e-01 9.317184929291869588e-01 9.173823208164154641e-01
1.717500000000000071e+01 9.235430499378312064e-01 9.244933861566235755e-01 9.232282499844460810e-01 9.099534149547264805e-01
1.722500000000000142e+01 9.155900581498175317e-01 9.151556870293889867e-01 9.148552079590258623e-01 9.064308339423023941e-01
1.727499999999999858e+01 9.068897733716391185e-01 9.070729026577052378e-01 9.064634347177447093e-01 8.999749949713806707e-01
1.732500000000000284e+01 8.982218390727276791e-01 8.989628815176456955e-01 8.980735859682300593e-01 8.888521725295766007e-01
1.737500000000000000e+01 8.900064850950635265e-01 8.897018859150940262e-01 8.897698408937293468e-01 8.852127283537785107e-01
1.742500000000000071e+01 8.816877780059334535e-01 8.819566078584452073e-01 8.812852704090270439e-01 8.649471259445690174e-01
1.747500000000000142e+01 8.734978074391308578e-01 8.734708692473267533e-01 8.732008942714200028e-01 8.637634018877553554e-01
1.752499999999999858e+01 8.656361833816906826e-01 8.656332765152139341e-01 8.648728890387231694e-01 8.579280998493590271e-01
1.757500000000000284e+01 8.570167157701850114e-01 8.579077694567704970e-01 8.567600898310054891e-01 8.498455503847477388e-01
1.762500000000000000e+01 8.493737654517923286e-01 8.491339938769117968e-01 8.487485436211615886e-01 8.395037005851655465e-01
1.767500000000000071e+01 8.416483252147397565e-01 8.409014351703446577e-01 8.406463545634499379e-01 8.298806185462136442e-01
1.772500000000000142e+01 8.326362850399677829e-01 8.322335844296778751e-01 8.327089467224146890e-01 8.224697808764981355e-01
1.777499999999999858e+01 8.253664139841928593e-01 8.248481047934581589e-01 8.247398552731052268e-01 8.166754351590476135e-01
1.782500000000000284e+01 8.169436167641846991e-01 8.174473814910409031e-01 8.166701016194483076e-01 8.121990423062235287e-01
1.787500000000000000e+01 8.089564702118160477e-01 8.093272932614410387e-01 8.087906775813945570e-01 7.985545566626763847e-01
1.792500000000000071e+01 8.014191243062512848e-01 8.015632134982785262e-01 8.008927184580452163e-01 7.956019544686462330e-01
1.797500000000000142e+01 7.932914324658379979e-01 7.939176790782292992e-01 7.930805563039167172e-01 7.842042599619288845e-01
1.802499999999999858e+01 7.863535525978880836e-01 7.857215506132266825e-01 7.855082646639466315e-01 7.778667140978426930e-01
1.807500000000000284e+01 7.783032005956388444e-01 7.779583007052954802e-01 7.776349438828057403e-01 7.707643955788132661e-01
1.812500000000000000e+01 7.704749806698220072e-01 7.706659889473326253e-01 7.701558988187573451e-01 7.627668888155415550e-01
1.817500000000000071e+01 7.621891582734584558e-01 7.633642386789326606e-01 7.622444934217129653e-01 7.535803960586212602e-01
1.822500000000000142e+01 7.553902097797423609e-01 7.551089447919885345e-01 7.548828835777866564e-01 7.471591364899162757e-01
1.827499999999999858e+01 7.486342978800915038e-01 7.475430721738183237e-01 7.474941923269806665e-01 7.359556931030261095e-01
1.832500000000000284e+01 7.400001833188243339e-01 7.403484600750870337e-01 7.397020971550808399e-01 7.329266826912823607e-01
1.837500000000000000e+01 7.327933827939876466e-01 7.333191913674305118e-01 7.323350048261242362e-01 7.260435447797022324e-01
1.842500000000000071e+01 7.251475650560017527e-01 7.251560180517367948e-01 7.248765620127379794e-01 7.183630317338774995e-01
1.847500000000000142e+01 7.180725034605880408e-01 7.180607332350191774e-01 7.176994723172419599e-01 7.107261725019459186e-01
1.852499999999999858e+01 7.103581494516878481e-01 7.108589392442720145e-01 7.102181048404889729e-01 7.012515082729755544e-01
1.857500000000000284e+01 7.031011403869481535e-01 7.029765698360422865e-01 7.028581991651516869e-01 6.988860010758093377e-01
1.862500000000000000e+01 6.963312194616165796e-01 6.968180059921895708e-01 6.956876685496949930e-01 6.909302985825523935e-01
1.867500000000000071e+01 6.892390929502595354e-01 6.891142072771546667e-01 6.885904426153118818e-01 6.829258893943290776e-01
1.872500000000000142e+01 6.813724300883191587e-01 6.816388748028509026e-01 6.813252830143615713e-01 6.732398294930893590e-01
1.877499999999999858e+01 6.749390070630287841e-01 6.741381356910554068e-01 6.741783375525050026e-01 6.689908139953792965e-01
1.882500000000000284e+01 6.674140120353768690e-01 6.676652172144031949e-01 6.672168897478666372e-01 6.610123495273273475e-01
1.887500000000000000e+01 6.605054646198337265e-01 6.604120295909694516e-01 6.600877563425182615e-01 6.521230785555234277e-01
1.892500000000000071e+01 6.535212781908672497e-01 6.528281305165551940e-01 6.529800737214270789e-01 6.475696776992238002e-01
1.897500000000000142e+01 6.466081672323036322e-01 6.462472116564977886e-01 6.460446116133464756e-01 6.398943717238342321e-01
1.902499999999999858e+01 6.389245569714525619e-01 6.392297057967816221e-01 6.391819778425197329e-01 6.314612856569161714e-01
1.907500000000000284e+01 6.330318232129679146e-01 6.324909693007755296e-01 6.320966962628544739e-01 6.254103640909725037e-01
1.912500000000000000e+01 6.256623667850543802e-01 6.254435634252527576e-01 6.252353288779380902e-01 6.175686273266531856e-01
1.917500000000000426e+01 6.184656495801922338e-01 6.183596794142094399e-01 6.183600549058778650e-01 6.112836259765981328e-01
1.922500000000000142e+01 6.119473980215465181e-01 6.119015033685522020e-01 6.117147319725387833e-01 6.080125752203681122e-01
1.927499999999999858e+01 6.050711071575129996e-01 6.056243103582429343e-01 6.047077901401325395e-01 5.999400844251970844e-01
1.932500000000000284e+01 5.989661595405152417e-01 5.988696828058427402e-01 5.981707643586076095e-01 5.923684643910926972e-01
1.937500000000000000e+01 5.919320037029321968e-01 5.911113370818322776e-01 5.914836005324937140e-01 5.838947029693154489e-01
1.942500000000000426e+01 5.850778386437600620e-01 5.847445672701104824e-01 5.848597554561411060e-01 5.791038621702091493e-01
1.947500000000000142e+01 5.784119341167871520e-01 5.786175632673317137e-01 5.782026522325586226e-01 5.732007955729627735e-01
1.952499999999999858e+01 5.712097119513133148e-01 5.717296026928176955e-01 5.714028543727325271e-01 5.683232915247282691e-01
1.957500000000000284e+01 5.650035643446723599e-01 5.655750560203943733e-01 5.650039146620798869e-01 5.575481083818946137e-01
1.962500000000000000e+01 5.587811429326843271e-01 5.583498209851136540e-01 5.584786926977634014e-01 5.551386663397446242e-01
1.967500000000000426e+01 5.513402118804962004e-01 5.515074170583408320e-01 5.519992589138433825e-01 5.454322871487492508e-01
1.972500000000000142e+01 5.454438628220245056e-01 5.452924191572421364e-01 5.453544963087966213e-01 5.394077384322868429e-01
1.977499999999999858e+01 5.390956406435560844e-01 5.389366451571567795e-01 5.388995135958716265e-01 5.347115423784589705e-01
1.982500000000000284e+01 5.327263986992475386e-01 5.326679884211136251e-01 5.325193042468697735e-01 5.268057931223072421e-01
1.987500000000000000e+01 5.259458597219253129e-01 5.262377350043135893e-01 5.263199443897137453e-01 5.213719092927724397e-01
1.992500000000000426e+01 5.200820820104576914e-01 5.205043684092931500e-01 5.198270147611374625e-01 5.127832254250318522e-01
1.997500000000000142e+01 5.135950985032381455e-01 5.136930700731799915e-01 5.136121044818673376e-01 5.079817910326090979e-01
