# r (Angstroms), cation-water g(r), anion-water g(r), water-water g(r), cation-anion g(r)
2.500000000000000139e-02 0.000000000000000000e+00 0.000000000000000000e+00 5.780218225755164895e+04 0.000000000000000000e+00
7.500000000000001110e-02 0.000000000000000000e+00 0.000000000000000000e+00 0.000000000000000000e+00 0.000000000000000000e+00
1.250000000000000000e-01 0.000000000000000000e+00 0.000000000000000000e+00 0.000000000000000000e+00 0.000000000000000000e+00
1.750000000000000167e-01 0.000000000000000000e+00 0.000000000000000000e+00 0.000000000000000000e+00 0.000000000000000000e+00
2.250000000000000056e-01 0.000000000000000000e+00 0.000000000000000000e+00 0.000000000000000000e+00 0.000000000000000000e+00
2.750000000000000222e-01 0.000000000000000000e+00 0.000000000000000000e+00 0.000000000000000000e+00 0.000000000000000000e+00
3.250000000000000666e-01 0.000000000000000000e+00 0.000000000000000000e+00 0.000000000000000000e+00 0.000000000000000000e+00
3.750000000000000000e-01 0.000000000000000000e+00 0.000000000000000000e+00 0.000000000000000000e+00 0.000000000000000000e+00
4.250000000000000444e-01 0.000000000000000000e+00 0.000000000000000000e+00 0.000000000000000000e+00 0.000000000000000000e+00
4.749999999999999778e-01 0.000000000000000000e+00 0.000000000000000000e+00 0.000000000000000000e+00 0.000000000000000000e+00
5.250000000000000222e-01 0.000000000000000000e+00 0.000000000000000000e+00 0.000000000000000000e+00 0.000000000000000000e+00
5.750000000000000666e-01 0.000000000000000000e+00 0.000000000000000000e+00 0.000000000000000000e+00 0.000000000000000000e+00
6.250000000000000000e-01 0.000000000000000000e+00 0.000000000000000000e+00 0.000000000000000000e+00 0.000000000000000000e+00
6.750000000000000444e-01 0.000000000000000000e+00 0.000000000000000000e+00 0.000000000000000000e+00 0.000000000000000000e+00
7.250000000000000888e-01 0.000000000000000000e+00 0.000000000000000000e+00 0.000000000000000000e+00 0.000000000000000000e+00
7.750000000000000222e-01 0.000000000000000000e+00 0.000000000000000000e+00 0.000000000000000000e+00 0.000000000000000000e+00
8.250000000000000666e-01 0.000000000000000000e+00 0.000000000000000000e+00 0.000000000000000000e+00 0.000000000000000000e+00
8.750000000000000000e-01 0.000000000000000000e+00 0.000000000000000000e+00 0.000000000000000000e+00 0.000000000000000000e+00
9.250000000000000444e-01 0.000000000000000000e+00 0.000000000000000000e+00 0.000000000000000000e+00 0.000000000000000000e+00
9.750000000000000888e-01 0.000000000000000000e+00 0.000000000000000000e+00 0.000000000000000000e+00 0.000000000000000000e+00
1.024999999999999911e+00 0.000000000000000000e+00 0.000000000000000000e+00 0.000000000000000000e+00 0.000000000000000000e+00
1.075000000000000178e+00 0.000000000000000000e+00 0.000000000000000000e+00 0.000000000000000000e+00 0.000000000000000000e+00
1.125000000000000000e+00 0.000000000000000000e+00 0.000000000000000000e+00 0.000000000000000000e+00 0.000000000000000000e+00
1.175000000000000266e+00 0.000000000000000000e+00 0.000000000000000000e+00 0.000000000000000000e+00 0.000000000000000000e+00
1.225000000000000089e+00 0.000000000000000000e+00 0.000000000000000000e+00 0.000000000000000000e+00 0.000000000000000000e+00
1.274999999999999911e+00 0.000000000000000000e+00 0.000000000000000000e+00 0.000000000000000000e+00 0.000000000000000000e+00
1.325000000000000178e+00 0.000000000000000000e+00 0.000000000000000000e+00 0.000000000000000000e+00 0.000000000000000000e+00
1.375000000000000000e+00 0.000000000000000000e+00 0.000000000000000000e+00 0.000000000000000000e+00 0.000000000000000000e+00
1.425000000000000266e+00 0.000000000000000000e+00 0.000000000000000000e+00 0.000000000000000000e+00 0.000000000000000000e+00
1.475000000000000089e+00 0.000000000000000000e+00 0.000000000000000000e+00 0.000000000000000000e+00 0.000000000000000000e+00
1.524999999999999911e+00 0.000000000000000000e+00 0.000000000000000000e+00 0.000000000000000000e+00 0.000000000000000000e+00
1.575000000000000178e+00 0.000000000000000000e+00 0.000000000000000000e+00 0.000000000000000000e+00 0.000000000000000000e+00
1.625000000000000000e+00 0.000000000000000000e+00 0.000000000000000000e+00 0.000000000000000000e+00 0.000000000000000000e+00
1.675000000000000266e+00 0.000000000000000000e+00 0.000000000000000000e+00 0.000000000000000000e+00 0.000000000000000000e+00
1.725000000000000089e+00 0.000000000000000000e+00 0.000000000000000000e+00 0.000000000000000000e+00 0.000000000000000000e+00
1.774999999999999911e+00 0.000000000000000000e+00 0.000000000000000000e+00 0.000000000000000000e+00 0.000000000000000000e+00
1.825000000000000178e+00 0.000000000000000000e+00 0.000000000000000000e+00 0.000000000000000000e+00 0.000000000000000000e+00
1.875000000000000000e+00 0.000000000000000000e+00 0.000000000000000000e+00 0.000000000000000000e+00 0.000000000000000000e+00
1.925000000000000266e+00 0.000000000000000000e+00 0.000000000000000000e+00 0.000000000000000000e+00 0.000000000000000000e+00
1.975000000000000089e+00 0.000000000000000000e+00 0.000000000000000000e+00 0.000000000000000000e+00 0.000000000000000000e+00
2.025000000000000355e+00 0.000000000000000000e+00 0.000000000000000000e+00 0.000000000000000000e+00 0.000000000000000000e+00
2.075000000000000178e+00 2.447050758865430657e-03 0.000000000000000000e+00 0.000000000000000000e+00 0.000000000000000000e+00
2.125000000000000000e+00 8.199726287612874032e-02 0.000000000000000000e+00 0.000000000000000000e+00 0.000000000000000000e+00
2.174999999999999822e+00 7.562992800851517927e-01 0.000000000000000000e+00 0.000000000000000000e+00 0.000000000000000000e+00
2.225000000000000089e+00 2.857565904114678812e+00 0.000000000000000000e+00 0.000000000000000000e+00 0.000000000000000000e+00
2.275000000000000355e+00 5.892387787276176958e+00 0.000000000000000000e+00 0.000000000000000000e+00 0.000000000000000000e+00
2.325000000000000178e+00 7.913575385280939400e+00 0.000000000000000000e+00 0.000000000000000000e+00 0.000000000000000000e+00
2.375000000000000000e+00 7.862584589445813954e+00 0.000000000000000000e+00 1.234187732968212302e-05 0.000000000000000000e+00
2.425000000000000266e+00 6.455538446767233651e+00 0.000000000000000000e+00 7.694829101459894341e-04 0.000000000000000000e+00
2.475000000000000089e+00 4.653505824587502282e+00 0.000000000000000000e+00 1.750346777804489759e-02 0.000000000000000000e+00
2.525000000000000355e+00 3.138065937172575648e+00 0.000000000000000000e+00 1.463291403426957293e-01 0.000000000000000000e+00
2.575000000000000178e+00 2.066919350531151611e+00 0.000000000000000000e+00 5.991410236210962248e-01 0.000000000000000000e+00
2.625000000000000000e+00 1.355895272216513625e+00 0.000000000000000000e+00 1.452175656645482871e+00 0.000000000000000000e+00
2.675000000000000266e+00 8.978146714656459748e-01 0.000000000000000000e+00 2.395119810051131726e+00 0.000000000000000000e+00
2.725000000000000089e+00 6.083071921452478659e-01 0.000000000000000000e+00 2.991234531398887952e+00 1.121952785246233333e-02
2.775000000000000355e+00 4.292757112479583803e-01 0.000000000000000000e+00 3.081578537478871560e+00 5.409436894994649331e-02
2.825000000000000178e+00 3.105952219033368822e-01 0.000000000000000000e+00 2.794628677371742587e+00 3.236184184496238569e-01
2.875000000000000000e+00 2.359317823337919728e-01 0.000000000000000000e+00 2.344117295824764025e+00 1.098650688937262254e+00
2.925000000000000266e+00 1.855709361297868121e-01 0.000000000000000000e+00 1.896538210587795259e+00 2.220201080556203799e+00
2.975000000000000089e+00 1.562568183766368524e-01 0.000000000000000000e+00 1.530568946708805722e+00 3.125170380771390644e+00
3.025000000000000355e+00 1.352114049567348930e-01 0.000000000000000000e+00 1.260494568339489918e+00 4.279144883512140396e+00
3.075000000000000178e+00 1.226680182990726453e-01 9.551104461386398202e-05 1.077927353530746535e+00 4.493555871470765517e+00
3.125000000000000000e+00 1.197605726672406473e-01 1.078924078083249053e-03 9.608558943912441919e-01 4.009667204185239697e+00
3.175000000000000266e+00 1.185865956314316738e-01 9.854841742224238268e-03 8.869809696735219129e-01 3.462879401379617139e+00
3.225000000000000089e+00 1.237082119621840531e-01 6.677464787008857705e-02 8.485797268219761325e-01 2.531271469520093742e+00
3.275000000000000355e+00 1.312709036144071306e-01 2.551881667013448096e-01 8.289528540680599633e-01 2.105028718816083444e+00
3.325000000000000178e+00 1.455964715165352363e-01 6.771175345430487935e-01 8.208671677368503117e-01 1.318761756337235136e+00
3.375000000000000000e+00 1.659197035203739123e-01 1.334440533633437287e+00 8.232750507884597502e-01 1.214150070018753969e+00
3.425000000000000266e+00 1.880310088047157657e-01 2.051378015533473320e+00 8.293319764551160267e-01 7.102167556531332471e-01
3.475000000000000089e+00 2.148182288961706377e-01 2.626007633426473920e+00 8.390799972491733705e-01 7.382210860659891294e-01
3.525000000000000355e+00 2.584335658782517253e-01 2.900769595590977801e+00 8.497208700606647680e-01 7.107225904023111163e-01
3.575000000000000178e+00 2.998246007680639980e-01 2.889165347286508201e+00 8.624484827919682850e-01 4.237151219315352102e-01
3.625000000000000000e+00 3.555044075704987816e-01 2.667268150832454943e+00 8.766869789052299522e-01 2.282440013290938652e-01
3.675000000000000266e+00 4.133241310178545347e-01 2.335393904930899822e+00 8.910136294179059613e-01 2.529194619871024119e-01
3.725000000000000089e+00 4.884563232694608126e-01 1.983353100485222509e+00 9.050176241381399089e-01 1.801283034531712679e-01
3.775000000000000355e+00 5.659747061979237825e-01 1.636810173198481877e+00 9.199044018338766726e-01 2.747751006715789535e-01
3.825000000000000178e+00 6.578385296007068783e-01 1.372281913442180201e+00 9.362724529362898007e-01 1.423608997740105075e-01
3.875000000000000000e+00 7.439010056251590397e-01 1.156680356246811092e+00 9.526958082444114684e-01 1.886467191060485771e-01
3.925000000000000266e+00 8.415921158836148219e-01 9.874071146930216702e-01 9.683530612226037837e-01 1.135674509957880080e-01
3.975000000000000089e+00 9.364117249108528940e-01 8.826455468055317555e-01 9.863354406670934438e-01 1.265467593818365433e-01
4.025000000000000355e+00 1.034168198107747960e+00 7.912258216018238643e-01 1.004214826359289159e+00 1.388500973570744035e-01
4.075000000000000178e+00 1.126167322381107283e+00 7.470738761751939405e-01 1.019422781872627137e+00 1.454980262009042125e-01
4.125000000000000000e+00 1.201575392505792372e+00 7.215892272622246306e-01 1.036408578366051048e+00 1.566810718539268510e-01
4.175000000000000711e+00 1.273829652856708128e+00 7.089343184345971993e-01 1.052272303066851933e+00 1.864087247233535138e-01
4.224999999999999645e+00 1.334522180105419675e+00 7.169101991139031904e-01 1.065398953850982267e+00 1.960245989037980030e-01
4.275000000000000355e+00 1.391005670100987857e+00 7.304818218520742201e-01 1.078797617465837355e+00 2.552881268899888645e-01
4.325000000000000178e+00 1.432964272239605430e+00 7.545838995552328621e-01 1.089041282139214584e+00 1.959726181006263834e-01
4.375000000000000000e+00 1.439781033425714618e+00 7.785635244272061106e-01 1.096234984466498030e+00 3.699796716848710587e-01
4.425000000000000711e+00 1.458455743280392847e+00 8.160322941335140801e-01 1.102272206465471527e+00 3.829403388686342113e-01
4.474999999999999645e+00 1.484885570079115702e+00 8.382171226010509679e-01 1.106379664740565261e+00 4.368360589569986185e-01
4.525000000000000355e+00 1.482274512375790776e+00 8.772675078303346918e-01 1.107203705022005602e+00 5.004760555644826026e-01
4.575000000000000178e+00 1.468491278843549575e+00 9.202737119052466497e-01 1.105852212434707216e+00 7.085218720151961191e-01
4.625000000000000000e+00 1.449775299473777146e+00 9.483478804341203272e-01 1.102456722433692304e+00 9.425566041441649778e-01
4.675000000000000711e+00 1.421051411590544600e+00 9.807882847617935829e-01 1.097680379837174591e+00 9.949308923227676571e-01
4.724999999999999645e+00 1.376828943785905146e+00 1.018729633649261279e+00 1.090242087561770656e+00 1.224012756649609956e+00
4.775000000000000355e+00 1.335642561289187569e+00 1.048854383414904667e+00 1.079713855043774151e+00 1.322749570372828254e+00
4.825000000000001066e+00 1.295651928703018596e+00 1.071505192452051780e+00 1.069988639012178444e+00 1.639029366557887446e+00
4.875000000000000000e+00 1.239088483991717560e+00 1.100053785208320756e+00 1.058538825091149382e+00 1.822930348206872386e+00
4.925000000000000711e+00 1.180472377998529554e+00 1.121109311078476889e+00 1.045579437213313589e+00 1.961280394677216821e+00
4.974999999999999645e+00 1.116093197577305629e+00 1.137402852900977424e+00 1.033000249540737325e+00 1.952351212488107279e+00
5.025000000000000355e+00 1.064294869256839249e+00 1.156346181965834941e+00 1.019895236318944409e+00 2.296430481981783789e+00
5.075000000000001066e+00 1.014696832675962668e+00 1.164075092842746129e+00 1.007900305875867319e+00 2.468133862393037781e+00
5.125000000000000000e+00 9.768510727959753837e-01 1.163340927252361379e+00 9.937920513019532498e-01 2.661279908933392502e+00
5.175000000000000711e+00 9.470160775443811074e-01 1.172388502807150790e+00 9.810506780306902375e-01 2.666100484741936061e+00
5.224999999999999645e+00 9.168485582102067211e-01 1.164514334283634822e+00 9.693673231890093112e-01 2.590905453942327963e+00
5.275000000000000355e+00 8.929072290847519522e-01 1.160967647044245155e+00 9.568646664274317315e-01 2.631846005133175570e+00
5.325000000000001066e+00 8.820464356546661167e-01 1.157783487770348119e+00 9.462046010061728740e-01 2.700180987602063709e+00
5.375000000000000000e+00 8.668068245358806490e-01 1.148837376706776547e+00 9.349637782772918237e-01 2.655946606205020988e+00
5.425000000000000711e+00 8.674222609888070368e-01 1.131829497039085641e+00 9.243933930805796617e-01 2.709125705679417351e+00
5.474999999999999645e+00 8.619554424088227140e-01 1.124658676385659639e+00 9.161226445509202954e-01 2.459754614371676418e+00
5.525000000000000355e+00 8.655080910942293260e-01 1.101900025456808541e+00 9.078931128359511993e-01 2.636509717499337047e+00
5.575000000000001066e+00 8.698897048431268875e-01 1.096200504906144957e+00 9.026272927074553420e-01 2.551902471620078661e+00
5.625000000000000000e+00 8.786415369377553741e-01 1.077950486950447484e+00 9.002050036048724335e-01 2.464607208009726769e+00
5.675000000000000711e+00 8.855304165929548388e-01 1.060479086309780161e+00 9.005072117488237549e-01 2.367044003787148299e+00
5.724999999999999645e+00 8.917517316289572671e-01 1.046298273285895641e+00 9.011957206150412736e-01 2.275040181040302922e+00
5.775000000000000355e+00 9.078709848109348668e-01 1.029983184245421013e+00 9.071295212622966231e-01 2.160872766290092617e+00
5.825000000000001066e+00 9.163341083049468816e-01 1.018339271387653788e+00 9.130792861052637877e-01 1.969244408478524333e+00
5.875000000000000000e+00 9.260534531802521174e-01 9.997452415100844814e-01 9.207188871536989838e-01 1.928626788235838552e+00
5.925000000000000711e+00 9.374851634925984722e-01 9.801562041111250290e-01 9.296301479043963534e-01 1.772805513848346060e+00
5.974999999999999645e+00 9.448560677335217095e-01 9.749346183234857133e-01 9.390098887173305986e-01 1.544896589784532814e+00
6.025000000000000355e+00 9.544582094057106891e-01 9.579661798167646847e-01 9.493662093710175665e-01 1.583624727585918768e+00
6.075000000000001066e+00 9.679244869818020014e-01 9.492936128180868849e-01 9.591668145266347700e-01 1.327400841412958332e+00
6.125000000000000000e+00 9.720869673286666179e-01 9.294769145259984544e-01 9.693505792941958799e-01 1.352453909020958855e+00
6.175000000000000711e+00 9.878624372101212359e-01 9.185200585616085656e-01 9.783685292830243130e-01 1.435518690899595384e+00
6.224999999999999645e+00 9.954564507849303912e-01 9.110101467015174759e-01 9.879302381204180250e-01 1.186800744214043357e+00
6.275000000000000355e+00 1.000030982362029253e+00 8.972915817383264603e-01 9.972762832679819001e-01 1.248366288312230399e+00
6.325000000000001066e+00 1.010454881024105411e+00 8.902724630374061476e-01 1.004443189579175000e+00 1.266193374247946757e+00
6.375000000000000000e+00 1.010207706542526562e+00 8.806289402509347441e-01 1.012385199817562809e+00 1.178758992364881575e+00
6.425000000000000711e+00 1.012843075906966872e+00 8.765439738469953390e-01 1.018997376785177877e+00 1.124155832411401823e+00
6.474999999999999645e+00 1.014393690152887384e+00 8.771828555562827257e-01 1.025316142364618432e+00 1.160515438231850327e+00
6.525000000000000355e+00 1.015855791431844457e+00 8.762073503570201316e-01 1.030755515048525028e+00 1.178021217853644664e+00
6.575000000000001066e+00 1.017246792310840808e+00 8.800275613297612320e-01 1.035440335693323943e+00 1.183299122803575187e+00
6.625000000000000000e+00 1.018157862932850488e+00 8.845110112382721379e-01 1.038835083271383963e+00 1.285093185618848333e+00
6.675000000000000711e+00 1.017420864147658310e+00 8.928023146640585717e-01 1.042196627302196754e+00 1.260303390040181437e+00
6.724999999999999645e+00 1.014103609306259424e+00 9.058423843360792205e-01 1.044360220561017183e+00 1.252685681698118225e+00
6.775000000000000355e+00 1.006319797013079276e+00 9.101771834997691712e-01 1.046085161785836215e+00 1.404883038154841390e+00
6.825000000000001066e+00 1.007618380929888646e+00 9.300252574960635732e-01 1.047225094823999614e+00 1.266326754331189575e+00
6.875000000000000000e+00 1.002945054960622473e+00 9.432401819375264562e-01 1.047031351311714431e+00 1.334345633893785577e+00
6.925000000000000711e+00 1.000284862144559694e+00 9.549169533018824207e-01 1.046041934192746048e+00 1.388113940638791677e+00
6.974999999999999645e+00 9.990517494420032563e-01 9.715713754677076652e-01 1.044239845304205661e+00 1.323759192407025331e+00
7.025000000000000355e+00 9.919144686327814320e-01 9.881446007212956184e-01 1.041730192224495477e+00 1.455233064987351943e+00
7.075000000000001066e+00 9.869052243734932617e-01 9.997996569072342687e-01 1.039356256807600021e+00 1.358173465592197315e+00
7.125000000000000000e+00 9.830117461216266728e-01 1.011671827856868378e+00 1.035441006942217079e+00 1.422876990841674516e+00
7.175000000000000711e+00 9.805047808139634169e-01 1.021859857719108255e+00 1.031589941082887929e+00 1.385313208240243288e+00
7.224999999999999645e+00 9.828286825948903127e-01 1.032488864062107492e+00 1.027894760020009457e+00 1.409298683101753769e+00
7.275000000000000355e+00 9.744051123252182034e-01 1.048503516933673385e+00 1.023689408814743018e+00 1.476572963837857744e+00
7.325000000000001066e+00 9.727341521406567271e-01 1.058117422376199546e+00 1.019248877685089871e+00 1.479775167296306204e+00
7.375000000000000000e+00 9.739190432415224530e-01 1.059454729525724614e+00 1.014676178186907141e+00 1.612955690542774434e+00
7.425000000000000711e+00 9.703751881712467942e-01 1.068780032498585442e+00 1.010548107134821905e+00 1.444718099895508479e+00
7.474999999999999645e+00 9.698827678593122670e-01 1.074292143461178739e+00 1.006553868419458153e+00 1.452294599085264482e+00
7.525000000000000355e+00 9.716356583508730660e-01 1.077054528080026108e+00 1.002669297693534078e+00 1.433059192112914104e+00
7.575000000000001066e+00 9.747688847974489423e-01 1.078192096416709322e+00 9.985489678752501597e-01 1.511484357635629383e+00
7.625000000000000000e+00 9.776693269287831667e-01 1.081216312634105225e+00 9.962788758608170925e-01 1.428675788032105487e+00
7.675000000000000711e+00 9.777541704197887373e-01 1.081806454625910963e+00 9.929374112275615172e-01 1.479425700301098878e+00
7.724999999999999645e+00 9.788243816630689542e-01 1.083955521088513230e+00 9.904719107041258797e-01 1.442187104106496642e+00
7.775000000000000355e+00 9.866337882264151204e-01 1.077563715892242868e+00 9.884574825808872811e-01 1.320331533342135710e+00
7.825000000000001066e+00 9.897393922073990380e-01 1.072957208540176621e+00 9.867788237558806630e-01 1.457266829001122144e+00
7.875000000000000000e+00 9.968955341462190090e-01 1.070661978458632868e+00 9.861487951191902912e-01 1.421355984755281465e+00
7.925000000000000711e+00 9.977964716088305597e-01 1.062381032288564064e+00 9.851356059855231884e-01 1.334497538305248199e+00
7.974999999999999645e+00 1.005644484568987806e+00 1.057313819327953430e+00 9.846907985523775109e-01 1.457981914907215737e+00
8.025000000000000355e+00 1.001818800863693237e+00 1.046451491884053731e+00 9.848099464647023238e-01 1.349312675031403730e+00
8.074999999999999289e+00 1.011551683218812281e+00 1.040388523991905512e+00 9.849992528099944522e-01 1.322433002384228784e+00
8.125000000000000000e+00 1.016318442093354646e+00 1.032443314825711278e+00 9.852655003142359869e-01 1.341544037326495298e+00
8.175000000000000711e+00 1.017965276463371538e+00 1.027064548351894535e+00 9.863164744260423111e-01 1.299004397002487154e+00
8.225000000000001421e+00 1.020538370641988157e+00 1.015051533434402797e+00 9.871962465264100262e-01 1.258628390541452147e+00
8.275000000000000355e+00 1.021185808037927023e+00 1.012683216961052457e+00 9.882532389232739911e-01 1.331066564681692821e+00
8.324999999999999289e+00 1.022786606506735918e+00 1.009872710985382005e+00 9.898918018735661795e-01 1.226168515723293551e+00
8.375000000000000000e+00 1.020739875460329182e+00 9.994042690601353529e-01 9.907713403976602384e-01 1.317286992560910752e+00
8.425000000000000711e+00 1.021782597813743143e+00 9.977348663144969265e-01 9.922385906179244097e-01 1.221882414427776009e+00
8.475000000000001421e+00 1.022398614429981034e+00 9.906367434981212527e-01 9.935854154025175466e-01 1.193588099237732791e+00
8.525000000000000355e+00 1.021293713506574274e+00 9.854503437388482112e-01 9.948960838302201015e-01 1.241532849604216393e+00
8.574999999999999289e+00 1.019403946608720135e+00 9.868678181394200388e-01 9.960435286646023290e-01 1.262221233046556312e+00
8.625000000000000000e+00 1.015955488790782679e+00 9.843741900326686833e-01 9.969103457607856322e-01 1.304746919845446440e+00
8.675000000000000711e+00 1.016914899561814689e+00 9.832764219629188673e-01 9.979743681165820224e-01 1.215575531655709529e+00
8.725000000000001421e+00 1.019640349329834272e+00 9.761874519352058410e-01 9.990618498168302164e-01 1.190739098754296954e+00
8.775000000000000355e+00 1.015564070227627402e+00 9.811787900346331526e-01 1.000038933797131158e+00 1.250783626513164881e+00
8.824999999999999289e+00 1.012921476527208320e+00 9.798524376188941787e-01 1.000553544201802758e+00 1.261255269967939796e+00
8.875000000000000000e+00 1.007063292459617010e+00 9.790019362237266654e-01 1.001122567483856418e+00 1.242853023356321529e+00
8.925000000000000711e+00 1.003842377953564791e+00 9.800477300374322853e-01 1.001402488982085170e+00 1.218507252949491138e+00
8.975000000000001421e+00 1.003837161588979843e+00 9.836032260169416119e-01 1.001715330592779951e+00 1.260821037162088265e+00
9.025000000000000355e+00 9.998711161138131853e-01 9.827991091446616201e-01 1.001416658315010588e+00 1.212111570799851545e+00
9.074999999999999289e+00 9.987642442330325609e-01 9.812072417843404892e-01 1.001430082034434621e+00 1.245327176029273453e+00
9.125000000000000000e+00 9.970358182437024652e-01 9.867100227521714562e-01 1.001273601932387569e+00 1.238721257361391048e+00
9.175000000000000711e+00 9.914770159886391321e-01 9.912052265849884414e-01 1.001228900037534730e+00 1.233174683625927859e+00
9.225000000000001421e+00 9.910420077049781895e-01 9.924287137324929731e-01 1.001070170354336764e+00 1.260961505948450245e+00
9.275000000000000355e+00 9.898763294459985707e-01 9.911011467267628605e-01 1.001116437642054491e+00 1.197041924314464101e+00
9.324999999999999289e+00 9.861374546384862327e-01 9.945052312580199283e-01 1.000530084590948610e+00 1.258014895169908165e+00
9.375000000000000000e+00 9.862066857070366233e-01 9.946019017760404646e-01 1.000288795485135385e+00 1.165005778001632519e+00
9.425000000000000711e+00 9.861240537866384770e-01 9.962774240015838112e-01 1.000049319915325308e+00 1.215517018776362645e+00
9.475000000000001421e+00 9.843920635181232504e-01 1.000444321524388558e+00 9.995762372903288506e-01 1.260259858698912216e+00
9.525000000000000355e+00 9.842347295419118236e-01 9.993324917121634288e-01 9.995852855953225591e-01 1.233288907487652075e+00
9.575000000000001066e+00 9.801720113760251651e-01 1.000494368532925504e+00 9.991807878871356019e-01 1.181366302492133702e+00
9.625000000000000000e+00 9.826135729365741422e-01 1.000470116303484813e+00 9.990854263062732832e-01 1.218587224850574691e+00
9.675000000000000711e+00 9.837817775493660211e-01 1.002959368208605984e+00 9.987255774841812261e-01 1.173092545245184581e+00
9.725000000000001421e+00 9.828145970393079578e-01 1.004396099013101562e+00 9.986588336708386304e-01 1.199821692365618420e+00
9.775000000000000355e+00 9.869070964364031751e-01 1.001979719590306184e+00 9.987875033032034278e-01 1.165780285981533382e+00
9.825000000000001066e+00 9.816905365334173128e-01 1.008504655661046856e+00 9.987557482466158376e-01 1.160849737756291855e+00
9.875000000000000000e+00 9.830827669745372255e-01 1.007637917420189932e+00 9.986968709449726145e-01 1.162793960601036458e+00
9.925000000000000711e+00 9.863775488979108497e-01 1.010410865328432939e+00 9.986585599890727138e-01 1.179018454866851195e+00
9.975000000000001421e+00 9.919351233093030018e-01 1.010608865061877415e+00 9.989925822430054669e-01 1.112802369070507558e+00
1.002500000000000036e+01 9.912852077585371235e-01 1.006493121818278214e+00 9.991216858002561763e-01 1.172194084197581532e+00
1.007500000000000107e+01 9.928266128706962901e-01 1.006822200102516218e+00 9.991441128276984385e-01 1.177824757319952731e+00
1.012500000000000000e+01 9.956489323631593225e-01 1.008807728137008475e+00 9.997036431024337588e-01 1.121522313762460366e+00
1.017500000000000071e+01 9.911392083837143874e-01 1.006692955631517616e+00 1.000036195580163101e+00 1.098456138882473621e+00
1.022500000000000142e+01 9.971854957400344555e-01 1.008055297066626332e+00 1.000300716019843161e+00 1.102880276480485700e+00
1.027500000000000036e+01 9.988586823773911716e-01 1.006081436333211343e+00 1.000657831435574963e+00 1.057450529311537490e+00
1.032500000000000107e+01 9.975300183549848931e-01 1.004137972751806052e+00 1.001104473786201154e+00 1.085528062340087141e+00
1.037500000000000000e+01 1.002017344358857587e+00 1.002660599008047715e+00 1.001417099674507094e+00 1.048774266266782274e+00
1.042500000000000071e+01 1.003893749855746309e+00 1.004444979119884840e+00 1.001946627622168462e+00 1.098532751017761377e+00
1.047500000000000142e+01 1.003973994779089995e+00 1.001886103318604615e+00 1.002044786906202356e+00 1.094904274318035942e+00
1.052500000000000036e+01 1.002162149382066936e+00 1.003270934240074297e+00 1.002282750381355170e+00 1.037143904010702000e+00
1.057500000000000107e+01 1.000643794295988265e+00 1.002447415741987813e+00 1.002543247038006236e+00 1.037789647173581464e+00
1.062500000000000000e+01 1.002514936855397831e+00 1.004485625021127149e+00 1.002655751399732731e+00 1.101846020499798851e+00
1.067500000000000071e+01 1.004505333163882019e+00 1.002442108020745737e+00 1.002774685117023612e+00 1.040370711332260445e+00
1.072500000000000142e+01 1.004229760053901410e+00 1.002327056314666898e+00 1.002903069444712081e+00 1.040833252242342910e+00
1.077500000000000036e+01 1.007037961065127440e+00 1.000093998277466145e+00 1.003141590552087958e+00 1.091474655697953322e+00
1.082500000000000107e+01 1.004700761488921845e+00 1.000764949609386889e+00 1.003107456733360436e+00 1.056530419950853172e+00
1.087500000000000000e+01 1.003242067818241212e+00 1.003020609444987610e+00 1.003083193757407621e+00 1.054586682557370869e+00
1.092500000000000071e+01 1.004935876995444621e+00 1.003775641009475139e+00 1.003013943646736905e+00 1.067292886173989208e+00
1.097500000000000142e+01 1.002648303800650842e+00 1.002730781450975384e+00 1.002569029889227581e+00 1.063123791239799276e+00
1.102500000000000036e+01 1.001901306523893975e+00 1.002250521870641675e+00 1.002340880197786888e+00 1.057615395381535039e+00
1.107500000000000107e+01 9.990897507095848340e-01 1.002547989156675978e+00 1.002396626109505196e+00 1.051483658537870181e+00
1.112500000000000000e+01 1.000710216749273851e+00 1.003188811712151685e+00 1.001853158374448327e+00 1.027243831226754667e+00
1.117500000000000071e+01 1.000776776438192295e+00 1.004804993001589875e+00 1.001989942742946615e+00 1.058101118610131675e+00
1.122500000000000142e+01 1.003511834030217598e+00 1.003535726372711823e+00 1.001457804813580266e+00 1.041422411174112606e+00
1.127500000000000036e+01 9.981241903600897025e-01 1.005434486419160223e+00 1.001148203706649698e+00 1.035483189591672737e+00
1.132500000000000107e+01 9.984843855953533520e-01 1.004432257856033850e+00 1.000922246546349870e+00 1.058839797345553890e+00
1.137500000000000000e+01 9.991579936344444635e-01 1.005958753724592647e+00 1.000513603350769332e+00 1.069512589657696688e+00
1.142500000000000071e+01 9.985361773095430271e-01 1.006379962117340821e+00 1.000197477801035406e+00 9.988976925311313648e-01
1.147500000000000142e+01 9.991149579536459102e-01 1.004755167289107964e+00 9.998839682303931609e-01 1.031971406438550787e+00
1.152500000000000036e+01 9.987418075593466060e-01 1.004741148467551692e+00 9.995121773853392622e-01 1.038090525860280833e+00
1.157500000000000107e+01 9.972660195692069074e-01 1.008280468695409882e+00 9.991888859395073874e-01 1.060233414244936556e+00
1.162500000000000000e+01 9.978926479821922380e-01 1.004682503283792938e+00 9.988257928676330666e-01 1.065312257792869088e+00
1.167500000000000071e+01 9.968928316128478073e-01 1.007752533791647309e+00 9.987614655818394249e-01 1.095937092195056195e+00
1.172500000000000142e+01 1.000905915796251211e+00 1.008000889634636410e+00 9.985736489728905818e-01 1.032673442176946343e+00
1.177500000000000036e+01 1.000609322615040320e+00 1.006391359148199882e+00 9.984553826380183628e-01 1.038944355104837181e+00
1.182500000000000107e+01 9.995025859175493688e-01 1.005616897174570479e+00 9.982152972920433909e-01 1.014089739411192514e+00
1.187500000000000000e+01 9.975826777354694919e-01 1.005376959541148585e+00 9.981906447413116945e-01 1.036881250194903181e+00
1.192500000000000071e+01 9.969193561552432969e-01 1.003560291562806794e+00 9.981388342371130262e-01 1.051639330222362556e+00
1.197500000000000142e+01 9.991188840231705059e-01 1.004533053125936659e+00 9.980752634656865352e-01 9.470124923150640139e-01
1.202500000000000036e+01 9.983348459097856065e-01 1.003304358237896432e+00 9.981664371129471691e-01 1.018088501270991042e+00
1.207500000000000107e+01 1.000267299105019214e+00 1.006040204185712161e+00 9.979177118235798005e-01 1.015960062004092057e+00
1.212500000000000000e+01 1.000008468277629570e+00 1.004677242648063018e+00 9.980223190970578528e-01 1.025166097541468258e+00
1.217500000000000071e+01 1.002059764420042631e+00 1.003280349539279248e+00 9.980551517224084401e-01 1.060603677553808577e+00
1.222500000000000142e+01 9.982548871912751975e-01 1.001044754715857632e+00 9.982758949695232920e-01 9.900665756480058199e-01
1.227500000000000036e+01 9.997852286086263973e-01 1.003663284665127664e+00 9.984751625584682433e-01 1.014087683158067410e+00
1.232500000000000107e+01 1.000887334831874309e+00 1.001911920415069490e+00 9.985166231130532255e-01 9.899711384321931984e-01
1.237500000000000000e+01 1.001473126027839999e+00 1.003220729520729826e+00 9.985161633658845570e-01 1.012453639200403765e+00
1.242500000000000071e+01 1.000632577543701274e+00 1.002613796506916843e+00 9.985484356441407527e-01 9.746398037541531556e-01
1.247500000000000142e+01 9.975080979130378500e-01 1.000071202556447991e+00 9.992453683268920361e-01 1.017165659714044157e+00
1.252500000000000036e+01 9.996231305882278262e-01 1.001352154081212253e+00 9.991391166195543461e-01 1.014902728043293845e+00
1.257500000000000107e+01 1.001745394343658946e+00 1.000452731207866819e+00 9.995106016946093686e-01 1.010009205104616115e+00
1.262500000000000000e+01 1.000860113001672547e+00 9.987806263983719512e-01 9.994383395963430949e-01 1.041750544509218113e+00
1.267500000000000071e+01 1.002003844370248586e+00 1.001522264003365414e+00 9.995607675790699753e-01 1.003469666323534515e+00
1.272500000000000142e+01 1.001101995701719094e+00 9.982686408108346621e-01 1.000182855138648907e+00 9.940557916095589253e-01
1.277500000000000036e+01 1.000543243128237059e+00 9.987318143426145989e-01 1.000095025839927709e+00 9.980313152781133956e-01
1.282500000000000107e+01 9.990110107669264439e-01 9.985351387148961866e-01 1.000418378138981268e+00 1.009006154136684374e+00
1.287500000000000000e+01 9.999131780253147639e-01 9.986164904794816444e-01 1.000669264928366609e+00 9.876141692966474706e-01
1.292500000000000071e+01 9.991838922997987593e-01 9.980035395830291201e-01 1.000549597272764712e+00 1.005921363627771736e+00
1.297500000000000142e+01 9.967140892702145427e-01 9.959934433625067252e-01 1.000531021211721106e+00 9.823472173496153870e-01
1.302500000000000036e+01 9.998831796170425390e-01 1.000215011230249029e+00 1.000845451060504043e+00 9.664711077182835952e-01
1.307500000000000107e+01 9.992644040237532721e-01 1.002884927226737943e+00 1.000932701166351579e+00 1.029758419186828977e+00
1.312500000000000000e+01 9.997776623407703678e-01 9.998895064136211763e-01 1.000819775425275449e+00 1.004516618036914277e+00
1.317500000000000071e+01 9.980448306998801478e-01 1.001960935609154335e+00 1.000740303240495566e+00 1.003146346461895044e+00
1.322500000000000142e+01 9.994886954021208192e-01 1.001865721494502592e+00 1.000686384483302271e+00 1.021774821099177943e+00
1.327500000000000036e+01 1.000023258940361481e+00 1.000966237142928206e+00 1.000917887951903174e+00 1.017401732227879885e+00
1.332500000000000107e+01 9.983259987986650152e-01 1.000441979924156621e+00 1.000847162520067446e+00 1.020103818964031461e+00
1.337500000000000000e+01 9.997528457387857559e-01 1.000796209507199386e+00 1.000846577796587811e+00 1.022271412555052938e+00
1.342500000000000071e+01 9.967077382081163117e-01 1.002528848672888717e+00 1.000883250796156920e+00 1.010510534858230169e+00
1.347500000000000142e+01 9.969928177724687313e-01 9.985695379305524755e-01 1.000834308579665377e+00 1.006237189403841548e+00
1.352500000000000036e+01 9.953143656061927969e-01 1.002000943824441048e+00 1.000520331523522266e+00 9.865138544021360145e-01
1.357500000000000107e+01 9.994018702426683554e-01 1.001610529262509264e+00 1.000625045495857623e+00 9.914669523254180383e-01
1.362500000000000000e+01 9.985150073097647239e-01 1.001810211592842004e+00 1.000517179258989531e+00 1.029980397322372676e+00
1.367500000000000071e+01 9.985158686103811077e-01 1.002608028003298957e+00 1.000591935726444115e+00 9.984043886583906513e-01
1.372500000000000142e+01 9.991070849928260778e-01 1.005069637432296714e+00 1.000401355745104581e+00 9.566456731250628787e-01
1.377500000000000036e+01 9.959223826294113513e-01 1.003758257340765736e+00 1.000262591518393807e+00 9.997677362094162801e-01
1.382500000000000107e+01 9.983427497898799130e-01 1.001577955012773469e+00 1.000228409774728044e+00 1.029600912034736027e+00
1.387500000000000000e+01 9.995530737442933633e-01 1.003526547606957475e+00 1.000099603027923667e+00 1.051189078093198281e+00
1.392500000000000071e+01 9.977658292235812576e-01 1.003140703849200399e+00 1.000290434131832162e+00 9.787744502929381918e-01
1.397500000000000142e+01 9.995546791307149403e-01 1.002956648397325568e+00 1.000192891694807740e+00 9.914066004975912172e-01
1.402500000000000036e+01 1.001718174333651623e+00 1.002094670931722220e+00 1.000039844405314682e+00 1.034753837721863468e+00
1.407500000000000107e+01 9.998139582613387866e-01 1.001812258030334357e+00 1.000230519350159053e+00 1.008490226345810648e+00
1.412500000000000000e+01 1.000283512865217661e+00 9.997010850771583801e-01 1.000023695130508816e+00 9.905059686511641370e-01
1.417500000000000071e+01 1.001340353565880914e+00 1.002591395995351409e+00 1.000018644146952962e+00 1.012140895019109754e+00
1.422500000000000142e+01 9.999623828925673363e-01 1.003695123515622845e+00 9.998703862417135380e-01 1.013272824171691289e+00
1.427500000000000036e+01 9.987696912307831854e-01 1.002402462046932063e+00 9.999243692802993744e-01 9.710256783253037316e-01
1.432500000000000107e+01 9.996964679268732779e-01 1.003534248910436855e+00 9.998746346367770599e-01 1.011761418541868407e+00
1.437500000000000000e+01 1.001453034050372670e+00 1.003036634252891135e+00 9.998383292930088651e-01 1.011186275037516458e+00
1.442500000000000071e+01 9.998148826600232741e-01 1.001500371945126311e+00 1.000010255680893412e+00 1.009393597839718604e+00
1.447500000000000142e+01 9.991395172134555080e-01 1.002592133726176948e+00 9.998750818732603518e-01 1.027085524007696149e+00
1.452500000000000036e+01 1.000176312550743241e+00 1.004365747866548864e+00 9.998125447821978318e-01 1.003835647314838431e+00
1.457500000000000107e+01 9.995598420044543575e-01 1.002085196182483706e+00 1.000042210596343129e+00 9.683298412413924305e-01
1.462500000000000000e+01 1.000534333211897664e+00 1.003817966996530586e+00 1.000021170195017239e+00 9.975557691327165966e-01
1.467500000000000071e+01 1.000251993891889457e+00 1.003601357697357921e+00 9.999046938794136086e-01 9.737474967747627996e-01
1.472500000000000142e+01 1.001055593574011304e+00 1.001534598765089656e+00 9.999873084620977126e-01 9.886635904387310880e-01
1.477500000000000036e+01 1.000571876849135178e+00 1.002983817210277184e+00 1.000028962514558195e+00 1.007935603860803608e+00
1.482500000000000107e+01 9.992514186667179610e-01 1.002579919016760357e+00 1.000061025728786079e+00 9.988737092134156725e-01
1.487500000000000000e+01 1.002456740279733527e+00 9.993696289808347011e-01 1.000054741757522736e+00 9.488683521220755424e-01
1.492500000000000071e+01 9.997746642982733301e-01 1.002724900576059675e+00 9.997854637666601096e-01 1.012462504763196769e+00
1.497500000000000142e+01 1.001928077962777719e+00 1.000358754041821285e+00 1.000192554622334917e+00 1.000882980723714510e+00
1.502500000000000036e+01 1.001722391206083085e+00 1.002910566426921557e+00 9.999948699615986980e-01 1.001982762936575400e+00
1.507500000000000107e+01 1.001582165427678417e+00 1.003793087554083474e+00 9.999601586299790013e-01 9.759167905097411166e-01
1.512500000000000000e+01 9.991400310529676698e-01 1.002073294399630443e+00 1.000152109693506430e+00 1.000431311743372742e+00
1.517500000000000071e+01 1.002130952043608358e+00 1.001010598276877772e+00 9.999826610982568420e-01 9.916787834864870810e-01
1.522500000000000142e+01 1.001003879805413277e+00 1.001637657540535464e+00 9.999273424780132924e-01 9.945209699502980394e-01
1.527500000000000036e+01 9.992223668372129941e-01 1.002480213998567571e+00 1.000139547828545972e+00 9.758803757647940280e-01
1.532500000000000107e+01 9.994295928271730300e-01 1.000883189271737361e+00 9.998692423606487800e-01 9.773272999748680023e-01
1.537500000000000000e+01 1.000678918418909769e+00 1.001982990130412920e+00 1.000019333551038114e+00 9.656943930412706933e-01
1.542500000000000071e+01 9.989581852550855068e-01 1.001268558766089889e+00 1.000010594105740225e+00 1.010217460326854999e+00
1.547500000000000142e+01 1.000402887200478430e+00 1.002175400769766078e+00 9.999980493120332881e-01 9.897838338329854047e-01
1.552500000000000036e+01 1.000466839886346104e+00 1.002209219430044929e+00 9.998543755905107133e-01 9.872210083014523185e-01
1.557500000000000107e+01 9.982159641684421603e-01 1.000854353763885651e+00 9.999431298739571705e-01 9.939437834618032319e-01
1.562500000000000000e+01 9.995061420393133167e-01 1.001128877085655233e+00 1.000113205695005503e+00 9.875927266515978076e-01
1.567500000000000071e+01 9.994081455816913317e-01 1.002538601454693978e+00 1.000046047416658368e+00 9.687563267210752560e-01
1.572500000000000142e+01 9.981224329447337951e-01 1.001056482992299657e+00 9.999441840880772814e-01 9.703548754821265110e-01
1.577500000000000036e+01 1.001036770896259087e+00 1.004534137360738821e+00 1.000121041486988993e+00 9.759312807905073939e-01
1.582500000000000107e+01 9.988960318867293742e-01 1.000868695034933031e+00 1.000026636796969681e+00 9.531398036259963735e-01
1.587500000000000000e+01 9.988767131791488341e-01 1.001900119156291069e+00 9.999620411409350096e-01 9.854938712141473323e-01
1.592500000000000071e+01 9.992083057662700663e-01 1.000960407292033061e+00 9.999500331634771921e-01 9.579615092109262653e-01
1.597500000000000142e+01 9.995704465663280969e-01 1.001162962658082911e+00 1.000038529825017397e+00 9.323863214006150590e-01
1.602499999999999858e+01 9.983647115192497701e-01 1.001483007658606761e+00 9.995561231998958407e-01 9.573980959884486053e-01
1.607500000000000284e+01 9.974388759617733857e-01 1.000801096235279353e+00 9.983832258874854038e-01 9.836932084454779179e-01
1.612500000000000000e+01 9.940195178863793224e-01 9.968480155314579649e-01 9.947894329035893435e-01 9.343455116952208428e-01
1.617500000000000071e+01 9.894922231166813908e-01 9.893391866727415662e-01 9.884005109704817604e-01 9.772996485370002429e-01
1.622500000000000142e+01 9.782478501850487840e-01 9.802914080846421019e-01 9.799839532946018616e-01 9.529295172205716202e-01
1.627499999999999858e+01 9.699652860100068663e-01 9.711154779648456525e-01 9.709906182915808426e-01 9.234927575106001152e-01
1.632500000000000284e+01 9.644021750002151894e-01 9.635289927003077848e-01 9.618435500739762611e-01 9.050271906089354390e-01
1.637500000000000000e+01 9.500631638397550871e-01 9.551378317754640745e-01 9.529806993240532709e-01 8.911195485095204649e-01
1.642500000000000071e+01 9.431829914526301817e-01 9.440254877655234189e-01 9.440676849073170729e-01 8.761289330872900072e-01
1.647500000000000142e+01 9.330879181621415386e-01 9.379569822342740393e-01 9.351173626390084648e-01 8.834040549176738200e-01
1.652499999999999858e+01 9.251326454709691838e-01 9.275238043499064444e-01 9.261040737139946133e-01 9.052198261807324897e-01
1.657500000000000284e+01 9.157856958718928464e-01 9.189722342088741946e-01 9.172703389458346512e-01 8.624659679010616697e-01
1.662500000000000000e+01 9.092006526646926323e-01 9.119018741451636600e-01 9.085673253642061464e-01 8.958699068181258385e-01
1.667500000000000071e+01 8.978947238484197291e-01 9.023900114595866384e-01 8.999436181094567777e-01 8.347739349816473142e-01
1.672500000000000142e+01 8.917248596312847830e-01 8.932423246399383565e-01 8.912549157277739331e-01 8.181743530673492026e-01
1.677499999999999858e+01 8.832064886074429966e-01 8.864308968144251066e-01 8.824717434817268558e-01 8.331409718607767356e-01
1.682500000000000284e+01 8.736600312257613021e-01 8.737195850576575662e-01 8.739740635614621223e-01 8.237818359553277237e-01
1.687500000000000000e+01 8.642342994580942683e-01 8.673339178869989841e-01 8.654553731573271236e-01 8.107154017573127147e-01
1.692500000000000071e+01 8.575802079933170230e-01 8.574204663799294135e-01 8.569462303797936720e-01 8.033148259006954728e-01
1.697500000000000142e+01 8.503103161902029195e-01 8.494588451570583842e-01 8.487120406819452789e-01 8.035047445482981221e-01
1.702499999999999858e+01 8.427432357359863069e-01 8.426549528500815178e-01 8.403441488979188634e-01 7.979298042285385417e-01
1.707500000000000284e+01 8.339284146643567430e-01 8.319789633030634235e-01 8.321197004881609738e-01 8.184102449032987225e-01
1.712500000000000000e+01 8.235626570354356302e-01 8.248817451521661681e-01 8.235299639358863999e-01 7.903426803120319200e-01
1.717500000000000071e+01 8.156087398561377988e-01 8.169119944011782319e-01 8.155903476582898604e-01 7.464885378100458713e-01
1.722500000000000142e+01 8.079776921064613093e-01 8.094570420074319594e-01 8.073345833324131471e-01 7.328945967725275512e-01
1.727499999999999858e+01 7.992510162981204536e-01 8.010849752574361604e-01 7.992364796842735819e-01 7.705351330550619382e-01
1.732500000000000284e+01 7.917709030207851217e-01 7.917789267330844760e-01 7.910885495299173620e-01 7.516603652364730603e-01
1.737500000000000000e+01 7.844841915888330908e-01 7.851283827191890552e-01 7.830886549299493904e-01 7.443047642326606761e-01
1.742500000000000071e+01 7.756865378179017556e-01 7.750688424789213826e-01 7.749489336624342251e-01 7.202830831297565295e-01
1.747500000000000142e+01 7.670840381631701677e-01 7.684937603063070055e-01 7.672227457528699723e-01 7.060726439557614142e-01
1.752499999999999858e+01 7.599656932240725915e-01 7.608047465551700528e-01 7.592316472944603545e-01 7.175118981463929346e-01
1.757500000000000284e+01 7.512842852679250116e-01 7.525980907841828271e-01 7.511756176311372712e-01 6.967118937097303011e-01
1.762500000000000000e+01 7.446572825369464077e-01 7.434943491135839189e-01 7.435514557629913091e-01 7.008105737536399760e-01
1.767500000000000071e+01 7.348919380414873359e-01 7.373366825640977895e-01 7.358174603625722288e-01 6.981846338524696494e-01
1.772500000000000142e+01 7.297982967123897158e-01 7.294916704482269365e-01 7.281443715744180256e-01 6.823179383621038596e-01
1.777499999999999858e+01 7.197174414506065654e-01 7.221328500469660350e-01 7.203015784508938202e-01 6.726834332888939061e-01
1.782500000000000284e+01 7.135602105132209383e-01 7.125482954984911910e-01 7.128438126917867601e-01 6.558040714386552672e-01
1.787500000000000000e+01 7.032536219517148135e-01 7.068631624342396336e-01 7.051444666513475568e-01 6.586591672902316619e-01
1.792500000000000071e+01 6.975827627987588597e-01 6.993713885011252351e-01 6.975766976323394264e-01 6.054636201719735267e-01
1.797500000000000142e+01 6.912382058064674428e-01 6.902384503273734095e-01 6.901392020742183053e-01 6.356215662524352661e-01
1.802499999999999858e+01 6.840942766166726585e-01 6.842666198625361185e-01 6.826009088567190908e-01 6.336387065928270612e-01
1.807500000000000284e+01 6.757627603305952357e-01 6.767938711567617061e-01 6.752401374974387194e-01 6.110119491110068690e-01
1.812500000000000000e+01 6.674219175912506907e-01 6.690264998619190884e-01 6.678242078067482268e-01 5.942042604247368409e-01
1.817500000000000071e+01 6.610043328399348717e-01 6.620405326320764061e-01 6.604606160684181049e-01 5.947226329432263592e-01
1.822500000000000142e+01 6.540651527804558496e-01 6.536835786716538310e-01 6.532170547547146988e-01 5.907113883820309663e-01
1.827499999999999858e+01 6.456982963113795382e-01 6.471964215701216938e-01 6.459386148411970785e-01 5.864856165788536746e-01
1.832500000000000284e+01 6.380332616571381399e-01 6.393744059522933343e-01 6.387930419375609237e-01 5.815527984998101196e-01
1.837500000000000000e+01 6.325025018890211292e-01 6.328029760190999609e-01 6.314057063560404304e-01 5.815999997978305025e-01
1.842500000000000071e+01 6.251839996458123938e-01 6.263022318002193778e-01 6.244211772370051872e-01 5.877735473540377509e-01
1.847500000000000142e+01 6.173691140707361358e-01 6.177421952641117819e-01 6.172712603395734687e-01 5.621400881187480492e-01
1.852499999999999858e+01 6.099320227450724108e-01 6.108496095013774552e-01 6.100948047254706186e-01 5.445432202419269174e-01
1.857500000000000284e+01 6.032360469589590490e-01 6.050901470549819861e-01 6.032162588567173689e-01 5.565866704135978837e-01
1.862500000000000000e+01 5.964191043627441458e-01 5.968860019192917532e-01 5.962484449747251780e-01 5.293446708162524716e-01
1.867500000000000071e+01 5.888532886970327951e-01 5.908705835530303485e-01 5.891833658161566012e-01 5.234083850712517583e-01
1.872500000000000142e+01 5.838959587564268583e-01 5.842351036902692085e-01 5.822886724508652412e-01 5.165774065782703373e-01
1.877499999999999858e+01 5.759819600925856209e-01 5.758094464796995604e-01 5.754567106309436131e-01 5.249382138382615581e-01
1.882500000000000284e+01 5.687204996935502077e-01 5.705741024657526861e-01 5.686140992168013941e-01 4.988786671005112638e-01
1.887500000000000000e+01 5.618953724386624993e-01 5.629414854871765961e-01 5.616839485479288019e-01 5.196245467557930597e-01
1.892500000000000071e+01 5.553974285245311115e-01 5.558958707351900896e-01 5.549800634404390420e-01 4.989707022946783810e-01
1.897500000000000142e+01 5.479400151262330265e-01 5.492987092402233928e-01 5.483097302303617804e-01 4.910224374224018140e-01
1.902499999999999858e+01 5.424953127766916072e-01 5.437354227827629893e-01 5.415471048233817530e-01 4.856827211403976219e-01
1.907500000000000284e+01 5.354503059366083617e-01 5.368030653483311099e-01 5.349354308065107366e-01 4.854296479827733823e-01
1.912500000000000000e+01 5.277019034386482010e-01 5.295307323077750317e-01 5.283915613231692232e-01 4.744668926160077183e-01
1.917500000000000426e+01 5.209914411922189625e-01 5.233192002083438821e-01 5.217328527649507386e-01 4.611191949332029694e-01
1.922500000000000142e+01 5.158829928465380465e-01 5.147638489254137140e-01 5.151923324964029494e-01 4.697692133018120386e-01
1.927499999999999858e+01 5.086116061272585309e-01 5.098902515579728512e-01 5.086428079726273976e-01 4.576924689108776700e-01
1.932500000000000284e+01 5.021218738499336753e-01 5.036123664109004583e-01 5.022494973250745121e-01 4.488575220606198513e-01
1.937500000000000000e+01 4.957034987837894424e-01 4.959376688275913270e-01 4.957784382109129417e-01 4.285666665425165722e-01
1.942500000000000426e+01 4.895231823956096018e-01 4.900457604340520690e-01 4.893451122812806919e-01 4.354160107756198106e-01
1.947500000000000142e+01 4.826710677032299834e-01 4.842982298738496283e-01 4.829482771696385068e-01 4.349404482066249189e-01
1.952499999999999858e+01 4.769787033626390893e-01 4.776317667493995556e-01 4.765055623490971337e-01 4.008083749122779427e-01
1.957500000000000284e+01 4.704896254832474090e-01 4.703065693465572350e-01 4.702496321749024544e-01 4.122439911235918353e-01
1.962500000000000000e+01 4.643988564373866534e-01 4.641151173233152849e-01 4.639208775390454287e-01 4.306966293116645805e-01
1.967500000000000426e+01 4.576787070102716903e-01 4.579431191254622613e-01 4.576827057183849301e-01 4.119381329717244911e-01
1.972500000000000142e+01 4.516674924854068851e-01 4.513974554572721676e-01 4.514019490498929477e-01 3.935781947612613241e-01
1.977499999999999858e+01 4.467273304596808270e-01 4.466865290843045067e-01 4.452948517584974786e-01 3.915904303367796491e-01
1.982500000000000284e+01 4.391740855136967991e-01 4.384533180889875759e-01 4.390809810169512550e-01 3.883458118300861517e-01
1.987500000000000000e+01 4.329600109740407432e-01 4.339042652317718352e-01 4.329781687432937565e-01 3.642483662496898700e-01
1.992500000000000426e+01 4.286771942996809859e-01 4.266730341419404104e-01 4.268861320936165882e-01 3.892842245098273035e-01
1.997500000000000142e+01 4.205219692319672187e-01 4.208064151439843137e-01 4.207529813872294411e-01 3.662482556720729199e-01
