# r (Angstroms), cation-water g(r), anion-water g(r), water-water g(r), cation-anion g(r)
2.500000000000000139e-02 0.000000000000000000e+00 0.000000000000000000e+00 5.724857807890517870e+04 0.000000000000000000e+00
7.500000000000001110e-02 0.000000000000000000e+00 0.000000000000000000e+00 0.000000000000000000e+00 0.000000000000000000e+00
1.250000000000000000e-01 0.000000000000000000e+00 0.000000000000000000e+00 0.000000000000000000e+00 0.000000000000000000e+00
1.750000000000000167e-01 0.000000000000000000e+00 0.000000000000000000e+00 0.000000000000000000e+00 0.000000000000000000e+00
2.250000000000000056e-01 0.000000000000000000e+00 0.000000000000000000e+00 0.000000000000000000e+00 0.000000000000000000e+00
2.750000000000000222e-01 0.000000000000000000e+00 0.000000000000000000e+00 0.000000000000000000e+00 0.000000000000000000e+00
3.250000000000000666e-01 0.000000000000000000e+00 0.000000000000000000e+00 0.000000000000000000e+00 0.000000000000000000e+00
3.750000000000000000e-01 0.000000000000000000e+00 0.000000000000000000e+00 0.000000000000000000e+00 0.000000000000000000e+00
4.250000000000000444e-01 0.000000000000000000e+00 0.000000000000000000e+00 0.000000000000000000e+00 0.000000000000000000e+00
4.749999999999999778e-01 0.000000000000000000e+00 0.000000000000000000e+00 0.000000000000000000e+00 0.000000000000000000e+00
5.250000000000000222e-01 0.000000000000000000e+00 0.000000000000000000e+00 0.000000000000000000e+00 0.000000000000000000e+00
5.750000000000000666e-01 0.000000000000000000e+00 0.000000000000000000e+00 0.000000000000000000e+00 0.000000000000000000e+00
6.250000000000000000e-01 0.000000000000000000e+00 0.000000000000000000e+00 0.000000000000000000e+00 0.000000000000000000e+00
6.750000000000000444e-01 0.000000000000000000e+00 0.000000000000000000e+00 0.000000000000000000e+00 0.000000000000000000e+00
7.250000000000000888e-01 0.000000000000000000e+00 0.000000000000000000e+00 0.000000000000000000e+00 0.000000000000000000e+00
7.750000000000000222e-01 0.000000000000000000e+00 0.000000000000000000e+00 0.000000000000000000e+00 0.000000000000000000e+00
8.250000000000000666e-01 0.000000000000000000e+00 0.000000000000000000e+00 0.000000000000000000e+00 0.000000000000000000e+00
8.750000000000000000e-01 0.000000000000000000e+00 0.000000000000000000e+00 0.000000000000000000e+00 0.000000000000000000e+00
9.250000000000000444e-01 0.000000000000000000e+00 0.000000000000000000e+00 0.000000000000000000e+00 0.000000000000000000e+00
9.750000000000000888e-01 0.000000000000000000e+00 0.000000000000000000e+00 0.000000000000000000e+00 0.000000000000000000e+00
1.024999999999999911e+00 0.000000000000000000e+00 0.000000000000000000e+00 0.000000000000000000e+00 0.000000000000000000e+00
1.075000000000000178e+00 0.000000000000000000e+00 0.000000000000000000e+00 0.000000000000000000e+00 0.000000000000000000e+00
1.125000000000000000e+00 0.000000000000000000e+00 0.000000000000000000e+00 0.000000000000000000e+00 0.000000000000000000e+00
1.175000000000000266e+00 0.000000000000000000e+00 0.000000000000000000e+00 0.000000000000000000e+00 0.000000000000000000e+00
1.225000000000000089e+00 0.000000000000000000e+00 0.000000000000000000e+00 0.000000000000000000e+00 0.000000000000000000e+00
1.274999999999999911e+00 0.000000000000000000e+00 0.000000000000000000e+00 0.000000000000000000e+00 0.000000000000000000e+00
1.325000000000000178e+00 0.000000000000000000e+00 0.000000000000000000e+00 0.000000000000000000e+00 0.000000000000000000e+00
1.375000000000000000e+00 0.000000000000000000e+00 0.000000000000000000e+00 0.000000000000000000e+00 0.000000000000000000e+00
1.425000000000000266e+00 0.000000000000000000e+00 0.000000000000000000e+00 0.000000000000000000e+00 0.000000000000000000e+00
1.475000000000000089e+00 0.000000000000000000e+00 0.000000000000000000e+00 0.000000000000000000e+00 0.000000000000000000e+00
1.524999999999999911e+00 0.000000000000000000e+00 0.000000000000000000e+00 0.000000000000000000e+00 0.000000000000000000e+00
1.575000000000000178e+00 0.000000000000000000e+00 0.000000000000000000e+00 0.000000000000000000e+00 0.000000000000000000e+00
1.625000000000000000e+00 0.000000000000000000e+00 0.000000000000000000e+00 0.000000000000000000e+00 0.000000000000000000e+00
1.675000000000000266e+00 0.000000000000000000e+00 0.000000000000000000e+00 0.000000000000000000e+00 0.000000000000000000e+00
1.725000000000000089e+00 0.000000000000000000e+00 0.000000000000000000e+00 0.000000000000000000e+00 0.000000000000000000e+00
1.774999999999999911e+00 0.000000000000000000e+00 0.000000000000000000e+00 0.000000000000000000e+00 0.000000000000000000e+00
1.825000000000000178e+00 0.000000000000000000e+00 0.000000000000000000e+00 0.000000000000000000e+00 0.000000000000000000e+00
1.875000000000000000e+00 0.000000000000000000e+00 0.000000000000000000e+00 0.000000000000000000e+00 0.000000000000000000e+00
1.925000000000000266e+00 0.000000000000000000e+00 0.000000000000000000e+00 0.000000000000000000e+00 0.000000000000000000e+00
1.975000000000000089e+00 0.000000000000000000e+00 0.000000000000000000e+00 0.000000000000000000e+00 0.000000000000000000e+00
2.025000000000000355e+00 0.000000000000000000e+00 0.000000000000000000e+00 0.000000000000000000e+00 0.000000000000000000e+00
2.075000000000000178e+00 2.631352310587438577e-03 0.000000000000000000e+00 0.000000000000000000e+00 1.916386189355456793e-02
2.125000000000000000e+00 8.081577298150607880e-02 0.000000000000000000e+00 0.000000000000000000e+00 9.136341982284233720e-02
2.174999999999999822e+00 7.297070050322462809e-01 0.000000000000000000e+00 0.000000000000000000e+00 8.372281788606287245e-01
2.225000000000000089e+00 2.795447754658424433e+00 0.000000000000000000e+00 0.000000000000000000e+00 3.800115429071071471e+00
2.275000000000000355e+00 5.841598506096110199e+00 0.000000000000000000e+00 0.000000000000000000e+00 8.322052815792270408e+00
2.325000000000000178e+00 7.783454289605230336e+00 0.000000000000000000e+00 0.000000000000000000e+00 1.039500512858357162e+01
2.375000000000000000e+00 7.803190379204543170e+00 0.000000000000000000e+00 9.549743900676155723e-06 8.820928300429796920e+00
2.425000000000000266e+00 6.405726165476677281e+00 3.042040539547589311e-04 8.042492001574172693e-04 5.556439147510648269e+00
2.475000000000000089e+00 4.658242240925376088e+00 9.393874431833213259e-03 1.740019678424815572e-02 3.529200747360510704e+00
2.525000000000000355e+00 3.157394145587987033e+00 1.485706000049326070e-01 1.448201939564234264e-01 1.980134646949594179e+00
2.575000000000000178e+00 2.070730458953301323e+00 8.954984058990032025e-01 5.942849715434910252e-01 1.007992161206953563e+00
2.625000000000000000e+00 1.362639942996518583e+00 2.831160107652902269e+00 1.439243901037137174e+00 5.508410959709506560e-01
2.675000000000000266e+00 9.015908965785783824e-01 5.268502529627746789e+00 2.374542051392439124e+00 1.960328944762947945e-01
2.725000000000000089e+00 6.196661556722686814e-01 6.730322081250654342e+00 2.966259026160851242e+00 2.222414418224588351e-01
2.775000000000000355e+00 4.362376935159336111e-01 6.578063297912759566e+00 3.059333881468788263e+00 1.714440851059335913e-01
2.825000000000000178e+00 3.166989038016040925e-01 5.340954970800674495e+00 2.772669290174907264e+00 8.271456565020071650e-02
2.875000000000000000e+00 2.394796654593722984e-01 3.847654387039443513e+00 2.327736562464133296e+00 6.987979845024384906e-02
2.925000000000000266e+00 1.868603302322055237e-01 2.598864066965073771e+00 1.884665825921724158e+00 4.822230174539618441e-02
2.975000000000000089e+00 1.594428174599864245e-01 1.679556423009199717e+00 1.523823427281937981e+00 0.000000000000000000e+00
3.025000000000000355e+00 1.349264839915891578e-01 1.079118624322009445e+00 1.258304746795595896e+00 3.606945611656343226e-02
3.075000000000000178e+00 1.292185203121717085e-01 7.025981136153757189e-01 1.077887852683139913e+00 6.108554867612362577e-02
3.125000000000000000e+00 1.204454275756341036e-01 4.854759807047295261e-01 9.626331993076554516e-01 5.069699175902165483e-02
3.175000000000000266e+00 1.223014757958907905e-01 3.455497319766365205e-01 8.920572435419364954e-01 7.366926259700483370e-02
3.225000000000000089e+00 1.269667963410042455e-01 2.683818350292349608e-01 8.552470295956409174e-01 6.346906459674495071e-02
3.275000000000000355e+00 1.347393952613558377e-01 2.174677716380414016e-01 8.370573896643752621e-01 1.230918180766007036e-01
3.325000000000000178e+00 1.481124834062332030e-01 2.006206780879404294e-01 8.299664954531913441e-01 1.940537826565096602e-01
3.375000000000000000e+00 1.696704249612751569e-01 1.927835050663053995e-01 8.317287799008494797e-01 1.159056836977053889e-01
3.425000000000000266e+00 1.938298031634823337e-01 1.962952491255670062e-01 8.380063200686918012e-01 2.813658433018292326e-01
3.475000000000000089e+00 2.247111499978521887e-01 1.988598617825185766e-01 8.475215082998600602e-01 3.894915079033753336e-01
3.525000000000000355e+00 2.639488531547838357e-01 2.178777806041306553e-01 8.563684306843137861e-01 4.183649310879041239e-01
3.575000000000000178e+00 3.053747281590461493e-01 2.356681057190744000e-01 8.694431642182901543e-01 6.585386183222026180e-01
3.625000000000000000e+00 3.690487841382937839e-01 2.652431777790749678e-01 8.824562348580136106e-01 9.858639660997744469e-01
3.675000000000000266e+00 4.351729806940639045e-01 3.054732413689002501e-01 8.964670486534627170e-01 1.270814603321483993e+00
3.725000000000000089e+00 4.996791311400269886e-01 3.397663379025590014e-01 9.096897132991439427e-01 1.581840933965711571e+00
3.775000000000000355e+00 5.776895258545969858e-01 3.867513268415568306e-01 9.246066413359090852e-01 2.362436533350692258e+00
3.825000000000000178e+00 6.684322557696511513e-01 4.383122243016358555e-01 9.392849468582913364e-01 2.656391561444579441e+00
3.875000000000000000e+00 7.605445018358044651e-01 5.084063867423095351e-01 9.554062911660986535e-01 3.577435375825579023e+00
3.925000000000000266e+00 8.534855341433755793e-01 5.732417523252827385e-01 9.700532622654709503e-01 3.395817253861303620e+00
3.975000000000000089e+00 9.476718542259745526e-01 6.455249091259903649e-01 9.880077143113832339e-01 4.418049920667738384e+00
4.025000000000000355e+00 1.049587465832610311e+00 7.320426274058899896e-01 1.004241521228704581e+00 5.093342647188757510e+00
4.075000000000000178e+00 1.129206939251890862e+00 8.243623627752076910e-01 1.019849612231292113e+00 5.143040247309419222e+00
4.125000000000000000e+00 1.203629744532355605e+00 9.087588558878587630e-01 1.034943444596851281e+00 5.232490752823939495e+00
4.175000000000000711e+00 1.279641503459961971e+00 1.009614892041296397e+00 1.049902828186074943e+00 5.638114080181669152e+00
4.224999999999999645e+00 1.338343475015188799e+00 1.105453737949357862e+00 1.063447960670152792e+00 5.288198847774240541e+00
4.275000000000000355e+00 1.383801183278735802e+00 1.186949673287681417e+00 1.074811506483440038e+00 5.192313417746388993e+00
4.325000000000000178e+00 1.421567134889176298e+00 1.250982266608815507e+00 1.085127609148860861e+00 5.253817089818580754e+00
4.375000000000000000e+00 1.449653332978543929e+00 1.315937915189459018e+00 1.092924294703318200e+00 5.043886066118503209e+00
4.425000000000000711e+00 1.458465902589778151e+00 1.371274675212151628e+00 1.097109337467494949e+00 4.799906760273755957e+00
4.474999999999999645e+00 1.459839765932786415e+00 1.405912243650982774e+00 1.100874780752656656e+00 5.364887689817458671e+00
4.525000000000000355e+00 1.464990858391200357e+00 1.436610173511526645e+00 1.102188227187024028e+00 5.234893046713260389e+00
4.575000000000000178e+00 1.451705889799673299e+00 1.443087592462550806e+00 1.100686185096706904e+00 5.223596312668448149e+00
4.625000000000000000e+00 1.433687653777498294e+00 1.458847160418514699e+00 1.097224274917818043e+00 5.435300215638738663e+00
4.675000000000000711e+00 1.398560109517669181e+00 1.447726692959456329e+00 1.091849552494820852e+00 5.470679384275414670e+00
4.724999999999999645e+00 1.364710677161661279e+00 1.416608332357040645e+00 1.083943153966468786e+00 5.259415351307787923e+00
4.775000000000000355e+00 1.333821803085764923e+00 1.401559692084522357e+00 1.074978914809490815e+00 5.117277131948698710e+00
4.825000000000001066e+00 1.270781334795412221e+00 1.365733894822958039e+00 1.064800417197729443e+00 4.802650922340099271e+00
4.875000000000000000e+00 1.231336066924058947e+00 1.331426738487327954e+00 1.053311133053305149e+00 4.294938014577782681e+00
4.925000000000000711e+00 1.176271329497670992e+00 1.283571623518897198e+00 1.040818347493738250e+00 3.456350334780659672e+00
4.974999999999999645e+00 1.121883426414890694e+00 1.238325406890642855e+00 1.029327736287390938e+00 3.120514973978679052e+00
5.025000000000000355e+00 1.074364069639719865e+00 1.195963010016809047e+00 1.016397083093769194e+00 2.611026693798619736e+00
5.075000000000001066e+00 1.024519627566288449e+00 1.150958083750232008e+00 1.004550794193127761e+00 2.217025744574547375e+00
5.125000000000000000e+00 9.834557274385407055e-01 1.104022279999569589e+00 9.920258406899131742e-01 1.759288608973567314e+00
5.175000000000000711e+00 9.510054689826015206e-01 1.053009848650106495e+00 9.796164334089098036e-01 1.651509023261114706e+00
5.224999999999999645e+00 9.221231712683052306e-01 1.015773831479664713e+00 9.692628481005918228e-01 1.384298735601181551e+00
5.275000000000000355e+00 9.011140849558808563e-01 9.701634947191953851e-01 9.571896348052677528e-01 1.313698773950155108e+00
5.325000000000001066e+00 8.854384935176331517e-01 9.394646787480011030e-01 9.468182889173274441e-01 1.149462820394942630e+00
5.375000000000000000e+00 8.782167088433144864e-01 9.126762085945110403e-01 9.364347915678027379e-01 9.967944378838389241e-01
5.425000000000000711e+00 8.747262574786733857e-01 8.730445202159106133e-01 9.266947960631434222e-01 1.141122051205550880e+00
5.474999999999999645e+00 8.789249745533367353e-01 8.472843518486508074e-01 9.184796548110532033e-01 1.153408122522995738e+00
5.525000000000000355e+00 8.733546028188775567e-01 8.250345945411472481e-01 9.105309448533149830e-01 1.043422082933634698e+00
5.575000000000001066e+00 8.832483279907485940e-01 8.107243263006392864e-01 9.053326045596614691e-01 1.056648803195718411e+00
5.625000000000000000e+00 8.851717020672262848e-01 8.004935991995096867e-01 9.020905155623389904e-01 1.176166692728344287e+00
5.675000000000000711e+00 9.007404622875559985e-01 7.931159890562562431e-01 9.028734112265566214e-01 1.181154291413106794e+00
5.724999999999999645e+00 9.034062928047088548e-01 7.974351736110684152e-01 9.040459271339488234e-01 1.278940138751371691e+00
5.775000000000000355e+00 9.099934005793662850e-01 8.049553066832206838e-01 9.093858806856254251e-01 1.331115784946630853e+00
5.825000000000001066e+00 9.264946050522588905e-01 8.136122633583117159e-01 9.151634041381047080e-01 1.405638229867377076e+00
5.875000000000000000e+00 9.375189535502083116e-01 8.231981191991735169e-01 9.236995201763980035e-01 1.518083325201907474e+00
5.925000000000000711e+00 9.455013087689523310e-01 8.439986126648081344e-01 9.328810158289653209e-01 1.577188062883231767e+00
5.974999999999999645e+00 9.527188153060239806e-01 8.556805517509883385e-01 9.421555142427275875e-01 1.597128802155914906e+00
6.025000000000000355e+00 9.685039484277713218e-01 8.723057171406801702e-01 9.520682408540184216e-01 1.636651260780888517e+00
6.075000000000001066e+00 9.727842977496425902e-01 8.924628808437057303e-01 9.622301681616935998e-01 1.594170475535701570e+00
6.125000000000000000e+00 9.759459752976342717e-01 9.104892373272334138e-01 9.723193902987027348e-01 1.612239750730340981e+00
6.175000000000000711e+00 9.858530579666310301e-01 9.295608225525445745e-01 9.810908703863557845e-01 1.694438120032548234e+00
6.224999999999999645e+00 9.909314191953272344e-01 9.459964530255996484e-01 9.899975260697733148e-01 1.748245256783323764e+00
6.275000000000000355e+00 1.004151254793516301e+00 9.645334328714917360e-01 9.991135232855339332e-01 1.686966157228753982e+00
6.325000000000001066e+00 1.011941730460256261e+00 9.807808683477164946e-01 1.006348550124470442e+00 1.678963796214152371e+00
6.375000000000000000e+00 1.011764585945647665e+00 9.993438602154072203e-01 1.014245747441646195e+00 1.656791287778327959e+00
6.425000000000000711e+00 1.017190804992568864e+00 1.019704331134806186e+00 1.020624298823519682e+00 1.729051382995681507e+00
6.474999999999999645e+00 1.017123671260401485e+00 1.031474998808635357e+00 1.026122148917882448e+00 1.755591214016123169e+00
6.525000000000000355e+00 1.019383208037073274e+00 1.046688240450316831e+00 1.031531620152653650e+00 1.763674692365292174e+00
6.575000000000001066e+00 1.020187592187846715e+00 1.054727671567480929e+00 1.036107331400171416e+00 1.715956730134600816e+00
6.625000000000000000e+00 1.018684604965027773e+00 1.066488836668798346e+00 1.039629614642336053e+00 1.682633211026934195e+00
6.675000000000000711e+00 1.019293550408385540e+00 1.085931276579729099e+00 1.042652026873595039e+00 1.674187548604044062e+00
6.724999999999999645e+00 1.019369674148488558e+00 1.088191301547505985e+00 1.044954775416705894e+00 1.549035462198839364e+00
6.775000000000000355e+00 1.015116758448916912e+00 1.096340130033549354e+00 1.046013281605868261e+00 1.538839913760096323e+00
6.825000000000001066e+00 1.017138736317980685e+00 1.102137133334836427e+00 1.046296554205404572e+00 1.643921102150537550e+00
6.875000000000000000e+00 1.009759521882783506e+00 1.100603877666366914e+00 1.046777752908083281e+00 1.487416255438295920e+00
6.925000000000000711e+00 1.009089520512345795e+00 1.106342621435661311e+00 1.045577106990112526e+00 1.608830965432380022e+00
6.974999999999999645e+00 1.001679209718781882e+00 1.101391774601490736e+00 1.043498835117551149e+00 1.495955067990011766e+00
7.025000000000000355e+00 9.989504367037270738e-01 1.091931979441371547e+00 1.041604513894560435e+00 1.544961739067072237e+00
7.075000000000001066e+00 9.940779259763266040e-01 1.088960494917447841e+00 1.038858693098439590e+00 1.526499051028038290e+00
7.125000000000000000e+00 9.929669818414471605e-01 1.084854530600264377e+00 1.034912261247829202e+00 1.386493249505227565e+00
7.175000000000000711e+00 9.874871054852194519e-01 1.066688783887039804e+00 1.031209988608600359e+00 1.397690986617748266e+00
7.224999999999999645e+00 9.842394922315809147e-01 1.058498978515517441e+00 1.027408844207178040e+00 1.379993546633821566e+00
7.275000000000000355e+00 9.802439302483377803e-01 1.046545601599445208e+00 1.022908709144576545e+00 1.297166933352076335e+00
7.325000000000001066e+00 9.731923839230642859e-01 1.032607181810961894e+00 1.018759845601152625e+00 1.342571881819141666e+00
7.375000000000000000e+00 9.780985408151314786e-01 1.016383759865448821e+00 1.013735978272105820e+00 1.304706981682529854e+00
7.425000000000000711e+00 9.783824000093189754e-01 1.007392339997986941e+00 1.010176971753758313e+00 1.284200925656077796e+00
7.474999999999999645e+00 9.761965755477713946e-01 1.002295719808207419e+00 1.005487209316411334e+00 1.227205402301545734e+00
7.525000000000000355e+00 9.789792037901131616e-01 9.858190630106729024e-01 1.001982761194014193e+00 1.256125139236266897e+00
7.575000000000001066e+00 9.803980249419363968e-01 9.806578348872770912e-01 9.985236247065953918e-01 1.186389639155015496e+00
7.625000000000000000e+00 9.807160622697609353e-01 9.752954748425416431e-01 9.952920069863111507e-01 1.142496494076412183e+00
7.675000000000000711e+00 9.827800098759464920e-01 9.668154848109296040e-01 9.924879517353154545e-01 1.250931136457471782e+00
7.724999999999999645e+00 9.854429903774133415e-01 9.637038078353709070e-01 9.901057946435007917e-01 1.162887631422001578e+00
7.775000000000000355e+00 9.900526342852433714e-01 9.591961056490366788e-01 9.881661484047949973e-01 1.221689921445462401e+00
7.825000000000001066e+00 9.939628108474776180e-01 9.539746538098407003e-01 9.861104711285978430e-01 1.288332522152790149e+00
7.875000000000000000e+00 1.003497237614349169e+00 9.506061863497641262e-01 9.855237368197444781e-01 1.186868267087240358e+00
7.925000000000000711e+00 1.003602484260604166e+00 9.551888546142922598e-01 9.844637240190440286e-01 1.232375636431711108e+00
7.974999999999999645e+00 1.012622527281488161e+00 9.569803722259609957e-01 9.840786619250908585e-01 1.283139083418094017e+00
8.025000000000000355e+00 1.007914168300934055e+00 9.605468044003411254e-01 9.843311309216246086e-01 1.318451429998459767e+00
8.074999999999999289e+00 1.018434696075222634e+00 9.606320659451652588e-01 9.841102219006068186e-01 1.280661373558681149e+00
8.125000000000000000e+00 1.016688054304351052e+00 9.666268808293820847e-01 9.848857386397412705e-01 1.281197266616530106e+00
8.175000000000000711e+00 1.021715986229388307e+00 9.699364319034711190e-01 9.857973073573575995e-01 1.281624275613137076e+00
8.225000000000001421e+00 1.022439219652981901e+00 9.763866151364892776e-01 9.866413776526906654e-01 1.284385720148923049e+00
8.275000000000000355e+00 1.024211240421844415e+00 9.804247076708789699e-01 9.878690686649047592e-01 1.229144928162912542e+00
8.324999999999999289e+00 1.023767619184502875e+00 9.835900919725918401e-01 9.893630397811709054e-01 1.290624010171507630e+00
8.375000000000000000e+00 1.029786692823971839e+00 9.895433476119208649e-01 9.903927919096727761e-01 1.261142355987156405e+00
8.425000000000000711e+00 1.025728175811836840e+00 9.966516094527109182e-01 9.918681901648526145e-01 1.292718432643106263e+00
8.475000000000001421e+00 1.024997808005264854e+00 9.994265168535320099e-01 9.935761041432394913e-01 1.271765956599022918e+00
8.525000000000000355e+00 1.025116535017597474e+00 1.001891533397803791e+00 9.947806709279850557e-01 1.296630793929231196e+00
8.574999999999999289e+00 1.022920427367089768e+00 1.007106208777459599e+00 9.957504694319726513e-01 1.302875686877861483e+00
8.625000000000000000e+00 1.019664102320417154e+00 1.008509697528205740e+00 9.971770919826585811e-01 1.255646096912951704e+00
8.675000000000000711e+00 1.020404387049714146e+00 1.015158723473253533e+00 9.985310170156599385e-01 1.266432546055273445e+00
8.725000000000001421e+00 1.018229003158199086e+00 1.016489987354889379e+00 9.992936724714779340e-01 1.210769190367553705e+00
8.775000000000000355e+00 1.010937119466028378e+00 1.016776389165865879e+00 9.999559948734727532e-01 1.175578000467331519e+00
8.824999999999999289e+00 1.014360919982226994e+00 1.017791203670354472e+00 1.000770021412539457e+00 1.231163654487588577e+00
8.875000000000000000e+00 1.011692918920799045e+00 1.017162859307840117e+00 1.001106679676052158e+00 1.219425734574532072e+00
8.925000000000000711e+00 1.007257851166862173e+00 1.018857814305404563e+00 1.001134301785077119e+00 1.139502671329723826e+00
8.975000000000001421e+00 1.000978158141275109e+00 1.022706204632645166e+00 1.001559564257199275e+00 1.231330615590627175e+00
9.025000000000000355e+00 1.006449191898479478e+00 1.018664749418230153e+00 1.002043678784606984e+00 1.193410917096258350e+00
9.074999999999999289e+00 9.978657858515593837e-01 1.018531109757636166e+00 1.001804240454427175e+00 1.200335636374578518e+00
9.125000000000000000e+00 9.957297527055875008e-01 1.020899527445735089e+00 1.001653952192629538e+00 1.142622369997755349e+00
9.175000000000000711e+00 9.945159537030164865e-01 1.012218496357183639e+00 1.001369819128200778e+00 1.085112204532138191e+00
9.225000000000001421e+00 9.942158771481013346e-01 1.013121489404252173e+00 1.002020275423035400e+00 1.105379195469664344e+00
9.275000000000000355e+00 9.868146848358533285e-01 1.013020819482462143e+00 1.001466891345421439e+00 1.148168188447090898e+00
9.324999999999999289e+00 9.903842273214032987e-01 1.004898730183769295e+00 1.001234393030658421e+00 1.097930590102503379e+00
9.375000000000000000e+00 9.885023766859841743e-01 1.004629919871879107e+00 1.000903288645982325e+00 1.088128290153794531e+00
9.425000000000000711e+00 9.875075108193482887e-01 1.004585470531416780e+00 1.000677277695690037e+00 1.078471645384372124e+00
9.475000000000001421e+00 9.861098837546127260e-01 1.001589930798986616e+00 1.000194252716591459e+00 1.079068213887309780e+00
9.525000000000000355e+00 9.855415698986115247e-01 9.992097462241518180e-01 9.999165914138220534e-01 1.068678687847943953e+00
9.575000000000001066e+00 9.805083566853074473e-01 9.968407855220420277e-01 9.995417751372388526e-01 1.058446759129023862e+00
9.625000000000000000e+00 9.836947563275040274e-01 9.970578653062758256e-01 9.995370506377490027e-01 1.014522116292802867e+00
9.675000000000000711e+00 9.826444964167153628e-01 9.933216063507459559e-01 9.991242821538539598e-01 1.004063218515135469e+00
9.725000000000001421e+00 9.869673753249751380e-01 9.922228027312611776e-01 9.991913334564811455e-01 1.039134664556329080e+00
9.775000000000000355e+00 9.856617299323168213e-01 9.913066358256960031e-01 9.990555609896774047e-01 1.006941683354041217e+00
9.825000000000001066e+00 9.873893622934150072e-01 9.908611477071785911e-01 9.989220187629321845e-01 1.016379851570311299e+00
9.875000000000000000e+00 9.866833351770002425e-01 9.892119518165252146e-01 9.990146504213206491e-01 1.017960060400533218e+00
9.925000000000000711e+00 9.878331613672889366e-01 9.900700023305605280e-01 9.993643026169278798e-01 9.985149093502190265e-01
9.975000000000001421e+00 9.894048452915745751e-01 9.908102413883518311e-01 9.997994269572122450e-01 9.893591474440778244e-01
1.002500000000000036e+01 9.933407199451275149e-01 9.907982034603192156e-01 9.992984826010781196e-01 1.024672711305758321e+00
1.007500000000000107e+01 9.952641163694401216e-01 9.904203601999218565e-01 9.993902869927696608e-01 1.060864113698008815e+00
1.012500000000000000e+01 9.907811026368851248e-01 9.925959757289352092e-01 9.998910315890373601e-01 1.035118975796753160e+00
1.017500000000000071e+01 9.991565216142267447e-01 9.894309761304898032e-01 9.998956714896668485e-01 9.946839802650282447e-01
1.022500000000000142e+01 9.988255056945479771e-01 9.914592035945276605e-01 1.000136834170413991e+00 1.058379762442205330e+00
1.027500000000000036e+01 9.991172736114006803e-01 9.966433162720571559e-01 1.000833419324533846e+00 1.025438372244598551e+00
1.032500000000000107e+01 1.002374375223171743e+00 9.976532655293820495e-01 1.001041096347935033e+00 1.041847942559251283e+00
1.037500000000000000e+01 9.997775065654871396e-01 9.945228674072068564e-01 1.001399770019993696e+00 1.050995003506125736e+00
1.042500000000000071e+01 1.000690373017272261e+00 9.960703754623143613e-01 1.001613927427468687e+00 1.022715607797907600e+00
1.047500000000000142e+01 1.003689708383251888e+00 9.981436206521182575e-01 1.001750154690971062e+00 1.084417757065460286e+00
1.052500000000000036e+01 1.004562947821241448e+00 9.980143291577869835e-01 1.002281186653571687e+00 1.059241087500132794e+00
1.057500000000000107e+01 1.003871104781049350e+00 9.989359875228239760e-01 1.002341571683079913e+00 1.037442433228884964e+00
1.062500000000000000e+01 1.005337279079794088e+00 9.990275590541490836e-01 1.002772430973727813e+00 1.105911812837248487e+00
1.067500000000000071e+01 1.006227022896749590e+00 1.004497535042306211e+00 1.002736536075008456e+00 1.064439595558755780e+00
1.072500000000000142e+01 1.005094268509966415e+00 1.004132587279844779e+00 1.002852071386563182e+00 1.101167130645559711e+00
1.077500000000000036e+01 1.004324376465478785e+00 1.001545658031697705e+00 1.002826777575691164e+00 1.063252725062097559e+00
1.082500000000000107e+01 1.003332410274870412e+00 1.006215286164608091e+00 1.002691141393595942e+00 1.006977352650906932e+00
1.087500000000000000e+01 1.005069246508883518e+00 1.004224671689286641e+00 1.002692926865194512e+00 1.049370347195318187e+00
1.092500000000000071e+01 1.003614706089902553e+00 1.007084560195815826e+00 1.002652855977572477e+00 1.049465992761598354e+00
1.097500000000000142e+01 1.004127674169668971e+00 1.009165083275994190e+00 1.002368636745875508e+00 1.102266181332858919e+00
1.102500000000000036e+01 1.004116648207682871e+00 1.006692281183823034e+00 1.002555595473196393e+00 9.673801497706179253e-01
1.107500000000000107e+01 1.002922372235796056e+00 1.008163360261101538e+00 1.002446549008390697e+00 1.034685530878028503e+00
1.112500000000000000e+01 1.003506129200614438e+00 1.003535038202274299e+00 1.001871910997103710e+00 1.025405902499678223e+00
1.117500000000000071e+01 1.000754005083977605e+00 1.005034925160789072e+00 1.001648064174740949e+00 1.027483492250694130e+00
1.122500000000000142e+01 1.005237822457927699e+00 1.003306879876918467e+00 1.001583066774175856e+00 1.053059413903537411e+00
1.127500000000000036e+01 1.002838757033171824e+00 1.003479054011877425e+00 1.000950892523307045e+00 1.008689382723212624e+00
1.132500000000000107e+01 9.981738248343783315e-01 1.003030219031628256e+00 1.000743714880956592e+00 1.064783025714299391e+00
1.137500000000000000e+01 9.997714308888645540e-01 1.003098917385039757e+00 1.000406387489599869e+00 9.967717386822190218e-01
1.142500000000000071e+01 9.986234963696769551e-01 1.004409446651949311e+00 1.000026383964718102e+00 1.050018062048144296e+00
1.147500000000000142e+01 9.993551007900245420e-01 1.004207636207147480e+00 9.999060514111854925e-01 1.010181032581561666e+00
1.152500000000000036e+01 9.996862626670888208e-01 9.995201503681425681e-01 9.996697118652627667e-01 1.016965870088903046e+00
1.157500000000000107e+01 9.986169203745103307e-01 1.001449866707163405e+00 9.992896614746273887e-01 9.971130998841014614e-01
1.162500000000000000e+01 1.000553796418220509e+00 1.000035314174328560e+00 9.986765596495658093e-01 9.775635215164527603e-01
1.167500000000000071e+01 9.991988180346643711e-01 1.002149688364881275e+00 9.988565858180193935e-01 9.819212425689728407e-01
1.172500000000000142e+01 9.975659150887572491e-01 9.998822295049822895e-01 9.983799683122723811e-01 9.519564263097265444e-01
1.177500000000000036e+01 9.988191663111958274e-01 1.000416953549029042e+00 9.984306801146031196e-01 9.980466157523915083e-01
1.182500000000000107e+01 9.965932430234369921e-01 9.968512521347041577e-01 9.981692815680099917e-01 1.027391747989267134e+00
1.187500000000000000e+01 9.999935876373614585e-01 9.965978800808158455e-01 9.979477441326999321e-01 1.021684039672743571e+00
1.192500000000000071e+01 1.000010171782903967e+00 9.957811384825174805e-01 9.979663925373933875e-01 9.661333506164839768e-01
1.197500000000000142e+01 9.977335769346744598e-01 9.963030719302230498e-01 9.979930289535262622e-01 9.454229406254559542e-01
1.202500000000000036e+01 9.979592940249962796e-01 9.949859368438001006e-01 9.981452175581286834e-01 9.986366503592700727e-01
1.207500000000000107e+01 9.982656715568331007e-01 9.944968718782820627e-01 9.980566253816655076e-01 9.818945006254384822e-01
1.212500000000000000e+01 9.990238645596570821e-01 9.971073138401794766e-01 9.980634667525692949e-01 9.710067323752947788e-01
1.217500000000000071e+01 1.000130204147565482e+00 9.974227623574621893e-01 9.981054909621434046e-01 1.030962052408117335e+00
1.222500000000000142e+01 1.001452394991124706e+00 9.965246158983775970e-01 9.981601947076016446e-01 9.353094297476465258e-01
1.227500000000000036e+01 1.000998314570285652e+00 9.982279491866694610e-01 9.984474923311522643e-01 9.994464152473562235e-01
1.232500000000000107e+01 1.000202612363317867e+00 9.987540589004963998e-01 9.986280188658992474e-01 9.777735874044291009e-01
1.237500000000000000e+01 1.001791582688683402e+00 9.989645669345594836e-01 9.986127174744222623e-01 1.018382777419239993e+00
1.242500000000000071e+01 9.997457877056238340e-01 9.993305491254503847e-01 9.990246677833342082e-01 9.278901999132886935e-01
1.247500000000000142e+01 1.001572556244079593e+00 1.000934564348528122e+00 9.992775690857318427e-01 9.496293827479397320e-01
1.252500000000000036e+01 1.001456729514530464e+00 9.954070382584601084e-01 9.994770863159925245e-01 9.846685036694567961e-01
1.257500000000000107e+01 9.999968498704228104e-01 9.969894114325170698e-01 9.996353267001465426e-01 9.742445976288504061e-01
1.262500000000000000e+01 1.001119466872554931e+00 9.991908412048389199e-01 9.998486105423983750e-01 1.004852788576089839e+00
1.267500000000000071e+01 9.997657567766927711e-01 1.001289456105650677e+00 9.998486002901125769e-01 9.645824071680203504e-01
1.272500000000000142e+01 9.999932952197665426e-01 9.999564682086218292e-01 9.999814453720973217e-01 9.860639385919395261e-01
1.277500000000000036e+01 9.989388313215212811e-01 1.000539252731127871e+00 1.000057328389765576e+00 9.884726051225671828e-01
1.282500000000000107e+01 1.000692828650320276e+00 1.000647509962209858e+00 1.000366611059912758e+00 9.787735387719754820e-01
1.287500000000000000e+01 1.000044002679243205e+00 9.969592402591783697e-01 1.000661991809682627e+00 9.617281956400473009e-01
1.292500000000000071e+01 1.003594527243070189e+00 9.997482707030287408e-01 1.000580483575661539e+00 1.009129656289383004e+00
1.297500000000000142e+01 1.000851332833098795e+00 1.000371371071389515e+00 1.000683934895487903e+00 9.949952680172620134e-01
1.302500000000000036e+01 9.995951481438049013e-01 1.003500324720091319e+00 1.000738707726120724e+00 9.669424588500036277e-01
1.307500000000000107e+01 9.972545105835762813e-01 1.001456021478284164e+00 1.000943527088674845e+00 9.952793295589784650e-01
1.312500000000000000e+01 9.998550443353333428e-01 1.002387243114686077e+00 1.000708404209508462e+00 9.594493386249473010e-01
1.317500000000000071e+01 9.993110245782950152e-01 1.001033891696548439e+00 1.000808027049657989e+00 9.184290265751078319e-01
1.322500000000000142e+01 9.993603429741814148e-01 1.001102597636705616e+00 1.000948352396707319e+00 9.902863840652277316e-01
1.327500000000000036e+01 9.988746787746504152e-01 1.003651004361236554e+00 1.000825856045757023e+00 9.608332673368873422e-01
1.332500000000000107e+01 9.965898130306450886e-01 1.000438674559393393e+00 1.001113597100975250e+00 9.280756277826904821e-01
1.337500000000000000e+01 9.983746120387949619e-01 1.002001410495224176e+00 1.000725975711552529e+00 9.229947895709281758e-01
1.342500000000000071e+01 9.964226735124068757e-01 1.000424510518643784e+00 1.000828683902065253e+00 9.060599862468354804e-01
1.347500000000000142e+01 9.961421568776475111e-01 1.000766256934300102e+00 1.000783075284995327e+00 9.475197283611344057e-01
1.352500000000000036e+01 9.989289536286006799e-01 1.001494514386972901e+00 1.000572400358916259e+00 9.752610851457906849e-01
1.357500000000000107e+01 9.988146620051131519e-01 9.998339877666079234e-01 1.000711169755741148e+00 9.528657218452889488e-01
1.362500000000000000e+01 9.976729186322008669e-01 9.992774366461899538e-01 1.000862324254046198e+00 9.676652998285356633e-01
1.367500000000000071e+01 9.976117075791538502e-01 9.996429740155533539e-01 1.000421996447978579e+00 9.160357923892458176e-01
1.372500000000000142e+01 9.985695572929577102e-01 9.979538461220219814e-01 1.000661991275542118e+00 9.610626170305447413e-01
1.377500000000000036e+01 1.000276048203254664e+00 1.000917153093420220e+00 1.000453259930792260e+00 9.454010836767666737e-01
1.382500000000000107e+01 9.989209930316225172e-01 9.995481090847050387e-01 1.000174376796243436e+00 8.997196573809600473e-01
1.387500000000000000e+01 1.000025093421949673e+00 1.000226433168275531e+00 1.000202952625140362e+00 9.433955794250790117e-01
1.392500000000000071e+01 9.968544147045679260e-01 1.001232147109712978e+00 1.000223230479418746e+00 9.698257228238027494e-01
1.397500000000000142e+01 9.978376832868474100e-01 9.972407507117284631e-01 1.000258643395305125e+00 9.409279483263243149e-01
1.402500000000000036e+01 9.965351769100685431e-01 9.989771561016145274e-01 1.000126037643276566e+00 9.417820168401552783e-01
1.407500000000000107e+01 9.989525030457815369e-01 1.000949724752208780e+00 9.998914177323968699e-01 9.163590323723821429e-01
1.412500000000000000e+01 9.981111161004218024e-01 9.981350269625088867e-01 9.999284280178177831e-01 9.640624220956589552e-01
1.417500000000000071e+01 9.995612256262058626e-01 9.976544079877046611e-01 9.999793275262857106e-01 9.445424882077556594e-01
1.422500000000000142e+01 1.000975160883955217e+00 9.973813152299120244e-01 9.998329587603815849e-01 9.195636529831228145e-01
1.427500000000000036e+01 9.973026512643227148e-01 1.000382660655386280e+00 1.000049843027696062e+00 9.240664659692100491e-01
1.432500000000000107e+01 9.976846276774204991e-01 1.000451122489997902e+00 9.996899311016229639e-01 9.276798858463919384e-01
1.437500000000000000e+01 9.999677688461333647e-01 1.000122159231582764e+00 9.999019011415655189e-01 9.571767420378414215e-01
1.442500000000000071e+01 9.983565558192882827e-01 9.976673235282762509e-01 1.000036195394028660e+00 9.200176398485675477e-01
1.447500000000000142e+01 9.981781211914975138e-01 9.978977836451292660e-01 1.000035736172560474e+00 9.766846272811118279e-01
1.452500000000000036e+01 9.990242860145279735e-01 9.978046486998548570e-01 9.995615481110934342e-01 9.320336219579691273e-01
1.457500000000000107e+01 9.992079681748267106e-01 1.000374337499795541e+00 9.999299893021972307e-01 9.804197373877835409e-01
1.462500000000000000e+01 9.997491370816444789e-01 9.989252874976949359e-01 9.999685895349510467e-01 9.382350348134136375e-01
1.467500000000000071e+01 1.002263129598511160e+00 9.995924105373608093e-01 9.999318905457541540e-01 9.644213664781748907e-01
1.472500000000000142e+01 1.001254669670506026e+00 1.000642739867721787e+00 1.000025530685174413e+00 9.129762324415190422e-01
1.477500000000000036e+01 1.000932089913320722e+00 9.992971892305955173e-01 9.999824296432612281e-01 9.359130321852940915e-01
1.482500000000000107e+01 1.002228533803610544e+00 9.993836716149105959e-01 1.000063738801117985e+00 9.577692527199063166e-01
1.487500000000000000e+01 1.000275142397637929e+00 1.001459620771250281e+00 1.000033277297290635e+00 9.606645146475430996e-01
1.492500000000000071e+01 9.998512952164930745e-01 1.000603541149024167e+00 9.997806585769064558e-01 9.375691467732246709e-01
1.497500000000000142e+01 1.000195256282239820e+00 9.998336071254905200e-01 1.000007096725252120e+00 9.338944620694346055e-01
1.502500000000000036e+01 9.992009887217466746e-01 1.001435711290027841e+00 1.000035717334577967e+00 9.412134380835998071e-01
1.507500000000000107e+01 1.002880452651268461e+00 1.000405999321920536e+00 9.998865637333669287e-01 9.320754663248698169e-01
1.512500000000000000e+01 1.001758339172647672e+00 1.000177374166810518e+00 1.000075292451263698e+00 9.522544538868229491e-01
1.517500000000000071e+01 9.996646065989187591e-01 9.995182968485115671e-01 1.000124465147002484e+00 9.667727504531612448e-01
1.522500000000000142e+01 9.993698075701152872e-01 1.000663811532335856e+00 1.000055415567920880e+00 9.469060505054152088e-01
1.527500000000000036e+01 9.994535825808287255e-01 1.000406880445482649e+00 1.000158495133835146e+00 9.049981849410208001e-01
1.532500000000000107e+01 9.987431008351327355e-01 1.000628388909617250e+00 9.997588451643715235e-01 9.409130000102928770e-01
1.537500000000000000e+01 1.000345301358613215e+00 1.000738830212507979e+00 9.999909813705613049e-01 9.093212576009898074e-01
1.542500000000000071e+01 9.997328171302689581e-01 1.001700257349094958e+00 1.000095419128124608e+00 9.353420702360090155e-01
1.547500000000000142e+01 9.993339510099679135e-01 9.998170350067284717e-01 1.000006925496277121e+00 9.375773270555408656e-01
1.552500000000000036e+01 9.989924621088046575e-01 9.996666571090947473e-01 9.999454001413121684e-01 9.284667168582710906e-01
1.557500000000000107e+01 1.001214687163046291e+00 9.997507990098237762e-01 1.000003321512198839e+00 9.072078092026134577e-01
1.562500000000000000e+01 9.989328557652821239e-01 9.996216528490122766e-01 1.000094682051946959e+00 9.470392010076268408e-01
1.567500000000000071e+01 9.994604589712950959e-01 9.995733137879821983e-01 9.999890583439047242e-01 9.342904428124166882e-01
1.572500000000000142e+01 9.994679964435142505e-01 9.991737841804785303e-01 9.999935805728589200e-01 9.300269690862916772e-01
1.577500000000000036e+01 9.998723154216763165e-01 9.986166474941142734e-01 9.999872529326505610e-01 9.039137650241984012e-01
1.582500000000000107e+01 9.988704849954304077e-01 9.987502346885234195e-01 9.999356144546135416e-01 9.417045606292308024e-01
1.587500000000000000e+01 9.992480225325522936e-01 1.001233279586891456e+00 1.000074663098664773e+00 9.158089581275842272e-01
1.592500000000000071e+01 9.971133694854091845e-01 9.994917933965962176e-01 9.998916166580313902e-01 9.273119770884108437e-01
1.597500000000000142e+01 9.983085906220140471e-01 1.001014474064730431e+00 9.997782220971750400e-01 9.150495151312668662e-01
1.602499999999999858e+01 9.972623211303016655e-01 9.986137997200621452e-01 9.984282402836873738e-01 8.913541194267897705e-01
1.607500000000000284e+01 9.920212473844924883e-01 9.932074077808780155e-01 9.947663605214978055e-01 9.091287704037178674e-01
1.612500000000000000e+01 9.865403711351431459e-01 9.875964891579060989e-01 9.881225960725091850e-01 9.076250766633516820e-01
1.617500000000000071e+01 9.788494556659838031e-01 9.795788185647277269e-01 9.796642269519347801e-01 9.042302178842165361e-01
1.622500000000000142e+01 9.696363378623580331e-01 9.689771550903832908e-01 9.707110230752395985e-01 8.927101614194843382e-01
1.627499999999999858e+01 9.604491208360514953e-01 9.610603585065092824e-01 9.617232528430833538e-01 8.523422269218332570e-01
1.632500000000000284e+01 9.540042532718483459e-01 9.527758294237059777e-01 9.524120884779567753e-01 8.672546504785275667e-01
1.637500000000000000e+01 9.455073455675736538e-01 9.441529767322351940e-01 9.434267766195054694e-01 8.865853514723694984e-01
1.642500000000000071e+01 9.327548302151439374e-01 9.352249559136667223e-01 9.344959651018224234e-01 8.417392635374054688e-01
1.647500000000000142e+01 9.244543945987696576e-01 9.241907537627206404e-01 9.257074923530389521e-01 8.159650920611322134e-01
1.652499999999999858e+01 9.171423443086597072e-01 9.151562400173547385e-01 9.167409055137679674e-01 8.276543701003094000e-01
1.657500000000000284e+01 9.066652356039113236e-01 9.081922365716885714e-01 9.078182865347136365e-01 8.193646259038360746e-01
1.662500000000000000e+01 8.986307664409054485e-01 8.985142592480183099e-01 8.992363804887656409e-01 8.168319293311472329e-01
1.667500000000000071e+01 8.895910361739535199e-01 8.889262035886561497e-01 8.905671953076806924e-01 8.036313998268707071e-01
1.672500000000000142e+01 8.831203519759505127e-01 8.823443703796969295e-01 8.820395859427614393e-01 8.286276306288705706e-01
1.677499999999999858e+01 8.737917939075861007e-01 8.721303973835818901e-01 8.733778489143887436e-01 7.820560577451934892e-01
1.682500000000000284e+01 8.642592315008579273e-01 8.649069961879106705e-01 8.648808679043770153e-01 8.039407531011919517e-01
1.687500000000000000e+01 8.557340186948731997e-01 8.548241378670529134e-01 8.564261664895262971e-01 7.739737923061646985e-01
1.692500000000000071e+01 8.470736490384335182e-01 8.483518328551921117e-01 8.479989613144791605e-01 7.642225130512159126e-01
1.697500000000000142e+01 8.382519786143458607e-01 8.392918959072771523e-01 8.395836160130429882e-01 7.786272082747855983e-01
1.702499999999999858e+01 8.320764610056886612e-01 8.310374995433050804e-01 8.311682034915847117e-01 7.917110080113354265e-01
1.707500000000000284e+01 8.212964931750713626e-01 8.235115727657783546e-01 8.229400486009499360e-01 7.709489408160283830e-01
1.712500000000000000e+01 8.153729731218002375e-01 8.136161222938469439e-01 8.146263554206181201e-01 7.183392449779519850e-01
1.717500000000000071e+01 8.055876176685419221e-01 8.052985331373883060e-01 8.064146754349695856e-01 7.317861562781504681e-01
1.722500000000000142e+01 7.982002391770085525e-01 7.972013432630051799e-01 7.982240160585140076e-01 7.356092101712063958e-01
1.727499999999999858e+01 7.914033079323598008e-01 7.909407169163269469e-01 7.902036991485924533e-01 7.288685958513724250e-01
1.732500000000000284e+01 7.813556015483685835e-01 7.809761387603604277e-01 7.821680374489129450e-01 7.265920187284885534e-01
1.737500000000000000e+01 7.742586584160248142e-01 7.739979190417327626e-01 7.741203206218196797e-01 7.240562054610816256e-01
1.742500000000000071e+01 7.657650605085392082e-01 7.648508284887736153e-01 7.662493542027659643e-01 7.025139034912136760e-01
1.747500000000000142e+01 7.580481068338067452e-01 7.573558548827911130e-01 7.582199599331932438e-01 7.076867773974153675e-01
1.752499999999999858e+01 7.515434526006002924e-01 7.508599991671242035e-01 7.505528858911530987e-01 6.783991302969897275e-01
1.757500000000000284e+01 7.426939545019038968e-01 7.415539369032686512e-01 7.425707215404692141e-01 6.868333334934180190e-01
1.762500000000000000e+01 7.353723812613566224e-01 7.346707459257991735e-01 7.348016104790594527e-01 6.882545930073423746e-01
1.767500000000000071e+01 7.256936400870475090e-01 7.272073291284082419e-01 7.269897269850966737e-01 6.735367450197085049e-01
1.772500000000000142e+01 7.177237042384904120e-01 7.187182874527640042e-01 7.194296491450922204e-01 6.623881500722116344e-01
1.777499999999999858e+01 7.108878319666183110e-01 7.113417507867112466e-01 7.116679250983352079e-01 6.779933448315321742e-01
1.782500000000000284e+01 7.038028895706416321e-01 7.028419563379486590e-01 7.040681285322012428e-01 6.606903948671447591e-01
1.787500000000000000e+01 6.958266863018544024e-01 6.948972501251027278e-01 6.964558629666018907e-01 6.340147479958209153e-01
1.792500000000000071e+01 6.906798334258895666e-01 6.883237172064695653e-01 6.889436783902016526e-01 6.356189563679016663e-01
1.797500000000000142e+01 6.800480479341802775e-01 6.812744687727215753e-01 6.815175091750697023e-01 5.925024556762936712e-01
1.802499999999999858e+01 6.747350678077697061e-01 6.737301838518999775e-01 6.741276799049256141e-01 5.912516947799409950e-01
1.807500000000000284e+01 6.653817951358671490e-01 6.642337039822475697e-01 6.667516633041161711e-01 6.066753677961961300e-01
1.812500000000000000e+01 6.583385952415630182e-01 6.592498294712652029e-01 6.592899632692063028e-01 5.915273825498222893e-01
1.817500000000000071e+01 6.520721784640188812e-01 6.512634336383987810e-01 6.519482679859934793e-01 5.740386828870991387e-01
1.822500000000000142e+01 6.443582321347848252e-01 6.438986245015039245e-01 6.447057525088801810e-01 5.684089684062717529e-01
1.827499999999999858e+01 6.377446167315579117e-01 6.361965607231859776e-01 6.375220744764786840e-01 5.544317062925290251e-01
1.832500000000000284e+01 6.307113598804440224e-01 6.309075859278769904e-01 6.301253967731568206e-01 5.464957574056568124e-01
1.837500000000000000e+01 6.220964058858642343e-01 6.236656303952928804e-01 6.230827138568325596e-01 5.660096550319848596e-01
1.842500000000000071e+01 6.162575046053575534e-01 6.157103306651430241e-01 6.159426701928244485e-01 5.529761357884791506e-01
1.847500000000000142e+01 6.089840990557512379e-01 6.090705796477186018e-01 6.088896587425317586e-01 5.398334752084871235e-01
1.852499999999999858e+01 5.998365563486405261e-01 6.010207746736885293e-01 6.018203773753850738e-01 5.376446767262914594e-01
1.857500000000000284e+01 5.959488248539139832e-01 5.945099966273773573e-01 5.946914548450845661e-01 5.259053273364110437e-01
1.862500000000000000e+01 5.887858173632102288e-01 5.874578473191873762e-01 5.878467435424382659e-01 5.259399573526534200e-01
1.867500000000000071e+01 5.793235711323123649e-01 5.812411816874708537e-01 5.810026296403506540e-01 5.155561807241458849e-01
1.872500000000000142e+01 5.749183280188588929e-01 5.752074543362365455e-01 5.741255536121780967e-01 4.991568158147551837e-01
1.877499999999999858e+01 5.668164657441113752e-01 5.666506794813064296e-01 5.671974749306890606e-01 5.121856629084606816e-01
1.882500000000000284e+01 5.612408136831001926e-01 5.599829789411698844e-01 5.604685027791367347e-01 5.041130306723916599e-01
1.887500000000000000e+01 5.527476904998332996e-01 5.527694501441328123e-01 5.536117824409896304e-01 4.993612401203503803e-01
1.892500000000000071e+01 5.469170974375063832e-01 5.469936867933213875e-01 5.468458346832314465e-01 4.925790307193012585e-01
1.897500000000000142e+01 5.397663660073245273e-01 5.419633457267147847e-01 5.401757897022229082e-01 4.812776812727550535e-01
1.902499999999999858e+01 5.334714951340628897e-01 5.330447851571334938e-01 5.335203122925218366e-01 4.589173128377032618e-01
1.907500000000000284e+01 5.272851082212332008e-01 5.273137890251788917e-01 5.267476553457031141e-01 4.859964277238012498e-01
1.912500000000000000e+01 5.199658866696115211e-01 5.205797115099561889e-01 5.202855962660146716e-01 4.660874724462951146e-01
1.917500000000000426e+01 5.135980247222557971e-01 5.138834709384725308e-01 5.136622769320329240e-01 4.697193864414986320e-01
1.922500000000000142e+01 5.070803491099642457e-01 5.078176858463703258e-01 5.072301858794668883e-01 4.525442538615154775e-01
1.927499999999999858e+01 4.995270401668412963e-01 5.008287507964320762e-01 5.006679938247349249e-01 4.528646866407803340e-01
1.932500000000000284e+01 4.944162213202341616e-01 4.930837136807698085e-01 4.941506354490122765e-01 4.215793897154792580e-01
1.937500000000000000e+01 4.866628289088988368e-01 4.877835459321044898e-01 4.876998991746411272e-01 4.334744409153025169e-01
1.942500000000000426e+01 4.805882728489057620e-01 4.812867988696695742e-01 4.812602815374057985e-01 4.290589407187724857e-01
1.947500000000000142e+01 4.752087323249113426e-01 4.757448767836764958e-01 4.749646475275834945e-01 4.253357021600911447e-01
1.952499999999999858e+01 4.675401821302568872e-01 4.692491021489166303e-01 4.685918116317955850e-01 4.181817228819282306e-01
1.957500000000000284e+01 4.628437497851816684e-01 4.619146696647359884e-01 4.623100789909169173e-01 4.218624847655140231e-01
1.962500000000000000e+01 4.554926347322229008e-01 4.557899137634010001e-01 4.560579962463993664e-01 3.935771154710514530e-01
1.967500000000000426e+01 4.495912021219091725e-01 4.504523241642562903e-01 4.497025883115927103e-01 3.984004621067565588e-01
1.972500000000000142e+01 4.422362972994246522e-01 4.421573648487733821e-01 4.437073105860747102e-01 3.932020029193519228e-01
1.977499999999999858e+01 4.371275332680678583e-01 4.370573865704568961e-01 4.374539925714492350e-01 3.869958996313923039e-01
1.982500000000000284e+01 4.308348889895562417e-01 4.308493028262450619e-01 4.312637754996672124e-01 3.909248717556874086e-01
1.987500000000000000e+01 4.248309263052265083e-01 4.247177046828464753e-01 4.251226467075810422e-01 3.783068407503376585e-01
1.992500000000000426e+01 4.186669337333464025e-01 4.189192789098247216e-01 4.190311168494160743e-01 3.626926804916196789e-01
1.997500000000000142e+01 4.130532041862351456e-01 4.122207429752249297e-01 4.130263185886975941e-01 3.637745269467693721e-01
