# r (Angstroms), cation-water g(r), anion-water g(r), water-water g(r), cation-anion g(r)
2.500000000000000139e-02 0.000000000000000000e+00 0.000000000000000000e+00 5.770247504125874548e+04 0.000000000000000000e+00
7.500000000000001110e-02 0.000000000000000000e+00 0.000000000000000000e+00 0.000000000000000000e+00 0.000000000000000000e+00
1.250000000000000000e-01 0.000000000000000000e+00 0.000000000000000000e+00 0.000000000000000000e+00 0.000000000000000000e+00
1.750000000000000167e-01 0.000000000000000000e+00 0.000000000000000000e+00 0.000000000000000000e+00 0.000000000000000000e+00
2.250000000000000056e-01 0.000000000000000000e+00 0.000000000000000000e+00 0.000000000000000000e+00 0.000000000000000000e+00
2.750000000000000222e-01 0.000000000000000000e+00 0.000000000000000000e+00 0.000000000000000000e+00 0.000000000000000000e+00
3.250000000000000666e-01 0.000000000000000000e+00 0.000000000000000000e+00 0.000000000000000000e+00 0.000000000000000000e+00
3.750000000000000000e-01 0.000000000000000000e+00 0.000000000000000000e+00 0.000000000000000000e+00 0.000000000000000000e+00
4.250000000000000444e-01 0.000000000000000000e+00 0.000000000000000000e+00 0.000000000000000000e+00 0.000000000000000000e+00
4.749999999999999778e-01 0.000000000000000000e+00 0.000000000000000000e+00 0.000000000000000000e+00 0.000000000000000000e+00
5.250000000000000222e-01 0.000000000000000000e+00 0.000000000000000000e+00 0.000000000000000000e+00 0.000000000000000000e+00
5.750000000000000666e-01 0.000000000000000000e+00 0.000000000000000000e+00 0.000000000000000000e+00 0.000000000000000000e+00
6.250000000000000000e-01 0.000000000000000000e+00 0.000000000000000000e+00 0.000000000000000000e+00 0.000000000000000000e+00
6.750000000000000444e-01 0.000000000000000000e+00 0.000000000000000000e+00 0.000000000000000000e+00 0.000000000000000000e+00
7.250000000000000888e-01 0.000000000000000000e+00 0.000000000000000000e+00 0.000000000000000000e+00 0.000000000000000000e+00
7.750000000000000222e-01 0.000000000000000000e+00 0.000000000000000000e+00 0.000000000000000000e+00 0.000000000000000000e+00
8.250000000000000666e-01 0.000000000000000000e+00 0.000000000000000000e+00 0.000000000000000000e+00 0.000000000000000000e+00
8.750000000000000000e-01 0.000000000000000000e+00 0.000000000000000000e+00 0.000000000000000000e+00 0.000000000000000000e+00
9.250000000000000444e-01 0.000000000000000000e+00 0.000000000000000000e+00 0.000000000000000000e+00 0.000000000000000000e+00
9.750000000000000888e-01 0.000000000000000000e+00 0.000000000000000000e+00 0.000000000000000000e+00 0.000000000000000000e+00
1.024999999999999911e+00 0.000000000000000000e+00 0.000000000000000000e+00 0.000000000000000000e+00 0.000000000000000000e+00
1.075000000000000178e+00 0.000000000000000000e+00 0.000000000000000000e+00 0.000000000000000000e+00 0.000000000000000000e+00
1.125000000000000000e+00 0.000000000000000000e+00 0.000000000000000000e+00 0.000000000000000000e+00 0.000000000000000000e+00
1.175000000000000266e+00 0.000000000000000000e+00 0.000000000000000000e+00 0.000000000000000000e+00 0.000000000000000000e+00
1.225000000000000089e+00 0.000000000000000000e+00 0.000000000000000000e+00 0.000000000000000000e+00 0.000000000000000000e+00
1.274999999999999911e+00 0.000000000000000000e+00 0.000000000000000000e+00 0.000000000000000000e+00 0.000000000000000000e+00
1.325000000000000178e+00 0.000000000000000000e+00 0.000000000000000000e+00 0.000000000000000000e+00 0.000000000000000000e+00
1.375000000000000000e+00 0.000000000000000000e+00 0.000000000000000000e+00 0.000000000000000000e+00 0.000000000000000000e+00
1.425000000000000266e+00 0.000000000000000000e+00 0.000000000000000000e+00 0.000000000000000000e+00 0.000000000000000000e+00
1.475000000000000089e+00 0.000000000000000000e+00 0.000000000000000000e+00 0.000000000000000000e+00 0.000000000000000000e+00
1.524999999999999911e+00 0.000000000000000000e+00 0.000000000000000000e+00 0.000000000000000000e+00 0.000000000000000000e+00
1.575000000000000178e+00 0.000000000000000000e+00 0.000000000000000000e+00 0.000000000000000000e+00 0.000000000000000000e+00
1.625000000000000000e+00 0.000000000000000000e+00 0.000000000000000000e+00 0.000000000000000000e+00 0.000000000000000000e+00
1.675000000000000266e+00 0.000000000000000000e+00 0.000000000000000000e+00 0.000000000000000000e+00 0.000000000000000000e+00
1.725000000000000089e+00 0.000000000000000000e+00 0.000000000000000000e+00 0.000000000000000000e+00 0.000000000000000000e+00
1.774999999999999911e+00 7.630393085882806580e-04 0.000000000000000000e+00 0.000000000000000000e+00 0.000000000000000000e+00
1.825000000000000178e+00 2.105863927493286936e-01 0.000000000000000000e+00 0.000000000000000000e+00 0.000000000000000000e+00
1.875000000000000000e+00 3.696151853224090456e+00 0.000000000000000000e+00 0.000000000000000000e+00 0.000000000000000000e+00
1.925000000000000266e+00 1.548209399537440589e+01 0.000000000000000000e+00 0.000000000000000000e+00 0.000000000000000000e+00
1.975000000000000089e+00 2.343911842087603858e+01 0.000000000000000000e+00 0.000000000000000000e+00 0.000000000000000000e+00
2.025000000000000355e+00 1.763693734801072210e+01 0.000000000000000000e+00 0.000000000000000000e+00 0.000000000000000000e+00
2.075000000000000178e+00 8.243991747661768343e+00 0.000000000000000000e+00 0.000000000000000000e+00 0.000000000000000000e+00
2.125000000000000000e+00 2.850379363892173501e+00 0.000000000000000000e+00 0.000000000000000000e+00 0.000000000000000000e+00
2.174999999999999822e+00 8.223947143572284402e-01 0.000000000000000000e+00 0.000000000000000000e+00 0.000000000000000000e+00
2.225000000000000089e+00 2.158568334717707593e-01 0.000000000000000000e+00 0.000000000000000000e+00 0.000000000000000000e+00
2.275000000000000355e+00 5.039898589539406476e-02 0.000000000000000000e+00 0.000000000000000000e+00 0.000000000000000000e+00
2.325000000000000178e+00 1.150774022149812434e-02 0.000000000000000000e+00 0.000000000000000000e+00 0.000000000000000000e+00
2.375000000000000000e+00 3.303168872763350295e-03 0.000000000000000000e+00 1.347564303951012914e-05 0.000000000000000000e+00
2.425000000000000266e+00 1.226463777429065470e-03 0.000000000000000000e+00 8.715611306030093906e-04 0.000000000000000000e+00
2.475000000000000089e+00 4.415294625212682678e-04 0.000000000000000000e+00 1.801252303350842771e-02 0.000000000000000000e+00
2.525000000000000355e+00 9.427040993897134924e-05 0.000000000000000000e+00 1.494946462537894427e-01 0.000000000000000000e+00
2.575000000000000178e+00 9.064508061368312488e-05 0.000000000000000000e+00 6.091595067864474800e-01 0.000000000000000000e+00
2.625000000000000000e+00 0.000000000000000000e+00 0.000000000000000000e+00 1.472554982932500200e+00 0.000000000000000000e+00
2.675000000000000266e+00 0.000000000000000000e+00 0.000000000000000000e+00 2.436523310163402734e+00 0.000000000000000000e+00
2.725000000000000089e+00 0.000000000000000000e+00 0.000000000000000000e+00 3.054743186052649495e+00 0.000000000000000000e+00
2.775000000000000355e+00 0.000000000000000000e+00 0.000000000000000000e+00 3.158212760337204994e+00 0.000000000000000000e+00
2.825000000000000178e+00 0.000000000000000000e+00 0.000000000000000000e+00 2.858738828239824947e+00 0.000000000000000000e+00
2.875000000000000000e+00 0.000000000000000000e+00 0.000000000000000000e+00 2.382387351766996453e+00 0.000000000000000000e+00
2.925000000000000266e+00 0.000000000000000000e+00 1.931891489937136576e-04 1.907736452683371331e+00 0.000000000000000000e+00
2.975000000000000089e+00 0.000000000000000000e+00 4.600843791688018387e-03 1.520706463495210103e+00 0.000000000000000000e+00
3.025000000000000355e+00 0.000000000000000000e+00 4.121596155113619458e-02 1.239326228862229540e+00 0.000000000000000000e+00
3.075000000000000178e+00 0.000000000000000000e+00 2.117482204184799877e-01 1.051904147174450799e+00 0.000000000000000000e+00
3.125000000000000000e+00 0.000000000000000000e+00 6.817346957029849497e-01 9.348725270447211244e-01 0.000000000000000000e+00
3.175000000000000266e+00 0.000000000000000000e+00 1.515266223389625466e+00 8.654526436019522873e-01 0.000000000000000000e+00
3.225000000000000089e+00 5.778887160027859447e-05 2.479055908344551362e+00 8.269494604417709782e-01 0.000000000000000000e+00
3.275000000000000355e+00 8.405674459362926301e-05 3.255377623536938714e+00 8.110630983024899043e-01 0.000000000000000000e+00
3.325000000000000178e+00 4.892866629974892837e-04 3.567932711762469289e+00 8.055152410536624563e-01 0.000000000000000000e+00
3.375000000000000000e+00 2.084269866449726775e-03 3.491257558954758533e+00 8.099788297990826447e-01 0.000000000000000000e+00
3.425000000000000266e+00 5.636067323203673707e-03 3.090191667092992311e+00 8.181398083103634811e-01 0.000000000000000000e+00
3.475000000000000089e+00 1.460842336905963067e-02 2.591066437938063682e+00 8.296974965948411551e-01 0.000000000000000000e+00
3.525000000000000355e+00 3.540771561372998283e-02 2.080420962689507824e+00 8.420823129862528011e-01 0.000000000000000000e+00
3.575000000000000178e+00 7.533827841962603689e-02 1.632188282840175253e+00 8.573552449349504112e-01 0.000000000000000000e+00
3.625000000000000000e+00 1.406025857318789485e-01 1.293610110707688277e+00 8.716995227399785273e-01 0.000000000000000000e+00
3.675000000000000266e+00 2.475043903364699538e-01 1.032417958341847131e+00 8.873671963841549548e-01 0.000000000000000000e+00
3.725000000000000089e+00 4.027783998294959811e-01 8.459710865913918632e-01 9.024491399788043822e-01 0.000000000000000000e+00
3.775000000000000355e+00 6.017131895661095298e-01 7.173193895871873282e-01 9.185189115437485396e-01 0.000000000000000000e+00
3.825000000000000178e+00 8.484503506731718714e-01 6.346226222437011399e-01 9.373599360002878855e-01 0.000000000000000000e+00
3.875000000000000000e+00 1.134631130808325894e+00 5.855382713344702283e-01 9.598982038058468946e-01 0.000000000000000000e+00
3.925000000000000266e+00 1.423077034887459069e+00 5.567968609997497875e-01 9.815757526743288386e-01 1.079729049375894277e-02
3.975000000000000089e+00 1.708819836226414424e+00 5.536808309019661811e-01 1.002191488518281437e+00 1.052737246759775404e-02
4.025000000000000355e+00 1.970886786195606089e+00 5.548040645376460800e-01 1.015634582376369499e+00 2.310176410965347760e-02
4.075000000000000178e+00 2.175009249313503368e+00 5.760746777347920400e-01 1.026924274733754139e+00 6.761500417359848913e-02
4.125000000000000000e+00 2.317638593907449085e+00 6.037605283499801745e-01 1.038560909346309513e+00 1.857378264265779066e-01
4.175000000000000711e+00 2.372629795624705995e+00 6.327644960885248082e-01 1.052008141361444160e+00 4.294319415363322401e-01
4.224999999999999645e+00 2.340476413720713467e+00 6.704620376649611524e-01 1.063960839236129274e+00 6.755842130835995052e-01
4.275000000000000355e+00 2.255447089684289086e+00 7.172752575713315926e-01 1.075297379705836942e+00 1.099030972367568415e+00
4.325000000000000178e+00 2.096247639035904609e+00 7.567765976867116828e-01 1.085534819114716498e+00 1.605092726829429717e+00
4.375000000000000000e+00 1.913345412683889135e+00 7.975059443134131509e-01 1.092167626477181575e+00 2.009652098004506282e+00
4.425000000000000711e+00 1.697824088959147826e+00 8.539922253969817190e-01 1.097116767677895677e+00 2.537912964239643632e+00
4.474999999999999645e+00 1.498246531366927758e+00 8.989674278247418160e-01 1.101212558024064592e+00 3.146023955282274187e+00
4.525000000000000355e+00 1.299159729492395776e+00 9.533374877925920865e-01 1.101139136623833670e+00 3.483072611505209082e+00
4.575000000000000178e+00 1.123819901863381876e+00 9.955306143475801672e-01 1.099582701352498804e+00 3.878227517886756459e+00
4.625000000000000000e+00 9.856988101610126840e-01 1.040975776645883144e+00 1.095429241001474985e+00 4.311951105967429143e+00
4.675000000000000711e+00 8.887013937225478610e-01 1.082911888453207627e+00 1.089735149477895515e+00 4.697791194238783774e+00
4.724999999999999645e+00 8.034956542960993708e-01 1.116118743592639184e+00 1.082026476081684230e+00 4.950935723506828090e+00
4.775000000000000355e+00 7.567316115568785140e-01 1.157860127752100343e+00 1.072863412493479496e+00 5.238099035822091132e+00
4.825000000000001066e+00 7.383282599584454209e-01 1.170919481085752167e+00 1.064219986516207417e+00 5.194405745189325962e+00
4.875000000000000000e+00 7.162553656640961997e-01 1.198939302720771760e+00 1.053430897573307545e+00 5.021909006783269014e+00
4.925000000000000711e+00 7.109669385443894152e-01 1.208165547197075362e+00 1.041378902175569943e+00 4.975322054465151744e+00
4.974999999999999645e+00 7.165882116688158110e-01 1.220471740076633616e+00 1.029450590054233006e+00 4.472581006627037503e+00
5.025000000000000355e+00 7.292846086796673788e-01 1.223315541899666403e+00 1.017881182697303988e+00 3.964061326565048393e+00
5.075000000000001066e+00 7.512853844946173476e-01 1.225239148962395941e+00 1.006215671943645917e+00 3.678054019459990442e+00
5.125000000000000000e+00 7.607940359484640647e-01 1.218205245731895703e+00 9.940149611727905343e-01 3.047751400063311689e+00
5.175000000000000711e+00 7.802328876696781323e-01 1.212043520895083493e+00 9.825019248330993937e-01 2.583861464759588333e+00
5.224999999999999645e+00 7.927045025911704235e-01 1.201176506946702194e+00 9.716705421530870135e-01 2.208676387848929945e+00
5.275000000000000355e+00 8.153007628474784330e-01 1.191435988076421815e+00 9.610471380279164144e-01 1.826261720490697016e+00
5.325000000000001066e+00 8.296844471741539051e-01 1.177613728688342132e+00 9.511116785765917347e-01 1.597075525986676015e+00
5.375000000000000000e+00 8.412410766082734082e-01 1.159161383072546014e+00 9.410189864125730885e-01 1.466743272346517246e+00
5.425000000000000711e+00 8.617087259523468212e-01 1.142263393032272090e+00 9.308849112610301235e-01 1.181255130839176104e+00
5.474999999999999645e+00 8.818833093249071053e-01 1.125360420253479710e+00 9.224998895378092589e-01 1.186136961032457915e+00
5.525000000000000355e+00 8.919059404494726895e-01 1.105605993392421826e+00 9.130787388822365624e-01 1.172939501769943993e+00
5.575000000000001066e+00 9.134572222240926465e-01 1.079298184497981206e+00 9.067207202403010369e-01 1.067702418879407755e+00
5.625000000000000000e+00 9.363842365812058421e-01 1.064593661936388713e+00 9.024528354459215862e-01 1.034348309573873470e+00
5.675000000000000711e+00 9.536712945181028411e-01 1.044657321496564206e+00 9.013641494416992916e-01 1.075599149321517345e+00
5.724999999999999645e+00 9.653087420166545085e-01 1.020965423033021624e+00 9.018791481036908531e-01 1.082269148270303738e+00
5.775000000000000355e+00 9.833764895946047746e-01 1.004885879136090399e+00 9.061714101383032682e-01 1.159621471871324694e+00
5.825000000000001066e+00 9.919689932437507629e-01 9.869337750018262190e-01 9.123764776507312657e-01 1.126317871528559333e+00
5.875000000000000000e+00 1.005395459449629492e+00 9.699191597767460316e-01 9.204858348300900550e-01 1.173493216366945369e+00
5.925000000000000711e+00 1.014317159965354875e+00 9.514996414204869302e-01 9.292930004314476911e-01 1.285258371433773084e+00
5.974999999999999645e+00 1.028406993502066546e+00 9.325691490323481103e-01 9.390643951371854259e-01 1.325573759071577262e+00
6.025000000000000355e+00 1.044052106900066779e+00 9.141499436692168690e-01 9.496847906075414070e-01 1.357505960545956292e+00
6.075000000000001066e+00 1.044859747944436146e+00 9.010696921495997547e-01 9.593452665162912618e-01 1.464833710601067374e+00
6.125000000000000000e+00 1.050036004537618028e+00 8.867068612929011051e-01 9.694908651736785510e-01 1.524151332589660734e+00
6.175000000000000711e+00 1.054490562150544264e+00 8.737374151307931713e-01 9.791887510566960051e-01 1.659886319268421229e+00
6.224999999999999645e+00 1.047313261410495855e+00 8.612314333079260642e-01 9.883890634813027321e-01 1.597914880509253122e+00
6.275000000000000355e+00 1.053334479493699849e+00 8.561400316114389231e-01 9.977251945503096131e-01 1.739417482766608236e+00
6.325000000000001066e+00 1.056278235860050430e+00 8.569119256808481744e-01 1.005137809100710822e+00 1.748407496512791814e+00
6.375000000000000000e+00 1.051065912731510288e+00 8.592773304199224915e-01 1.013120698186577906e+00 1.828529358931714421e+00
6.425000000000000711e+00 1.047212238358370628e+00 8.658627457472893862e-01 1.019835826882302232e+00 1.908977230320971996e+00
6.474999999999999645e+00 1.041244383094495962e+00 8.711502869878690047e-01 1.025111751834576701e+00 1.900438372970927547e+00
6.525000000000000355e+00 1.032568791656293117e+00 8.872708301985294810e-01 1.030549793217288901e+00 1.983749160842107617e+00
6.575000000000001066e+00 1.028415211494260628e+00 8.950579725853923252e-01 1.035271435735785284e+00 1.985436837688962619e+00
6.625000000000000000e+00 1.022940576372031396e+00 9.123936737867958113e-01 1.038498942734243924e+00 2.013376974054998936e+00
6.675000000000000711e+00 1.013426521902029309e+00 9.274758119612800389e-01 1.041744977194490440e+00 1.950660568941923190e+00
6.724999999999999645e+00 9.993433739932408022e-01 9.425251977891766497e-01 1.043380667730177791e+00 1.953025547146036267e+00
6.775000000000000355e+00 9.844379013359096930e-01 9.569851012168507642e-01 1.044624298627813586e+00 2.024869071982147606e+00
6.825000000000001066e+00 9.751894630721109625e-01 9.731733024707954760e-01 1.045431248293091864e+00 1.951564428577795551e+00
6.875000000000000000e+00 9.593906799590548040e-01 9.902089358127332819e-01 1.045056800719882162e+00 2.077249473697183824e+00
6.925000000000000711e+00 9.469842179551757333e-01 1.001225890733235868e+00 1.043812511857135084e+00 1.997933469864255462e+00
6.974999999999999645e+00 9.372859713205248244e-01 1.013765956629715470e+00 1.042302270401317399e+00 1.957425260059339589e+00
7.025000000000000355e+00 9.310552806842092854e-01 1.029575669835769425e+00 1.040042331023507627e+00 1.965051990945483773e+00
7.075000000000001066e+00 9.184583728566081406e-01 1.043343831735214389e+00 1.037930848407273343e+00 1.904975298242686854e+00
7.125000000000000000e+00 9.178611854937368530e-01 1.055657576383898011e+00 1.033884077952319291e+00 1.766107873471777889e+00
7.175000000000000711e+00 9.148504916565438627e-01 1.064685017610170092e+00 1.030374137233192489e+00 1.857899669471150039e+00
7.224999999999999645e+00 9.191349558551925591e-01 1.069680639768550101e+00 1.027130802452274505e+00 1.940617027172237830e+00
7.275000000000000355e+00 9.204219118168098790e-01 1.077902548614309008e+00 1.023089547416788259e+00 1.753745118512222145e+00
7.325000000000001066e+00 9.279677347646457797e-01 1.081591905776812190e+00 1.018489955127959368e+00 1.729885011288486485e+00
7.375000000000000000e+00 9.359432981063406931e-01 1.084228803106157324e+00 1.014619997891290204e+00 1.614760773737731636e+00
7.425000000000000711e+00 9.409004733400373466e-01 1.087574453596577451e+00 1.010703887459842631e+00 1.648150528090358558e+00
7.474999999999999645e+00 9.528918778892677688e-01 1.089569429145262447e+00 1.006939863231102850e+00 1.535377614822311276e+00
7.525000000000000355e+00 9.645568547084526489e-01 1.087291810591385133e+00 1.003366834773165683e+00 1.514307399068589577e+00
7.575000000000001066e+00 9.668549320100358058e-01 1.082742817997414564e+00 9.997865022852352457e-01 1.440752953962356253e+00
7.625000000000000000e+00 9.788568016013169393e-01 1.080514253915496381e+00 9.966459752395945282e-01 1.379720017313619707e+00
7.675000000000000711e+00 9.902403913659929557e-01 1.075892083366075225e+00 9.943703942515222938e-01 1.304618859527953090e+00
7.724999999999999645e+00 1.000452516072165343e+00 1.064381744583438927e+00 9.916120901768925577e-01 1.279423060638414489e+00
7.775000000000000355e+00 1.004116563857383460e+00 1.061919212106053223e+00 9.898791214057877097e-01 1.253389552289361442e+00
7.825000000000001066e+00 1.011797071875099929e+00 1.057083983682538086e+00 9.879042109646333225e-01 1.267305906822045358e+00
7.875000000000000000e+00 1.019575321671243318e+00 1.045479397689407230e+00 9.874632236347293812e-01 1.270710504822832654e+00
7.925000000000000711e+00 1.021608084781201242e+00 1.038661841720996737e+00 9.858058665895047534e-01 1.191825058860702446e+00
7.974999999999999645e+00 1.026567075093248516e+00 1.030129870598142983e+00 9.854992917836606914e-01 1.246889238695563229e+00
8.025000000000000355e+00 1.028453651051963735e+00 1.021381576837639082e+00 9.856671844102580238e-01 1.211382615247699857e+00
8.074999999999999289e+00 1.031814211279321825e+00 1.013708205119586259e+00 9.857079004787064891e-01 1.217473364361124188e+00
8.125000000000000000e+00 1.030971936562360858e+00 1.009814958074282565e+00 9.856116735671481832e-01 1.226472546738333280e+00
8.175000000000000711e+00 1.028598052027382970e+00 1.002114032129528765e+00 9.864682333736631836e-01 1.281829710829965885e+00
8.225000000000001421e+00 1.030354638297850789e+00 9.984677119083724683e-01 9.872721789487619581e-01 1.257686700541756686e+00
8.275000000000000355e+00 1.030405048238483223e+00 9.919921435114936736e-01 9.885560025973632037e-01 1.298405553685776148e+00
8.324999999999999289e+00 1.026364565516047600e+00 9.871129883933739135e-01 9.894704534945331087e-01 1.319457570546354930e+00
8.375000000000000000e+00 1.023610791389195640e+00 9.832754600839940240e-01 9.900606820968886890e-01 1.272327124839675916e+00
8.425000000000000711e+00 1.019232543591253926e+00 9.812861566617074871e-01 9.916928559513097374e-01 1.334604594895895335e+00
8.475000000000001421e+00 1.017463459127937231e+00 9.811664228167573665e-01 9.933795356452052028e-01 1.333956879375806537e+00
8.525000000000000355e+00 1.012816509094533801e+00 9.793093062708754237e-01 9.940965381662910660e-01 1.294894909121042437e+00
8.574999999999999289e+00 1.012961711342107440e+00 9.776881893838752502e-01 9.951337281188240569e-01 1.335261997785883503e+00
8.625000000000000000e+00 1.007973577186383363e+00 9.771820041156139558e-01 9.963317803305907772e-01 1.318148582000588931e+00
8.675000000000000711e+00 1.003607859072666919e+00 9.763289830502515088e-01 9.973554266092851117e-01 1.329521741159681802e+00
8.725000000000001421e+00 1.000641646829463216e+00 9.794856227266700577e-01 9.982109239838717896e-01 1.327437870795734387e+00
8.775000000000000355e+00 9.979079499734173631e-01 9.786803349660487816e-01 9.989483977645459145e-01 1.336116292442672382e+00
8.824999999999999289e+00 9.906647159026533700e-01 9.813862420668657549e-01 9.995104172802593556e-01 1.357862392056543799e+00
8.875000000000000000e+00 9.915752940729158915e-01 9.830439730749859217e-01 1.000128608128234786e+00 1.345245479333480709e+00
8.925000000000000711e+00 9.880646104139698682e-01 9.863706193639686370e-01 9.999918352060037652e-01 1.346398894814633929e+00
8.975000000000001421e+00 9.838988314752147302e-01 9.870253163843265565e-01 1.000597794820204722e+00 1.302012141921740085e+00
9.025000000000000355e+00 9.800190457748235717e-01 9.897173277117056189e-01 1.000951713114228703e+00 1.314174392240187839e+00
9.074999999999999289e+00 9.795475276399407960e-01 9.913433038199184200e-01 1.000916878792664111e+00 1.315891359110555214e+00
9.125000000000000000e+00 9.811605266657335012e-01 9.958032052926187871e-01 1.000773533586485575e+00 1.337968443365115778e+00
9.175000000000000711e+00 9.732483197318092527e-01 9.955144568546966388e-01 1.000959092469579259e+00 1.283411468644865439e+00
9.225000000000001421e+00 9.763404174118899270e-01 9.988178627929096276e-01 1.000937801752851630e+00 1.291037895545880554e+00
9.275000000000000355e+00 9.753583695313602364e-01 1.002481448866172187e+00 1.000791080796725963e+00 1.276189092194762731e+00
9.324999999999999289e+00 9.736292355727258485e-01 1.001493870795575614e+00 1.000323597873265413e+00 1.219977235504076996e+00
9.375000000000000000e+00 9.744219534959059903e-01 1.005373568800510320e+00 1.000124803894536063e+00 1.207472024675305233e+00
9.425000000000000711e+00 9.750111499905148582e-01 1.003363466600954546e+00 1.000072902538146069e+00 1.223251235852700791e+00
9.475000000000001421e+00 9.756474883481242033e-01 1.007678213581811200e+00 9.995076223804942872e-01 1.198331493974500672e+00
9.525000000000000355e+00 9.777703128517062359e-01 1.006401610129404656e+00 9.998117857789886598e-01 1.205951582885263162e+00
9.575000000000001066e+00 9.814740194495218395e-01 1.007548561517117358e+00 9.994274393869619910e-01 1.175246186377747915e+00
9.625000000000000000e+00 9.751929432683128507e-01 1.008229767559331247e+00 9.994350213265145166e-01 1.193591930716423333e+00
9.675000000000000711e+00 9.832855260427001420e-01 1.010700412749000909e+00 9.990339815950358693e-01 1.162628054675616918e+00
9.725000000000001421e+00 9.820693770408613910e-01 1.007946338555956389e+00 9.991806598220518421e-01 1.119484828809745647e+00
9.775000000000000355e+00 9.901269417051764554e-01 1.007510446488454114e+00 9.991946048241512335e-01 1.110237697151946534e+00
9.825000000000001066e+00 9.862081133463762583e-01 1.006936241798847886e+00 9.989267548179001643e-01 1.133861004321950805e+00
9.875000000000000000e+00 9.889590064027791172e-01 1.011323771577910868e+00 9.994492225982978262e-01 1.155670810638696144e+00
9.925000000000000711e+00 9.911530218997544051e-01 1.006376747665364224e+00 9.991690434449248537e-01 1.107750286691352670e+00
9.975000000000001421e+00 9.952770883227927134e-01 1.006884249692717503e+00 9.994151787083688232e-01 1.112972511580070378e+00
1.002500000000000036e+01 9.951013154132642979e-01 1.006592983597859314e+00 9.999364535195818249e-01 1.079554087269861462e+00
1.007500000000000107e+01 9.968488491948486185e-01 1.006770085246515345e+00 9.997216334134474414e-01 1.073372044542327153e+00
1.012500000000000000e+01 1.000380787059756971e+00 1.004717956399787893e+00 1.000206217878315540e+00 1.141492694896232507e+00
1.017500000000000071e+01 9.990376889404577465e-01 1.003837419358141858e+00 1.000400210433184167e+00 1.029080634141803507e+00
1.022500000000000142e+01 1.001518970539877262e+00 1.001720182085501065e+00 1.000709224548547605e+00 1.055634097122736259e+00
1.027500000000000036e+01 1.000830491474719253e+00 1.002232414189920817e+00 1.001128771699850040e+00 1.052475331722236618e+00
1.032500000000000107e+01 9.999025532676032446e-01 1.002707499025382587e+00 1.001158618095416175e+00 1.053619026429677197e+00
1.037500000000000000e+01 1.004356740585227836e+00 1.001252108854840950e+00 1.001452086559290411e+00 1.068599863133912864e+00
1.042500000000000071e+01 9.989931200441253267e-01 9.991631809592906865e-01 1.002065492212361075e+00 1.037711704339177698e+00
1.047500000000000142e+01 1.004745505517980586e+00 9.980105924128035433e-01 1.002217719461198975e+00 1.060043209352624194e+00
1.052500000000000036e+01 1.001008586009086487e+00 9.983417835437715659e-01 1.002294442484733539e+00 1.048869280202848087e+00
1.057500000000000107e+01 1.002948703641815209e+00 9.987416905191797145e-01 1.002530262040433051e+00 1.009225631716676563e+00
1.062500000000000000e+01 1.000812246397228877e+00 9.987810673170848252e-01 1.002837923331804326e+00 1.062371880261962387e+00
1.067500000000000071e+01 1.003880219323683542e+00 1.001857474220530175e+00 1.002726855173060372e+00 1.037481325193846837e+00
1.072500000000000142e+01 1.003448507769210796e+00 9.994968224738961515e-01 1.002901189310427377e+00 1.058560474459702361e+00
1.077500000000000036e+01 1.001014302908185494e+00 1.000738628388420981e+00 1.002842422098643382e+00 1.018671708885394045e+00
1.082500000000000107e+01 9.968176818964880059e-01 9.990001873310480063e-01 1.002945763180418837e+00 1.016025845545508455e+00
1.087500000000000000e+01 9.990720387995563057e-01 9.998801110247300672e-01 1.002799942393464372e+00 1.015143591620752073e+00
1.092500000000000071e+01 9.968220275624448679e-01 1.000041164407758476e+00 1.002699655381392940e+00 1.001691963464628632e+00
1.097500000000000142e+01 9.965450072192848507e-01 1.000010578154346463e+00 1.002377147247463185e+00 1.027455704349937715e+00
1.102500000000000036e+01 9.965311607702561636e-01 1.003151098354673199e+00 1.002154756141782954e+00 1.010288701459813643e+00
1.107500000000000107e+01 9.969767724744796888e-01 1.001770507235212104e+00 1.002138144970387446e+00 9.910158435421939638e-01
1.112500000000000000e+01 9.959657857676653681e-01 1.004101416118117429e+00 1.001588496875468026e+00 1.018751864027221288e+00
1.117500000000000071e+01 9.971036016565797411e-01 1.005099210826178480e+00 1.001523092787367286e+00 1.010987925841380308e+00
1.122500000000000142e+01 9.945849174213389210e-01 1.002869607025012266e+00 1.001421639897034588e+00 1.004641745898059435e+00
1.127500000000000036e+01 9.960194839199290051e-01 1.002860916789088286e+00 1.000842455150850574e+00 1.018649520719598911e+00
1.132500000000000107e+01 9.942173357693595559e-01 1.005331027691297674e+00 1.000666630812757418e+00 9.801691066513985584e-01
1.137500000000000000e+01 9.967376857573201354e-01 1.003666072138116538e+00 1.000344132828051125e+00 1.011423925493851295e+00
1.142500000000000071e+01 9.935559196494185841e-01 1.007427511327372960e+00 9.999959587042502873e-01 9.710505572175508471e-01
1.147500000000000142e+01 1.000506876376252130e+00 1.005806420296488035e+00 9.996111209390533547e-01 9.389205044612473072e-01
1.152500000000000036e+01 9.960144287404595342e-01 1.004451509184544289e+00 9.996278183767330905e-01 9.530201618756918291e-01
1.157500000000000107e+01 9.967951433353120505e-01 1.005673150089081647e+00 9.990546826214322662e-01 9.646690059601567002e-01
1.162500000000000000e+01 9.952017330073289481e-01 1.004507224907787988e+00 9.987003010454033047e-01 9.788520760259301623e-01
1.167500000000000071e+01 9.964056977265995929e-01 1.005189594904114525e+00 9.988973473726759922e-01 9.598077797487218898e-01
1.172500000000000142e+01 9.980513887372669535e-01 1.004673964750836923e+00 9.982861351174084907e-01 9.719062040717115769e-01
1.177500000000000036e+01 9.978580690253231467e-01 1.003769935696768423e+00 9.985920128394453199e-01 9.477735582362912803e-01
1.182500000000000107e+01 9.970477383884126521e-01 1.004251899554575056e+00 9.979483439590802751e-01 9.629725074071431301e-01
1.187500000000000000e+01 1.000258441433798717e+00 1.002657053295356038e+00 9.980612388614986674e-01 9.867293541391469747e-01
1.192500000000000071e+01 9.990163500834768895e-01 1.002804473401786467e+00 9.981619738067963876e-01 9.085813778965803333e-01
1.197500000000000142e+01 9.953793600313677326e-01 1.000952894296293527e+00 9.978856615739182256e-01 9.645184943792785015e-01
1.202500000000000036e+01 9.972632579153311028e-01 1.001601742355830771e+00 9.982596367268593562e-01 9.291934762018406735e-01
1.207500000000000107e+01 9.997022865301471439e-01 1.001085311358324237e+00 9.981267639025569460e-01 9.143839795534669523e-01
1.212500000000000000e+01 9.985921510009907465e-01 1.002337081095265647e+00 9.980738979572996161e-01 9.668251477818017303e-01
1.217500000000000071e+01 1.002451919871748087e+00 1.000771188384705690e+00 9.981271721551645548e-01 9.336514096030078536e-01
1.222500000000000142e+01 9.999594468841447314e-01 9.996779250712239939e-01 9.984040997206466983e-01 9.201864708116337388e-01
1.227500000000000036e+01 9.996143582280195838e-01 1.000345350411048884e+00 9.985869867949107581e-01 9.717675949609393404e-01
1.232500000000000107e+01 1.000011530843091023e+00 9.990549880965835516e-01 9.985225514243875056e-01 9.351545693978892126e-01
1.237500000000000000e+01 1.000962310394569954e+00 9.985465747758545119e-01 9.989833180887919273e-01 9.297854372095095687e-01
1.242500000000000071e+01 9.973083094458135012e-01 9.981658109445102900e-01 9.989264685583298942e-01 9.605676308736680324e-01
1.247500000000000142e+01 9.994197879855554190e-01 9.976229163906368269e-01 9.990749215507879200e-01 9.304372019225982671e-01
1.252500000000000036e+01 1.000665070686057145e+00 9.974993851043147952e-01 9.991794796882188523e-01 9.492667409620960672e-01
1.257500000000000107e+01 9.971286641878149837e-01 9.973852304603894048e-01 9.992425749026764281e-01 9.051786379562273277e-01
1.262500000000000000e+01 9.961414194392455013e-01 9.982776539388246162e-01 9.997772783590492818e-01 9.533342402514072278e-01
1.267500000000000071e+01 1.002067469704292613e+00 9.988509365157767217e-01 9.995545765176877540e-01 9.468630992131087387e-01
1.272500000000000142e+01 9.958079861385513709e-01 9.983534212301999888e-01 9.998569559710337451e-01 9.561298682785649428e-01
1.277500000000000036e+01 9.979849973301156973e-01 9.974187513863878030e-01 1.000072074057688720e+00 9.236886957061752890e-01
1.282500000000000107e+01 9.970757976160907754e-01 9.996867520163176257e-01 1.000276490876998547e+00 9.362210555854011407e-01
1.287500000000000000e+01 9.970643216708188206e-01 1.000358463258618658e+00 1.000280067228916936e+00 9.555555542018218107e-01
1.292500000000000071e+01 9.980701731685222011e-01 9.990578003980343791e-01 1.000343445037436219e+00 9.399620727305009193e-01
1.297500000000000142e+01 9.958569964651633466e-01 9.978366930393942624e-01 1.000390497959610769e+00 9.653377155983123847e-01
1.302500000000000036e+01 9.972195449029604974e-01 9.983054374018911492e-01 1.001019090903420894e+00 9.545088066181447450e-01
1.307500000000000107e+01 9.955982011117203712e-01 1.000376220238766267e+00 1.000634100508379198e+00 9.438169901454698252e-01
1.312500000000000000e+01 9.965108912121923845e-01 1.000967341984760228e+00 1.000606528406597029e+00 9.310874636514963054e-01
1.317500000000000071e+01 9.959077101965260193e-01 9.982926212937220933e-01 1.000781883126013350e+00 9.324188663564323409e-01
1.322500000000000142e+01 9.970652697799231579e-01 9.996529788557882990e-01 1.000675302302076242e+00 9.348923804395736781e-01
1.327500000000000036e+01 9.981243001994840602e-01 9.999149146377881436e-01 1.000908780751020188e+00 9.304588990914408608e-01
1.332500000000000107e+01 9.942190778195475476e-01 1.000487521956865633e+00 1.000810940244581504e+00 9.274707686527403627e-01
1.337500000000000000e+01 9.949372057129560742e-01 1.000159305188610182e+00 1.000904142421134901e+00 9.207818392123876539e-01
1.342500000000000071e+01 9.940846852281181034e-01 1.000502706855243007e+00 1.000713439914334701e+00 9.390858749283832463e-01
1.347500000000000142e+01 9.969215117342704602e-01 1.001526000689125562e+00 1.000798125864920340e+00 9.293814211868184350e-01
1.352500000000000036e+01 9.945618488093331822e-01 1.001699365145739762e+00 1.000707901516422194e+00 9.091098258437115831e-01
1.357500000000000107e+01 9.982160946241479538e-01 1.000456006086272165e+00 1.000599486777080438e+00 9.385312605086602034e-01
1.362500000000000000e+01 9.987125616546591589e-01 1.001384487342444007e+00 1.000793538972813534e+00 9.318796140057574728e-01
1.367500000000000071e+01 9.978187482166872568e-01 1.000768473636964417e+00 1.000491112285395889e+00 9.226314846760925725e-01
1.372500000000000142e+01 9.980233891369042487e-01 1.001971891230340361e+00 1.000459316574226598e+00 9.227649392360123271e-01
1.377500000000000036e+01 9.970806129025360232e-01 1.001238071871563440e+00 1.000670431269935046e+00 9.202422582627343139e-01
1.382500000000000107e+01 9.985341957106145250e-01 1.001287395632966648e+00 1.000412394402044436e+00 9.499329842315046291e-01
1.387500000000000000e+01 9.974807580433255882e-01 1.001625337096577528e+00 1.000348737904182217e+00 9.236580779236227556e-01
1.392500000000000071e+01 1.000719077014799119e+00 1.002202289659824386e+00 1.000138348454320480e+00 9.063138320441173068e-01
1.397500000000000142e+01 9.994446607170178742e-01 1.002193702115459883e+00 1.000231571194470037e+00 9.072927229519579528e-01
1.402500000000000036e+01 1.001183475626079344e+00 1.002239972802005274e+00 1.000070616283122327e+00 9.285303878360623431e-01
1.407500000000000107e+01 1.002350554166396401e+00 1.001011044673597361e+00 1.000145479980854457e+00 9.292921059959429186e-01
1.412500000000000000e+01 1.000111022700301833e+00 1.002082739950256762e+00 1.000071075731105763e+00 9.323125309174440378e-01
1.417500000000000071e+01 9.999974554537894855e-01 1.002631330249524000e+00 1.000098149035494099e+00 9.342324734906174433e-01
1.422500000000000142e+01 1.000211270904875382e+00 1.001164010071758037e+00 9.999019897771784793e-01 9.367189654666683296e-01
1.427500000000000036e+01 1.003968021667483335e+00 1.001603936052513744e+00 9.999649453501928686e-01 9.193525970718675611e-01
1.432500000000000107e+01 1.001806108230578696e+00 1.000586170523587226e+00 1.000020535872572003e+00 9.147698502342620497e-01
1.437500000000000000e+01 1.000099319993994262e+00 1.003350499027166887e+00 9.999765996364767817e-01 9.231081500366065118e-01
1.442500000000000071e+01 1.001956556355361849e+00 1.000975892764139674e+00 9.998599982061099345e-01 9.113238872243321076e-01
1.447500000000000142e+01 9.979883203058997898e-01 9.994843116741483069e-01 1.000094038409208297e+00 9.256801584195062382e-01
1.452500000000000036e+01 1.002231546698604703e+00 1.001178160016649388e+00 9.997637060475123016e-01 9.205007768488642217e-01
1.457500000000000107e+01 1.001358234694519567e+00 9.998395526723974358e-01 1.000041254979706862e+00 9.073444257100066190e-01
1.462500000000000000e+01 1.001243380986375442e+00 1.001826474593655369e+00 9.998609970985323780e-01 9.141773188444098919e-01
1.467500000000000071e+01 9.982070195271677271e-01 9.997169361859754577e-01 9.999272512918346845e-01 9.442613395283747657e-01
1.472500000000000142e+01 1.001697517672202498e+00 1.000233874369390374e+00 1.000088064950273470e+00 9.338319744579047788e-01
1.477500000000000036e+01 1.001322530030810176e+00 9.991377692600750260e-01 9.999688060656276578e-01 9.008529607026823927e-01
1.482500000000000107e+01 1.000161330725115372e+00 9.998283711522854000e-01 9.998169187941186031e-01 9.120049851804301611e-01
1.487500000000000000e+01 9.983968351249720152e-01 1.001466397319318524e+00 1.000010933673911584e+00 9.333238143715261170e-01
1.492500000000000071e+01 1.000238365971074961e+00 1.001366237275953530e+00 9.999792504536056947e-01 9.194267579868165008e-01
1.497500000000000142e+01 9.995189906893312548e-01 1.000808869856356642e+00 9.999658461505669393e-01 9.171915315116651035e-01
1.502500000000000036e+01 9.998932734539816014e-01 1.000742597993777849e+00 9.999904652466359289e-01 9.212287480481259339e-01
1.507500000000000107e+01 1.000905781851614051e+00 1.001363998173678604e+00 1.000178760171891001e+00 9.341587723025054357e-01
1.512500000000000000e+01 1.001274833683729382e+00 1.000721772358989403e+00 9.999064606128237331e-01 9.309012285333271297e-01
1.517500000000000071e+01 1.000728563547307548e+00 1.000321390373229979e+00 1.000022974254569208e+00 9.209846109337420650e-01
1.522500000000000142e+01 9.994223811977467342e-01 1.000889353524277769e+00 9.998422255422622085e-01 9.348589065911407925e-01
1.527500000000000036e+01 9.979315066707247217e-01 1.002183874578303380e+00 9.999191773880419243e-01 8.767060160260293777e-01
1.532500000000000107e+01 9.996736590387022003e-01 1.000431833862384101e+00 9.998308927742198815e-01 9.219900109178057468e-01
1.537500000000000000e+01 1.000979243443995248e+00 1.000981786065524126e+00 1.000018265723871869e+00 9.306042469431614617e-01
1.542500000000000071e+01 9.990247966809164826e-01 1.001163194920965394e+00 9.999270116501270955e-01 8.997623207861460415e-01
1.547500000000000142e+01 9.989608339518762925e-01 1.000611698780661918e+00 9.997934374545001113e-01 8.934364685785501914e-01
1.552500000000000036e+01 9.986824588184040064e-01 9.997503970397020323e-01 9.998758295499752258e-01 9.140887219724981305e-01
1.557500000000000107e+01 1.000019893488352185e+00 1.001886871162477544e+00 9.998469295000812496e-01 9.109720580502664866e-01
1.562500000000000000e+01 9.996801522597075218e-01 1.000471040403828171e+00 9.998674596939334247e-01 9.112831690946551211e-01
1.567500000000000071e+01 9.985831819869096515e-01 1.001177406490746824e+00 9.998948539343406328e-01 8.800915802621431805e-01
1.572500000000000142e+01 1.000298319795570379e+00 1.001454723500408539e+00 9.999787622957035937e-01 8.987207420271416947e-01
1.577500000000000036e+01 9.976700123796595765e-01 1.001655277299511315e+00 1.000068974731415095e+00 9.107462519395378431e-01
1.582500000000000107e+01 9.984126009793562462e-01 1.001199686402500344e+00 9.999835857148269280e-01 8.980259241645985879e-01
1.587500000000000000e+01 1.000165905837363978e+00 1.001176540607683574e+00 9.998734400010186318e-01 8.950181525949751915e-01
1.592500000000000071e+01 9.992539226190365609e-01 1.001174236196029410e+00 9.997591931105878071e-01 8.999012471431621085e-01
1.597500000000000142e+01 1.000863242681030441e+00 1.000173753958549572e+00 1.000007550250962218e+00 9.014467411035285149e-01
1.602499999999999858e+01 9.987385120019596219e-01 1.001050964750898498e+00 9.997051589282599515e-01 8.961541408450557356e-01
1.607500000000000284e+01 9.980745603934955135e-01 9.981937679834789190e-01 9.981187533762672093e-01 9.020140315075022563e-01
1.612500000000000000e+01 9.916460550360307602e-01 9.936531011406564140e-01 9.939754350803593486e-01 8.818748494487917977e-01
1.617500000000000071e+01 9.864563699961359511e-01 9.875458788568418633e-01 9.868973131682801103e-01 9.091741811207596502e-01
1.622500000000000142e+01 9.773389676075858734e-01 9.794977264530529970e-01 9.785970831839903017e-01 8.775144938480260448e-01
1.627499999999999858e+01 9.710945660638201637e-01 9.704625978792167373e-01 9.694426450817392737e-01 8.766839653294601353e-01
1.632500000000000284e+01 9.587737776976904547e-01 9.592823493843730676e-01 9.601718947510091695e-01 8.650804390471384941e-01
1.637500000000000000e+01 9.518090783570126723e-01 9.513602069709710118e-01 9.512668447883603218e-01 8.351466485999882172e-01
1.642500000000000071e+01 9.404487455618296687e-01 9.420422714604246295e-01 9.424356673914725535e-01 8.331526810966054519e-01
1.647500000000000142e+01 9.328955991331017161e-01 9.337664221570669554e-01 9.334055712386258863e-01 8.651802513158112218e-01
1.652499999999999858e+01 9.239407083434569845e-01 9.255386676101980958e-01 9.245395111107570507e-01 8.340641662071934803e-01
1.657500000000000284e+01 9.148021619086468270e-01 9.174258649287296841e-01 9.156433520028783857e-01 8.467496939044242277e-01
1.662500000000000000e+01 9.060926560045778899e-01 9.058414843072103428e-01 9.069422926430619203e-01 8.082623672033097950e-01
1.667500000000000071e+01 8.983518674354830091e-01 8.990333196955392348e-01 8.980638284723319043e-01 8.218180505735629415e-01
1.672500000000000142e+01 8.896312140764742749e-01 8.900582721263372576e-01 8.895001295551698828e-01 8.189929924344665491e-01
1.677499999999999858e+01 8.813529799171840873e-01 8.813065234443143714e-01 8.810090392666583003e-01 7.931333393979970170e-01
1.682500000000000284e+01 8.745119259130189615e-01 8.725893197028251613e-01 8.724739696788762489e-01 7.872511095550924765e-01
1.687500000000000000e+01 8.650030121781240311e-01 8.632981022589232278e-01 8.638311158566442938e-01 7.823007658569157696e-01
1.692500000000000071e+01 8.548986149144847113e-01 8.567225080144265092e-01 8.554973471301284826e-01 7.710075318483042839e-01
1.697500000000000142e+01 8.470507267979826560e-01 8.486083689917016670e-01 8.470731289725863533e-01 7.650290278437716918e-01
1.702499999999999858e+01 8.394221943297445199e-01 8.395709795196476533e-01 8.387235671996962072e-01 7.648462099672891368e-01
1.707500000000000284e+01 8.290646708384481478e-01 8.313741049118041904e-01 8.304268758798750705e-01 7.683608534901679166e-01
1.712500000000000000e+01 8.236269063798348222e-01 8.232554319729604719e-01 8.220332370875766959e-01 7.448793278127783246e-01
1.717500000000000071e+01 8.134224553035519500e-01 8.141768760458899523e-01 8.138577475777468706e-01 7.398437646453615013e-01
1.722500000000000142e+01 8.063904896555322832e-01 8.059260781936442575e-01 8.057021377889094227e-01 7.576999612333871204e-01
1.727499999999999858e+01 7.977404076982698156e-01 7.978471537463986962e-01 7.976300364945975163e-01 7.476068996109472842e-01
1.732500000000000284e+01 7.913322620577918354e-01 7.901558121649993049e-01 7.894702970351723526e-01 7.295819090360337045e-01
1.737500000000000000e+01 7.821763122896128184e-01 7.829876282851176983e-01 7.815303493472449681e-01 7.088589798995134084e-01
1.742500000000000071e+01 7.730796077527055665e-01 7.737744298095386997e-01 7.733421261272385161e-01 7.212319759740697389e-01
1.747500000000000142e+01 7.673688894624203227e-01 7.669093058109786032e-01 7.655146418186168367e-01 7.074420598629920232e-01
1.752499999999999858e+01 7.593690862738191605e-01 7.583587729780982833e-01 7.577824592181857666e-01 7.046296758790780990e-01
1.757500000000000284e+01 7.513524186398601312e-01 7.503746019239000420e-01 7.496849389483564163e-01 6.940291298566420020e-01
1.762500000000000000e+01 7.418664653743657356e-01 7.425702776071927413e-01 7.419915552137144044e-01 6.887582696304747065e-01
1.767500000000000071e+01 7.342505140420517717e-01 7.349075421133114405e-01 7.342771668847678512e-01 6.836689722925577417e-01
1.772500000000000142e+01 7.268501394900209744e-01 7.280286142569877272e-01 7.265572826898795133e-01 6.780966049012069341e-01
1.777499999999999858e+01 7.189534406548199197e-01 7.199531311587111793e-01 7.188192735361205177e-01 6.728392681342189041e-01
1.782500000000000284e+01 7.118214159622316961e-01 7.130462937595336559e-01 7.111347260056222197e-01 6.592537044175423855e-01
1.787500000000000000e+01 7.039066142241220403e-01 7.056621834771793500e-01 7.036765320396248802e-01 6.663732678307366930e-01
1.792500000000000071e+01 6.967535822524558720e-01 6.979545428791081862e-01 6.960221526967265149e-01 6.502359998490842008e-01
1.797500000000000142e+01 6.894654364586390027e-01 6.896937837025745033e-01 6.883833248507096325e-01 6.533163470006827511e-01
1.802499999999999858e+01 6.815406395792061867e-01 6.813274320877726886e-01 6.809555001633180726e-01 6.456010713540402124e-01
1.807500000000000284e+01 6.748638493607553857e-01 6.751706253076428244e-01 6.737549963791678032e-01 6.323604328633607441e-01
1.812500000000000000e+01 6.670710824635248670e-01 6.664064804256589758e-01 6.663037637813407077e-01 6.278636788284345238e-01
1.817500000000000071e+01 6.589843671749556764e-01 6.599696517856842304e-01 6.590116644866533813e-01 6.050268430230217875e-01
1.822500000000000142e+01 6.514467214645194293e-01 6.523275329425154423e-01 6.518207815734012867e-01 6.088480409305302432e-01
1.827499999999999858e+01 6.459369498514538899e-01 6.454177397576377206e-01 6.444323323415573901e-01 6.184706684002617694e-01
1.832500000000000284e+01 6.369085079779261971e-01 6.374897717758734039e-01 6.372196149736416571e-01 6.004874536112861927e-01
1.837500000000000000e+01 6.304145662013054263e-01 6.308729556595539245e-01 6.299920620271908245e-01 5.872476303835652001e-01
1.842500000000000071e+01 6.239966879495164598e-01 6.233526668530414705e-01 6.228733210894734640e-01 5.734075029428584713e-01
1.847500000000000142e+01 6.158384017191126381e-01 6.166818893254961687e-01 6.157678442408428543e-01 5.798111134249031018e-01
1.852499999999999858e+01 6.081600638541680981e-01 6.084035142330933565e-01 6.086137267758781055e-01 5.728077629882494248e-01
1.857500000000000284e+01 6.010797137647301280e-01 6.018192034813136804e-01 6.017807923754330268e-01 5.555060469424043523e-01
1.862500000000000000e+01 5.957827504546173714e-01 5.946824957020623303e-01 5.946772937350945920e-01 5.673926041766067518e-01
1.867500000000000071e+01 5.878358091261621787e-01 5.883373240489112588e-01 5.878540723854547290e-01 5.368142056944749108e-01
1.872500000000000142e+01 5.806319734510524411e-01 5.810339597839688786e-01 5.808695364156033492e-01 5.496068139858979462e-01
1.877499999999999858e+01 5.742211074874513654e-01 5.740480389013156159e-01 5.740012592990957341e-01 5.298133494526675591e-01
1.882500000000000284e+01 5.672755986765323222e-01 5.681405910982584295e-01 5.671418042343557842e-01 5.230128976178715083e-01
1.887500000000000000e+01 5.606587142510094379e-01 5.604946447765495332e-01 5.603288904984076169e-01 5.116079516446211395e-01
1.892500000000000071e+01 5.537773381095398850e-01 5.535650474686757416e-01 5.535946257020086803e-01 5.132042333545132617e-01
1.897500000000000142e+01 5.462903657430743243e-01 5.471363110559815945e-01 5.468909902366051456e-01 5.041507497484027933e-01
1.902499999999999858e+01 5.395252984910409166e-01 5.414764933242954825e-01 5.402924969438519520e-01 5.119594821233601767e-01
1.907500000000000284e+01 5.332968310552744784e-01 5.335751757287272579e-01 5.335136921756810091e-01 4.933926737804759655e-01
1.912500000000000000e+01 5.277389775757070911e-01 5.272763967620177628e-01 5.268320604139223873e-01 4.926353177059622501e-01
1.917500000000000426e+01 5.198369124172118605e-01 5.214438347185591516e-01 5.201900797034151314e-01 4.824917030178576538e-01
1.922500000000000142e+01 5.128855268376545373e-01 5.129522018748323697e-01 5.138141163252933907e-01 4.861735351519400616e-01
1.927499999999999858e+01 5.072206149986613344e-01 5.083927070598190934e-01 5.072223365540661222e-01 4.734687721271285121e-01
1.932500000000000284e+01 5.011833025470290304e-01 5.017204510608544998e-01 5.006971132563180493e-01 4.701310889674463200e-01
1.937500000000000000e+01 4.941783473899363233e-01 4.935002655665952087e-01 4.942503971408461205e-01 4.507585946969553947e-01
1.942500000000000426e+01 4.875812560134959450e-01 4.876652817873302626e-01 4.879134401579942049e-01 4.543923695847809641e-01
1.947500000000000142e+01 4.812584593201046368e-01 4.818281722486160157e-01 4.814701491099090958e-01 4.556804089879616937e-01
1.952499999999999858e+01 4.751397892703755899e-01 4.752868101001677115e-01 4.751420224747331944e-01 4.340418505959683926e-01
1.957500000000000284e+01 4.701046991075388259e-01 4.701917556785389918e-01 4.688796108030267584e-01 4.357343139079441485e-01
1.962500000000000000e+01 4.630320618066385285e-01 4.622400551488577980e-01 4.624483457699932742e-01 4.390235309216515835e-01
1.967500000000000426e+01 4.546199781419706376e-01 4.565220141062800163e-01 4.561944044274100496e-01 4.391583666051601109e-01
1.972500000000000142e+01 4.498610723566598968e-01 4.503442150473309091e-01 4.500281334873643679e-01 4.240020281091883558e-01
1.977499999999999858e+01 4.429119038431763022e-01 4.445634303773930429e-01 4.438441216186832516e-01 4.085677985992281491e-01
1.982500000000000284e+01 4.378591010606963652e-01 4.378250746809417282e-01 4.376246204402816642e-01 4.067211403964276495e-01
1.987500000000000000e+01 4.319872103306354738e-01 4.318848833554334576e-01 4.314849190799589507e-01 4.008874178227618823e-01
1.992500000000000426e+01 4.258355990173389172e-01 4.248742320651502369e-01 4.253425747539951174e-01 4.013918980306269702e-01
1.997500000000000142e+01 4.200255519708082086e-01 4.197212604027005800e-01 4.194240592279296909e-01 3.964666811464144791e-01
