# r (Angstroms), cation-water g(r), anion-water g(r), water-water g(r), cation-anion g(r)
2.500000000000000139e-02 0.000000000000000000e+00 0.000000000000000000e+00 5.715743578557896399e+04 0.000000000000000000e+00
7.500000000000001110e-02 0.000000000000000000e+00 0.000000000000000000e+00 0.000000000000000000e+00 0.000000000000000000e+00
1.250000000000000000e-01 0.000000000000000000e+00 0.000000000000000000e+00 0.000000000000000000e+00 0.000000000000000000e+00
1.750000000000000167e-01 0.000000000000000000e+00 0.000000000000000000e+00 0.000000000000000000e+00 0.000000000000000000e+00
2.250000000000000056e-01 0.000000000000000000e+00 0.000000000000000000e+00 0.000000000000000000e+00 0.000000000000000000e+00
2.750000000000000222e-01 0.000000000000000000e+00 0.000000000000000000e+00 0.000000000000000000e+00 0.000000000000000000e+00
3.250000000000000666e-01 0.000000000000000000e+00 0.000000000000000000e+00 0.000000000000000000e+00 0.000000000000000000e+00
3.750000000000000000e-01 0.000000000000000000e+00 0.000000000000000000e+00 0.000000000000000000e+00 0.000000000000000000e+00
4.250000000000000444e-01 0.000000000000000000e+00 0.000000000000000000e+00 0.000000000000000000e+00 0.000000000000000000e+00
4.749999999999999778e-01 0.000000000000000000e+00 0.000000000000000000e+00 0.000000000000000000e+00 0.000000000000000000e+00
5.250000000000000222e-01 0.000000000000000000e+00 0.000000000000000000e+00 0.000000000000000000e+00 0.000000000000000000e+00
5.750000000000000666e-01 0.000000000000000000e+00 0.000000000000000000e+00 0.000000000000000000e+00 0.000000000000000000e+00
6.250000000000000000e-01 0.000000000000000000e+00 0.000000000000000000e+00 0.000000000000000000e+00 0.000000000000000000e+00
6.750000000000000444e-01 0.000000000000000000e+00 0.000000000000000000e+00 0.000000000000000000e+00 0.000000000000000000e+00
7.250000000000000888e-01 0.000000000000000000e+00 0.000000000000000000e+00 0.000000000000000000e+00 0.000000000000000000e+00
7.750000000000000222e-01 0.000000000000000000e+00 0.000000000000000000e+00 0.000000000000000000e+00 0.000000000000000000e+00
8.250000000000000666e-01 0.000000000000000000e+00 0.000000000000000000e+00 0.000000000000000000e+00 0.000000000000000000e+00
8.750000000000000000e-01 0.000000000000000000e+00 0.000000000000000000e+00 0.000000000000000000e+00 0.000000000000000000e+00
9.250000000000000444e-01 0.000000000000000000e+00 0.000000000000000000e+00 0.000000000000000000e+00 0.000000000000000000e+00
9.750000000000000888e-01 0.000000000000000000e+00 0.000000000000000000e+00 0.000000000000000000e+00 0.000000000000000000e+00
1.024999999999999911e+00 0.000000000000000000e+00 0.000000000000000000e+00 0.000000000000000000e+00 0.000000000000000000e+00
1.075000000000000178e+00 0.000000000000000000e+00 0.000000000000000000e+00 0.000000000000000000e+00 0.000000000000000000e+00
1.125000000000000000e+00 0.000000000000000000e+00 0.000000000000000000e+00 0.000000000000000000e+00 0.000000000000000000e+00
1.175000000000000266e+00 0.000000000000000000e+00 0.000000000000000000e+00 0.000000000000000000e+00 0.000000000000000000e+00
1.225000000000000089e+00 0.000000000000000000e+00 0.000000000000000000e+00 0.000000000000000000e+00 0.000000000000000000e+00
1.274999999999999911e+00 0.000000000000000000e+00 0.000000000000000000e+00 0.000000000000000000e+00 0.000000000000000000e+00
1.325000000000000178e+00 0.000000000000000000e+00 0.000000000000000000e+00 0.000000000000000000e+00 0.000000000000000000e+00
1.375000000000000000e+00 0.000000000000000000e+00 0.000000000000000000e+00 0.000000000000000000e+00 0.000000000000000000e+00
1.425000000000000266e+00 0.000000000000000000e+00 0.000000000000000000e+00 0.000000000000000000e+00 0.000000000000000000e+00
1.475000000000000089e+00 0.000000000000000000e+00 0.000000000000000000e+00 0.000000000000000000e+00 0.000000000000000000e+00
1.524999999999999911e+00 0.000000000000000000e+00 0.000000000000000000e+00 0.000000000000000000e+00 0.000000000000000000e+00
1.575000000000000178e+00 0.000000000000000000e+00 0.000000000000000000e+00 0.000000000000000000e+00 0.000000000000000000e+00
1.625000000000000000e+00 0.000000000000000000e+00 0.000000000000000000e+00 0.000000000000000000e+00 0.000000000000000000e+00
1.675000000000000266e+00 0.000000000000000000e+00 0.000000000000000000e+00 0.000000000000000000e+00 0.000000000000000000e+00
1.725000000000000089e+00 0.000000000000000000e+00 0.000000000000000000e+00 0.000000000000000000e+00 0.000000000000000000e+00
1.774999999999999911e+00 0.000000000000000000e+00 0.000000000000000000e+00 0.000000000000000000e+00 0.000000000000000000e+00
1.825000000000000178e+00 0.000000000000000000e+00 0.000000000000000000e+00 0.000000000000000000e+00 0.000000000000000000e+00
1.875000000000000000e+00 0.000000000000000000e+00 0.000000000000000000e+00 0.000000000000000000e+00 0.000000000000000000e+00
1.925000000000000266e+00 0.000000000000000000e+00 0.000000000000000000e+00 0.000000000000000000e+00 0.000000000000000000e+00
1.975000000000000089e+00 0.000000000000000000e+00 0.000000000000000000e+00 0.000000000000000000e+00 0.000000000000000000e+00
2.025000000000000355e+00 0.000000000000000000e+00 0.000000000000000000e+00 0.000000000000000000e+00 0.000000000000000000e+00
2.075000000000000178e+00 0.000000000000000000e+00 0.000000000000000000e+00 0.000000000000000000e+00 0.000000000000000000e+00
2.125000000000000000e+00 0.000000000000000000e+00 0.000000000000000000e+00 0.000000000000000000e+00 0.000000000000000000e+00
2.174999999999999822e+00 0.000000000000000000e+00 0.000000000000000000e+00 0.000000000000000000e+00 0.000000000000000000e+00
2.225000000000000089e+00 0.000000000000000000e+00 0.000000000000000000e+00 0.000000000000000000e+00 0.000000000000000000e+00
2.275000000000000355e+00 1.380357596652872316e-03 0.000000000000000000e+00 0.000000000000000000e+00 0.000000000000000000e+00
2.325000000000000178e+00 7.379089836061103469e-02 0.000000000000000000e+00 0.000000000000000000e+00 0.000000000000000000e+00
2.375000000000000000e+00 1.017265464547102871e+00 0.000000000000000000e+00 1.182130442304166159e-05 0.000000000000000000e+00
2.425000000000000266e+00 4.778726507377397681e+00 0.000000000000000000e+00 8.042498914157461673e-04 0.000000000000000000e+00
2.475000000000000089e+00 1.060021943777004338e+01 0.000000000000000000e+00 1.775482814893579800e-02 0.000000000000000000e+00
2.525000000000000355e+00 1.357800669386260672e+01 0.000000000000000000e+00 1.471739163310744058e-01 0.000000000000000000e+00
2.575000000000000178e+00 1.173863848839163815e+01 0.000000000000000000e+00 6.032034645222799085e-01 0.000000000000000000e+00
2.625000000000000000e+00 7.788361308296505747e+00 0.000000000000000000e+00 1.459677254497997678e+00 0.000000000000000000e+00
2.675000000000000266e+00 4.341613414601015464e+00 0.000000000000000000e+00 2.402019295582527469e+00 0.000000000000000000e+00
2.725000000000000089e+00 2.166681531353438661e+00 0.000000000000000000e+00 2.992192326075667985e+00 0.000000000000000000e+00
2.775000000000000355e+00 1.054859536230504435e+00 0.000000000000000000e+00 3.080127376831971464e+00 0.000000000000000000e+00
2.825000000000000178e+00 5.022113375176987526e-01 0.000000000000000000e+00 2.789746679603514412e+00 0.000000000000000000e+00
2.875000000000000000e+00 2.411512136459582623e-01 7.202843896235312912e-05 2.340562107285373727e+00 0.000000000000000000e+00
2.925000000000000266e+00 1.212206145835918736e-01 2.087611043345439772e-04 1.897179163971469018e+00 0.000000000000000000e+00
2.975000000000000089e+00 6.255894737245622228e-02 4.305131862190535348e-03 1.529723938711007314e+00 0.000000000000000000e+00
3.025000000000000355e+00 3.942780731781758002e-02 3.565418879565021570e-02 1.260636604228148050e+00 0.000000000000000000e+00
3.075000000000000178e+00 2.040026684461955508e-02 2.011063342645520446e-01 1.077574080336376250e+00 0.000000000000000000e+00
3.125000000000000000e+00 1.682636946451512502e-02 6.765907547724233639e-01 9.578703450187662227e-01 0.000000000000000000e+00
3.175000000000000266e+00 1.110329967601110177e-02 1.494693128726005016e+00 8.860506375986637595e-01 0.000000000000000000e+00
3.225000000000000089e+00 1.041822896116506754e-02 2.445765113157905013e+00 8.451031492070070206e-01 0.000000000000000000e+00
3.275000000000000355e+00 5.994919531916607577e-03 3.225821793312979135e+00 8.250812192457963601e-01 0.000000000000000000e+00
3.325000000000000178e+00 6.569903557718084590e-03 3.566219043465284511e+00 8.162538650912039007e-01 0.000000000000000000e+00
3.375000000000000000e+00 8.467401707729060520e-03 3.464160388784931488e+00 8.191529578658305333e-01 0.000000000000000000e+00
3.425000000000000266e+00 9.846083447972693928e-03 3.066090686901682627e+00 8.259363753948462117e-01 0.000000000000000000e+00
3.475000000000000089e+00 9.761998277646996569e-03 2.555868639965759304e+00 8.347981701673717891e-01 0.000000000000000000e+00
3.525000000000000355e+00 1.169108852528268939e-02 2.060650181175543771e+00 8.471245834534584240e-01 0.000000000000000000e+00
3.575000000000000178e+00 1.574519978423707944e-02 1.641460369222372595e+00 8.600747370329786534e-01 0.000000000000000000e+00
3.625000000000000000e+00 1.721675646557685457e-02 1.293114332326392057e+00 8.747301146854244980e-01 0.000000000000000000e+00
3.675000000000000266e+00 2.265856384517432945e-02 1.030567909674096283e+00 8.896660271481610094e-01 0.000000000000000000e+00
3.725000000000000089e+00 3.132235678513835969e-02 8.424426755060364647e-01 9.045635762932542345e-01 0.000000000000000000e+00
3.775000000000000355e+00 4.094269834198171337e-02 7.126536207321673144e-01 9.207616799172623212e-01 0.000000000000000000e+00
3.825000000000000178e+00 5.168033316089529206e-02 6.263900538154812958e-01 9.364186633343118960e-01 0.000000000000000000e+00
3.875000000000000000e+00 7.113177503775125476e-02 5.799975503078179662e-01 9.535137523161963946e-01 0.000000000000000000e+00
3.925000000000000266e+00 9.305976130528231804e-02 5.576629383867208745e-01 9.705092751659910588e-01 0.000000000000000000e+00
3.975000000000000089e+00 1.226106523951230598e-01 5.441742599540158043e-01 9.884935605659087576e-01 3.767997922406977895e-02
4.025000000000000355e+00 1.714739006013768774e-01 5.503996162252082769e-01 1.005483263496673496e+00 3.674965722275544411e-02
4.075000000000000178e+00 2.301786296258263587e-01 5.662681115748132710e-01 1.022411165822382006e+00 7.170673820119199959e-02
4.125000000000000000e+00 3.164448101471790675e-01 5.962206506974713216e-01 1.037602378535111836e+00 3.498947480618962852e-02
4.175000000000000711e+00 4.299611647664006164e-01 6.244478880091623996e-01 1.053883726852929748e+00 1.024692957021927087e-01
4.224999999999999645e+00 5.660635292815039410e-01 6.552488861810290555e-01 1.067348205121841698e+00 0.000000000000000000e+00
4.275000000000000355e+00 7.169585287572601828e-01 7.057845567759924998e-01 1.079071842472492104e+00 0.000000000000000000e+00
4.325000000000000178e+00 9.023326030211493709e-01 7.550948385916665950e-01 1.089075284518660869e+00 3.182831051220984947e-02
4.375000000000000000e+00 1.092344382538270375e+00 7.957273761061004480e-01 1.096780697966687201e+00 9.331491393629509634e-02
4.425000000000000711e+00 1.274984934629365130e+00 8.386890549432838293e-01 1.101804447324323366e+00 1.824360776441903698e-01
4.474999999999999645e+00 1.462317087650132574e+00 8.904834995587519453e-01 1.104812936072874230e+00 2.378428150530853824e-01
4.525000000000000355e+00 1.609119195921220768e+00 9.508458045865528785e-01 1.105713088563841762e+00 2.616926773272675866e-01
4.575000000000000178e+00 1.755959418446615850e+00 9.836239987345943847e-01 1.105295954897789201e+00 3.697834581709000812e-01
4.625000000000000000e+00 1.871837515610943248e+00 1.025986952067605262e+00 1.100862902012529565e+00 8.906619951756108433e-01
4.675000000000000711e+00 1.926212131995242993e+00 1.072669426128930681e+00 1.096558270307695038e+00 8.444714480533519474e-01
4.724999999999999645e+00 1.963477695382191968e+00 1.108382999038002303e+00 1.088626938108538278e+00 1.386712122560357141e+00
4.775000000000000355e+00 1.953960013904336490e+00 1.146629588808863121e+00 1.080354962594637813e+00 2.219518925322311542e+00
4.825000000000001066e+00 1.947328498181714718e+00 1.166028982147391702e+00 1.070957533460652922e+00 2.455067053101208430e+00
4.875000000000000000e+00 1.861944254598247639e+00 1.188328476896666874e+00 1.058526381600636279e+00 3.181568811339236635e+00
4.925000000000000711e+00 1.774355578440027559e+00 1.211793943005833984e+00 1.045419536396419158e+00 3.657301089912074588e+00
4.974999999999999645e+00 1.661172823933721787e+00 1.218998436468841984e+00 1.032749061498372090e+00 3.872814513211057630e+00
5.025000000000000355e+00 1.547216746897936090e+00 1.228342024480263417e+00 1.018759467533882024e+00 5.281568901327913679e+00
5.075000000000001066e+00 1.424276947065982402e+00 1.220161560261155298e+00 1.006021079751790559e+00 5.039315325419289060e+00
5.125000000000000000e+00 1.312027662101081127e+00 1.222061216731550326e+00 9.925822699524432524e-01 4.805463950199184708e+00
5.175000000000000711e+00 1.204941178855010397e+00 1.207142086174321172e+00 9.805304437897021108e-01 5.646772314191378150e+00
5.224999999999999645e+00 1.122803856148339330e+00 1.196100359285397374e+00 9.687229611116147110e-01 5.168482964439971461e+00
5.275000000000000355e+00 1.041709349533883833e+00 1.187676181529121688e+00 9.564150797996133768e-01 5.841240858208730735e+00
5.325000000000001066e+00 9.814633915168365919e-01 1.170348482011562385e+00 9.451363961334946495e-01 5.102165072278608271e+00
5.375000000000000000e+00 9.291622337135602150e-01 1.146677035364700892e+00 9.339760392604378181e-01 5.646523510413313574e+00
5.425000000000000711e+00 8.946759211265120637e-01 1.135894111410791218e+00 9.236199191598415403e-01 4.673046121743415604e+00
5.474999999999999645e+00 8.638309511342920910e-01 1.116533084659574904e+00 9.154517822451680997e-01 5.362695594736017313e+00
5.525000000000000355e+00 8.560294362017379921e-01 1.095674769594555231e+00 9.078164670315534979e-01 4.661449880433250037e+00
5.575000000000001066e+00 8.423526847933123785e-01 1.074596373119007575e+00 9.019802365189154569e-01 4.808080317531300274e+00
5.625000000000000000e+00 8.512284493540936969e-01 1.046056234946124430e+00 8.999107082830365423e-01 4.346650422229002331e+00
5.675000000000000711e+00 8.411384820574738796e-01 1.031420644602915271e+00 8.999534728413389750e-01 3.900664169541252058e+00
5.724999999999999645e+00 8.430042356976580331e-01 1.000567990663213225e+00 9.012984654198348267e-01 3.269711308946268602e+00
5.775000000000000355e+00 8.526771922473603826e-01 9.855844382125558134e-01 9.064443410647924360e-01 3.177634624822672560e+00
5.825000000000001066e+00 8.589824769347615963e-01 9.771596837443301542e-01 9.124985907569799215e-01 2.421448335518999517e+00
5.875000000000000000e+00 8.628115914218290605e-01 9.522148796733151954e-01 9.200761311047815916e-01 2.483903821766161091e+00
5.925000000000000711e+00 8.642188498073031244e-01 9.331419905431420636e-01 9.293797774899246189e-01 1.831618897507530264e+00
5.974999999999999645e+00 8.682267076130512073e-01 9.121033252560526439e-01 9.384125523511223088e-01 1.984537248011084332e+00
6.025000000000000355e+00 8.805116347334510651e-01 9.041948817728114873e-01 9.486358715988282286e-01 1.689317482724461916e+00
6.075000000000001066e+00 8.818224446141423867e-01 8.851779579228348238e-01 9.587710112799735507e-01 1.548698450165703289e+00
6.125000000000000000e+00 8.963992683409558460e-01 8.752128611595385577e-01 9.693995338044776311e-01 1.618736728467840447e+00
6.175000000000000711e+00 9.113895474739408531e-01 8.630173559701843633e-01 9.784970475878084217e-01 1.701926686219968454e+00
6.224999999999999645e+00 9.237256849219502852e-01 8.552935934971412912e-01 9.880849760496658307e-01 1.352048505923482580e+00
6.275000000000000355e+00 9.237001493697105658e-01 8.527556232468970210e-01 9.976318452667830572e-01 1.708595791107829109e+00
6.325000000000001066e+00 9.240957286287541095e-01 8.485238841675047938e-01 1.004948256176626975e+00 1.384045201830678140e+00
6.375000000000000000e+00 9.520824928444829860e-01 8.597748795591607651e-01 1.013047415688338670e+00 1.684712827775281196e+00
6.425000000000000711e+00 9.477349063462333634e-01 8.639687093645721516e-01 1.019996462302908524e+00 1.543213339710356902e+00
6.474999999999999645e+00 9.612435913799199927e-01 8.710835151253607522e-01 1.026270179563693485e+00 1.704080823837943459e+00
6.525000000000000355e+00 9.632931167691162200e-01 8.860182312587637776e-01 1.032293744270696312e+00 1.692048705528889085e+00
6.575000000000001066e+00 9.778120575746209742e-01 8.891616883547923678e-01 1.036722837715351009e+00 1.528692090011027238e+00
6.625000000000000000e+00 9.844053000042767287e-01 9.078585298799259906e-01 1.040828367835394452e+00 1.899086978098370349e+00
6.675000000000000711e+00 9.871375924992371598e-01 9.233185338077305460e-01 1.043818644480512647e+00 1.870742926467948042e+00
6.724999999999999645e+00 9.904173089718079082e-01 9.392864262851702284e-01 1.046191834181330549e+00 1.619232381682914390e+00
6.775000000000000355e+00 9.922737710675133549e-01 9.550343201298031603e-01 1.047529748788461390e+00 2.062372935944243313e+00
6.825000000000001066e+00 1.001255200497172426e+00 9.711418777289517745e-01 1.047658143718906754e+00 2.057828932802858724e+00
6.875000000000000000e+00 1.013574650919696785e+00 9.781412319223921070e-01 1.047703495320942757e+00 1.952427993097121561e+00
6.925000000000000711e+00 1.002839768401405873e+00 1.003907464500278346e+00 1.047031262991183764e+00 2.122977126827775951e+00
6.974999999999999645e+00 9.986710355018160179e-01 1.016024116504947949e+00 1.044978845790811128e+00 2.251739707035440130e+00
7.025000000000000355e+00 1.008633996314915793e+00 1.026078734236492984e+00 1.042768402132457473e+00 2.147415871397448051e+00
7.075000000000001066e+00 1.018050040233360098e+00 1.043396622107101601e+00 1.039807374837018239e+00 2.200430617851803827e+00
7.125000000000000000e+00 1.001161313338131631e+00 1.055508260905182905e+00 1.036704826896200471e+00 2.263478826163336066e+00
7.175000000000000711e+00 1.005853016262397537e+00 1.059930886706932363e+00 1.032866369737568402e+00 2.324562010126495881e+00
7.224999999999999645e+00 1.010752807702779421e+00 1.071692237307337647e+00 1.028662179535079657e+00 2.235472244524314256e+00
7.275000000000000355e+00 1.001024316398880121e+00 1.075370502395331274e+00 1.024705258399198682e+00 2.092357481516100126e+00
7.325000000000001066e+00 9.839653320100251177e-01 1.084851849203348539e+00 1.019859893763426451e+00 2.274717996549857180e+00
7.375000000000000000e+00 9.934149919713471943e-01 1.079091206156504112e+00 1.015169285039245750e+00 2.331548948695340684e+00
7.425000000000000711e+00 9.921975922055985553e-01 1.092102027808955267e+00 1.011057597131896912e+00 1.911478229574545162e+00
7.474999999999999645e+00 9.709556851176375236e-01 1.089410914820600373e+00 1.006811061303215071e+00 2.397447754175282775e+00
7.525000000000000355e+00 9.769580005772836584e-01 1.089586060825931568e+00 1.002492102418584219e+00 1.945126133868545049e+00
7.575000000000001066e+00 9.704327468482385477e-01 1.082917365449959535e+00 9.990913499143437848e-01 2.303439288772441973e+00
7.625000000000000000e+00 9.723910515100687713e-01 1.079913388131056307e+00 9.957897551988521556e-01 2.058284729601759011e+00
7.675000000000000711e+00 9.657260433118705079e-01 1.068365009798160514e+00 9.924180772232620296e-01 2.314556703629781609e+00
7.724999999999999645e+00 9.674123674523412708e-01 1.064267339950199620e+00 9.900761117585872295e-01 2.194900489238651442e+00
7.775000000000000355e+00 9.735651701490161125e-01 1.065199468005024741e+00 9.885043971868394674e-01 1.950085014562520591e+00
7.825000000000001066e+00 9.620188986397772979e-01 1.051571891993921648e+00 9.864793312909831968e-01 2.401692655643179908e+00
7.875000000000000000e+00 9.704248054916654320e-01 1.041774770415331952e+00 9.857024535246210473e-01 1.881672917793142386e+00
7.925000000000000711e+00 9.779928414215893762e-01 1.038188391815384914e+00 9.847936683477805930e-01 1.602054805756131461e+00
7.974999999999999645e+00 9.868306124536210255e-01 1.025258012557228593e+00 9.839513938653953184e-01 1.881585242588341700e+00
8.025000000000000355e+00 9.829293364588577164e-01 1.020823914722480019e+00 9.839603944058167295e-01 1.913680824730380481e+00
8.074999999999999289e+00 9.904986176672992970e-01 1.011106613427578571e+00 9.843035090012013377e-01 1.689179980350759225e+00
8.125000000000000000e+00 9.952824776662877460e-01 1.001550453907050331e+00 9.849102125457322998e-01 1.623360753003241896e+00
8.175000000000000711e+00 1.005292037260864912e+00 9.975860217684094922e-01 9.854552032714974930e-01 1.790646374547462338e+00
8.225000000000001421e+00 1.014158117269873705e+00 9.913202860859093857e-01 9.863744655199115918e-01 1.592927724199444173e+00
8.275000000000000355e+00 1.016737829216756595e+00 9.887322831333006379e-01 9.872923407247402583e-01 1.599820080520303334e+00
8.324999999999999289e+00 1.027704410360345877e+00 9.784977527558248456e-01 9.889386701486154729e-01 1.640794623335111391e+00
8.375000000000000000e+00 1.033057696714569706e+00 9.780027090322364058e-01 9.898394465011326471e-01 1.638238147192466521e+00
8.425000000000000711e+00 1.027827754517631087e+00 9.746405326648481804e-01 9.914129356081516908e-01 1.652402255953037358e+00
8.475000000000001421e+00 1.034717955977383363e+00 9.763872108223472512e-01 9.929191900899536627e-01 1.666119053028599639e+00
8.525000000000000355e+00 1.027875523717177497e+00 9.677939178277873422e-01 9.943029316254126115e-01 1.507365078217587140e+00
8.574999999999999289e+00 1.040279227056598144e+00 9.730260065835824035e-01 9.951477656364327018e-01 1.676067497942961504e+00
8.625000000000000000e+00 1.040546141325542795e+00 9.704929134037614258e-01 9.967295239600286738e-01 1.656691212133980295e+00
8.675000000000000711e+00 1.037715668655933454e+00 9.708726910663232346e-01 9.978447858411413351e-01 1.534801473829371821e+00
8.725000000000001421e+00 1.032550909820244334e+00 9.732134881938264703e-01 9.990284810049413489e-01 1.618933211634176805e+00
8.775000000000000355e+00 1.033760972360280972e+00 9.736674011985276822e-01 9.993072836565553008e-01 1.275789917870471912e+00
8.824999999999999289e+00 1.029052142542133286e+00 9.808141288771687893e-01 1.000250485957149937e+00 1.391334150082967458e+00
8.875000000000000000e+00 1.026046441276198706e+00 9.789853611139379685e-01 1.000916912936551606e+00 1.443730535013142191e+00
8.925000000000000711e+00 1.027064509051624830e+00 9.833171756929723895e-01 1.001455015931273396e+00 1.382753574466208057e+00
8.975000000000001421e+00 1.020398011421113305e+00 9.834710953950663859e-01 1.001208668986735439e+00 1.552172210862660995e+00
9.025000000000000355e+00 1.015467765386882437e+00 9.858345444364323695e-01 1.001475388260047561e+00 1.454615433926876644e+00
9.074999999999999289e+00 1.012015326261362480e+00 9.943758329042339250e-01 1.001716262268584234e+00 1.308503400672247796e+00
9.125000000000000000e+00 1.011923709008848427e+00 9.976660255690746881e-01 1.001591221592326608e+00 1.573064371489568014e+00
9.175000000000000711e+00 1.010090701485885534e+00 9.952524437612472186e-01 1.001686023749680299e+00 1.478167714227548668e+00
9.225000000000001421e+00 1.012995228817497928e+00 1.000849976132806907e+00 1.001210723718886086e+00 1.392226546229001771e+00
9.275000000000000355e+00 9.993345577165905214e-01 9.988708582874797903e-01 1.001247573934491264e+00 1.391098287332123595e+00
9.324999999999999289e+00 9.988621163623088162e-01 1.001977441088086840e+00 1.001185724101952612e+00 1.492617121361770938e+00
9.375000000000000000e+00 9.928830084204569584e-01 1.001811178910715361e+00 1.000660054580100544e+00 1.253195402653880075e+00
9.425000000000000711e+00 9.863039838413106830e-01 1.007965969433498143e+00 1.000426713737609274e+00 1.441004610866427837e+00
9.475000000000001421e+00 9.856441469188147453e-01 1.004803407471945187e+00 1.000155101610811448e+00 1.445731672060378115e+00
9.525000000000000355e+00 9.879099563408488827e-01 1.009972591839367162e+00 9.997153431659150380e-01 1.450280322775886921e+00
9.575000000000001066e+00 9.752035542213268737e-01 1.011043924573244768e+00 9.994367618489892191e-01 1.292305435773083877e+00
9.625000000000000000e+00 9.788767588923262819e-01 1.011138805254705897e+00 9.995129004998164479e-01 1.272487087599830424e+00
9.675000000000000711e+00 9.770539186587738900e-01 1.009473124091897045e+00 9.993388690246954864e-01 1.424740438889458893e+00
9.725000000000001421e+00 9.789560756729677182e-01 1.006321369168803326e+00 9.993879468199550198e-01 1.384946990817532697e+00
9.775000000000000355e+00 9.797214818704607087e-01 1.010533664527198061e+00 9.991082205731248722e-01 1.339660115510316274e+00
9.825000000000001066e+00 9.749313699828373592e-01 1.008866160883359786e+00 9.990449562488282753e-01 1.504923478685470162e+00
9.875000000000000000e+00 9.749988638125384188e-01 1.004640675551300655e+00 9.990352898958200223e-01 1.477511522302868308e+00
9.925000000000000711e+00 9.751484843210821429e-01 1.008263883760744939e+00 9.987736956776318564e-01 1.323648928141297754e+00
9.975000000000001421e+00 9.815408850709577138e-01 1.006193395138700097e+00 9.994511011765032649e-01 1.286478073923456034e+00
1.002500000000000036e+01 9.752577496783683131e-01 1.006376946883308365e+00 9.993972184100413658e-01 1.232208836593858603e+00
1.007500000000000107e+01 9.773092042390967293e-01 1.007791829189166766e+00 9.995593033211815914e-01 1.208277994942168032e+00
1.012500000000000000e+01 9.815260345632780270e-01 1.006324658088982416e+00 9.998769462806172958e-01 1.231219716030288458e+00
1.017500000000000071e+01 9.770904418455883533e-01 1.002767330649179334e+00 1.000175488816306357e+00 1.161642001864590323e+00
1.022500000000000142e+01 9.770792976899493887e-01 1.000068393882829199e+00 1.000404944684166741e+00 1.081973811406284902e+00
1.027500000000000036e+01 9.882894411074334418e-01 1.006284485938097051e+00 1.000904649890489662e+00 1.285763153052752017e+00
1.032500000000000107e+01 9.869951989068043163e-01 1.000990773849430582e+00 1.001142055626783378e+00 1.362697640064167715e+00
1.037500000000000000e+01 9.875052107407051860e-01 1.002621779617314690e+00 1.001392763296647948e+00 1.261096854689703006e+00
1.042500000000000071e+01 9.845964404097936606e-01 1.002329365784558668e+00 1.001770414335118486e+00 1.298332812424865645e+00
1.047500000000000142e+01 9.908246494403540883e-01 1.003499842923003316e+00 1.002275427914218975e+00 1.144891192139988245e+00
1.052500000000000036e+01 9.942352989255192064e-01 1.000867547281488745e+00 1.002331027588083012e+00 1.187785159375417621e+00
1.057500000000000107e+01 9.958442997914414008e-01 1.000071468568222155e+00 1.002470434764056728e+00 1.267085855004827621e+00
1.062500000000000000e+01 9.965352254980057722e-01 1.000253325658763348e+00 1.002946812345433036e+00 1.292105729624946520e+00
1.067500000000000071e+01 9.978800897903673528e-01 9.995728642416232823e-01 1.002892248651386042e+00 1.149414750852796763e+00
1.072500000000000142e+01 1.001930957975218917e+00 1.002510671297875078e+00 1.003196244414057858e+00 1.081786468171123339e+00
1.077500000000000036e+01 1.000304990551932338e+00 9.986896434247133358e-01 1.002726042057691558e+00 1.071769998694550807e+00
1.082500000000000107e+01 9.980768677123995625e-01 1.001115199859070382e+00 1.003189049539623845e+00 1.341337268764373425e+00
1.087500000000000000e+01 1.007234720652149029e+00 1.000901684143485459e+00 1.002961723256074578e+00 1.183039411395830687e+00
1.092500000000000071e+01 1.006426507327496056e+00 1.001024247675257328e+00 1.002977601010196951e+00 1.202164890295036370e+00
1.097500000000000142e+01 1.008072507821104358e+00 1.002862703054877125e+00 1.002642645646725006e+00 1.235722193127898105e+00
1.102500000000000036e+01 1.006669237757917168e+00 1.003392370688726443e+00 1.002310975166951446e+00 1.253928205848709343e+00
1.107500000000000107e+01 1.004793879324672679e+00 1.005371508872404673e+00 1.002468002983416540e+00 1.198945363780031803e+00
1.112500000000000000e+01 1.005133940327373354e+00 1.004575922767439122e+00 1.001917931193594846e+00 1.053498669185793046e+00
1.117500000000000071e+01 1.004798382721063366e+00 1.007439603002274309e+00 1.001692097898351230e+00 1.215724136658494992e+00
1.122500000000000142e+01 1.004183195818241225e+00 1.004693513933169635e+00 1.001300314283655402e+00 1.209642939089722757e+00
1.127500000000000036e+01 1.005365884694004786e+00 1.008480314014264634e+00 1.001131216222333364e+00 1.334755422968450622e+00
1.132500000000000107e+01 1.007788370802483069e+00 1.007365940647700242e+00 1.000638178739941875e+00 1.220869568218284185e+00
1.137500000000000000e+01 1.008031282838180998e+00 9.999558788551023980e-01 1.000408027856237947e+00 1.067517791495298241e+00
1.142500000000000071e+01 1.003405616385870225e+00 1.003902785377751794e+00 1.000199432852609815e+00 1.172224136821865770e+00
1.147500000000000142e+01 1.001544074554871600e+00 1.003099477847093191e+00 9.995804502427808602e-01 1.293155062719263615e+00
1.152500000000000036e+01 9.993901235930975346e-01 1.003424260259915712e+00 9.994287078691288517e-01 1.250582366713644644e+00
1.157500000000000107e+01 1.003066110996523763e+00 1.001408598528302552e+00 9.988089079808263326e-01 1.208695419185447983e+00
1.162500000000000000e+01 1.001831111814050157e+00 1.007214742502866134e+00 9.989143823011270573e-01 1.123425389237391325e+00
1.167500000000000071e+01 1.005219176284012805e+00 1.004218919082318751e+00 9.988363297870409552e-01 1.188078422972726589e+00
1.172500000000000142e+01 1.000553195316405075e+00 1.008365889397582649e+00 9.982909613191652820e-01 1.203951748651542752e+00
1.177500000000000036e+01 9.958355789418907866e-01 1.005046338791963478e+00 9.983104693200303137e-01 1.090691376185762840e+00
1.182500000000000107e+01 9.965777591065670959e-01 1.005399970339974303e+00 9.980866637908043515e-01 1.013362101134603011e+00
1.187500000000000000e+01 1.007540167705760048e+00 1.004297637811954136e+00 9.980827888488266186e-01 1.110397606863177122e+00
1.192500000000000071e+01 1.003237018077413945e+00 9.993475613043280026e-01 9.979772332530276735e-01 1.247640601054440745e+00
1.197500000000000142e+01 9.971187433263352107e-01 1.004533901616423863e+00 9.978502947769026798e-01 1.166662642505538638e+00
1.202500000000000036e+01 9.962552119066555578e-01 1.003732355055316106e+00 9.980882977805151102e-01 9.964034372113647064e-01
1.207500000000000107e+01 1.002819775941542257e+00 1.004636863096834754e+00 9.977626713047118567e-01 1.065752241643494358e+00
1.212500000000000000e+01 9.959592706385207439e-01 1.002426696411538254e+00 9.980066219437183639e-01 1.048881199255797814e+00
1.217500000000000071e+01 1.000576346242843417e+00 1.000745040922958573e+00 9.981573127284727454e-01 1.060366560723647211e+00
1.222500000000000142e+01 9.956671308348178373e-01 1.002993250953911231e+00 9.981043903719909460e-01 1.067645563848291124e+00
1.227500000000000036e+01 9.986677511474314484e-01 1.001516684630763265e+00 9.983455095060546070e-01 1.074771022838099777e+00
1.232500000000000107e+01 1.003766175548727269e+00 9.998036931061267119e-01 9.985237368091485211e-01 1.085665318101229904e+00
1.237500000000000000e+01 9.989448264654277043e-01 9.962933729629430690e-01 9.986839576530867069e-01 1.045807906405237242e+00
1.242500000000000071e+01 9.998760905907433383e-01 9.976971483719435652e-01 9.988839892745119409e-01 9.834163996352790482e-01
1.247500000000000142e+01 9.962384030751708641e-01 1.000768011494424403e+00 9.991199685609112313e-01 9.946775244982659636e-01
1.252500000000000036e+01 9.989951626032491649e-01 9.998870344670155452e-01 9.991194781554599835e-01 1.096812632461606984e+00
1.257500000000000107e+01 9.995606894575246315e-01 9.984349308518647437e-01 9.997430849421152788e-01 1.001511000352948599e+00
1.262500000000000000e+01 1.001079531269890133e+00 9.959621488508225706e-01 9.998439635643578960e-01 1.012270536910419905e+00
1.267500000000000071e+01 9.969474308617992664e-01 1.000916453888135882e+00 9.999372799721522043e-01 1.115477059689392370e+00
1.272500000000000142e+01 1.002129575051841304e+00 9.984306759335001002e-01 1.000124845266462392e+00 9.523010652588381753e-01
1.277500000000000036e+01 9.940159249144731035e-01 9.963470690824317577e-01 1.000114942272892549e+00 1.003231058198140291e+00
1.282500000000000107e+01 9.978418271940436846e-01 1.001479648908315978e+00 1.000301327687416864e+00 1.031621083151843532e+00
1.287500000000000000e+01 9.971032183639609858e-01 9.967189103832793107e-01 1.000747391853300527e+00 1.027215724065229763e+00
1.292500000000000071e+01 9.986983439578708266e-01 9.951843103021438264e-01 1.000474834091916065e+00 8.589068063186838797e-01
1.297500000000000142e+01 9.985347157037425259e-01 1.000936008680412659e+00 1.000655704584196393e+00 9.619317962508161513e-01
1.302500000000000036e+01 9.939433555991559199e-01 1.001699161348264866e+00 1.000835817338886491e+00 9.861454368776535473e-01
1.307500000000000107e+01 9.988795584908785052e-01 1.000882067908461348e+00 1.000980222213548432e+00 1.006478646402470645e+00
1.312500000000000000e+01 9.947604311762487939e-01 1.002782135275837705e+00 1.000980932643980026e+00 9.677195811653985791e-01
1.317500000000000071e+01 9.983786288434427503e-01 1.001578780215286901e+00 1.000801565316836506e+00 1.097586751329211685e+00
1.322500000000000142e+01 9.898088937352591543e-01 9.990509498702764279e-01 1.001013628994274596e+00 9.531402275524210044e-01
1.327500000000000036e+01 9.967455584564608451e-01 1.004019421233406595e+00 1.001135444442877498e+00 1.047328128589499530e+00
1.332500000000000107e+01 9.960929781112541903e-01 1.002132039087415105e+00 1.000745972321670507e+00 9.288283677937700933e-01
1.337500000000000000e+01 9.995491815253048085e-01 9.981746566262932330e-01 1.000883542340826882e+00 9.418657298311909898e-01
1.342500000000000071e+01 9.947140982004435417e-01 9.991505684011063870e-01 1.000747314478599437e+00 8.919188043030299440e-01
1.347500000000000142e+01 1.000828853740691970e+00 9.997730371731707866e-01 1.000773518459967093e+00 9.049856293039052479e-01
1.352500000000000036e+01 9.998675430402316211e-01 1.004033603557319632e+00 1.000743405188193158e+00 9.666562293555707175e-01
1.357500000000000107e+01 9.959208754347727011e-01 1.000566770168648922e+00 1.000637279213622666e+00 9.595484951051634903e-01
1.362500000000000000e+01 9.943206549559463481e-01 1.002970295983756754e+00 1.000746853962340088e+00 9.557260015897351968e-01
1.367500000000000071e+01 9.958563196406243767e-01 1.004984058065699015e+00 1.000433229389118717e+00 1.002873248656621863e+00
1.372500000000000142e+01 9.976845971423022874e-01 1.002159964744620879e+00 1.000331903501887387e+00 9.766162352517262502e-01
1.377500000000000036e+01 9.925007897405895285e-01 1.003416735869192777e+00 1.000288895287034574e+00 9.726770048482309416e-01
1.382500000000000107e+01 9.981748347750166728e-01 1.003467242228152090e+00 1.000406604683341527e+00 1.009264281822198850e+00
1.387500000000000000e+01 9.964181778575210702e-01 1.003899184866457794e+00 1.000462585287890338e+00 8.937623090461758180e-01
1.392500000000000071e+01 9.960058173388046665e-01 1.002923505236754442e+00 1.000178610893098341e+00 9.610458553299026097e-01
1.397500000000000142e+01 9.940678776130371652e-01 1.003402392159139067e+00 1.000026602470121651e+00 1.054781852694737454e+00
1.402500000000000036e+01 9.916600247328816176e-01 1.003761191242505513e+00 9.999994900585399416e-01 9.352827542455739440e-01
1.407500000000000107e+01 1.002130095442393065e+00 1.001471926328877160e+00 1.000114931883728353e+00 9.466816016324900440e-01
1.412500000000000000e+01 1.000568517362728116e+00 1.004796986164108841e+00 9.999472756203523494e-01 8.922457103831066272e-01
1.417500000000000071e+01 9.969653938066165288e-01 1.002455989697753402e+00 1.000089480643895357e+00 7.941066912167591418e-01
1.422500000000000142e+01 9.983429349332387792e-01 1.002706352749812568e+00 9.997479495855932097e-01 9.474177592290865535e-01
1.427500000000000036e+01 9.982684805070989320e-01 1.001540802202081082e+00 1.000008724558216988e+00 9.144970451155550739e-01
1.432500000000000107e+01 1.001959908639492358e+00 1.005206525436081355e+00 1.000132994718125889e+00 9.110256247800747609e-01
1.437500000000000000e+01 9.947829100259049095e-01 1.005668111100085138e+00 9.998586291537886472e-01 8.701245961890927694e-01
1.442500000000000071e+01 9.988401164023983370e-01 1.000957454871382657e+00 1.000013442376254114e+00 9.728311884523058728e-01
1.447500000000000142e+01 1.000584175804946740e+00 1.006281454273256326e+00 9.998163474764714120e-01 8.837175080520105475e-01
1.452500000000000036e+01 9.974493157625883288e-01 1.002317276146939440e+00 1.000049421805144334e+00 9.086859384122217831e-01
1.457500000000000107e+01 9.998383062098243901e-01 1.000679109396038990e+00 9.998718038087631710e-01 7.875523177543577447e-01
1.462500000000000000e+01 1.001664760339574967e+00 9.990649279469325794e-01 1.000022646075778399e+00 8.990855062350151528e-01
1.467500000000000071e+01 1.004703813759143971e+00 1.001245285595792067e+00 1.000089578737842766e+00 8.819108586005209860e-01
1.472500000000000142e+01 9.976122101439461876e-01 1.000769958102091239e+00 9.999093921533310780e-01 8.210144691177325704e-01
1.477500000000000036e+01 1.001229954063545646e+00 9.988844634217396434e-01 1.000040844854444000e+00 8.591041304289067648e-01
1.482500000000000107e+01 1.003297192568090690e+00 1.001444271442612610e+00 1.000015853463402049e+00 9.264605627390540832e-01
1.487500000000000000e+01 1.003715741642255077e+00 9.993566971315815950e-01 1.000099499842346029e+00 8.664273657017712571e-01
1.492500000000000071e+01 9.985521555926993864e-01 1.000912211356288273e+00 1.000017934643006923e+00 8.339041882669852024e-01
1.497500000000000142e+01 1.003035342180692568e+00 1.001572463940094249e+00 9.999340403106242725e-01 7.911755275831167111e-01
1.502500000000000036e+01 1.003180216161560168e+00 1.002745059908164427e+00 9.999090121019428290e-01 8.808617492979681218e-01
1.507500000000000107e+01 1.000985159840153571e+00 1.001852328554151850e+00 1.000022513492883514e+00 8.933671645723970656e-01
1.512500000000000000e+01 1.006401813288589242e+00 1.003156430428655099e+00 1.000106468024363870e+00 8.900729254992204575e-01
1.517500000000000071e+01 1.000442642875147614e+00 1.002816068001026739e+00 1.000129981603554263e+00 1.008317863935525915e+00
1.522500000000000142e+01 9.977556499077642194e-01 9.992941675344426677e-01 9.999044787270648937e-01 9.451994768241350764e-01
1.527500000000000036e+01 1.002665963261546445e+00 1.001096674238215245e+00 1.000004030600903926e+00 8.879879351533258580e-01
1.532500000000000107e+01 9.993687050190021015e-01 1.002040664734413555e+00 9.997372225141728519e-01 8.619224888423681064e-01
1.537500000000000000e+01 9.994730279118335670e-01 1.001938741945655353e+00 1.000074571466315732e+00 9.671442175562301458e-01
1.542500000000000071e+01 9.997701971771896234e-01 1.000118017313865959e+00 9.997059980877900376e-01 9.183452529509650297e-01
1.547500000000000142e+01 9.992570377420718630e-01 1.001258395983802618e+00 9.986317487872133913e-01 9.323097399366973015e-01
1.552500000000000036e+01 9.974403091424197676e-01 9.960026695045823830e-01 9.952128767267732767e-01 9.287843708364903472e-01
1.557500000000000107e+01 9.873797037584877145e-01 9.872938019696944068e-01 9.886586095900425919e-01 8.123854883024097528e-01
1.562500000000000000e+01 9.759786798101052208e-01 9.810096234510961022e-01 9.801235725840368174e-01 8.779155166052937664e-01
1.567500000000000071e+01 9.699125097104994708e-01 9.713639594507189612e-01 9.707567252188341600e-01 8.699005955572165494e-01
1.572500000000000142e+01 9.627142135922527322e-01 9.623747227330720078e-01 9.613543721209899529e-01 8.884548016855188246e-01
1.577500000000000036e+01 9.492139328679750632e-01 9.531304517695011747e-01 9.519315424110520452e-01 8.924016800667295968e-01
1.582500000000000107e+01 9.402154288709192453e-01 9.453696390706566310e-01 9.426362244633099685e-01 7.655238396288964742e-01
1.587500000000000000e+01 9.304702482265192476e-01 9.351077396505061978e-01 9.334841404369973450e-01 7.205475722445356945e-01
1.592500000000000071e+01 9.221574908158504114e-01 9.234393019827625837e-01 9.241211973518859146e-01 8.146309064442137648e-01
1.597500000000000142e+01 9.130532168595189013e-01 9.144273343052358172e-01 9.150488086653881803e-01 7.232197082720975834e-01
1.602499999999999858e+01 9.032608069545616791e-01 9.063999628391008478e-01 9.058833699925772365e-01 7.233505435570412034e-01
1.607500000000000284e+01 8.934663890315716062e-01 8.976505094761524362e-01 8.967745168588455718e-01 7.833705678179975207e-01
1.612500000000000000e+01 8.877875622001145661e-01 8.882432253716759929e-01 8.879000262821972189e-01 7.533325801192553017e-01
1.617500000000000071e+01 8.784661454430365835e-01 8.806439237132033249e-01 8.790172303000165499e-01 7.350286115609607762e-01
1.622500000000000142e+01 8.685233942032029031e-01 8.718004910617501713e-01 8.701221470518534229e-01 7.712146506311868821e-01
1.627499999999999858e+01 8.596166260769005918e-01 8.629747669309012492e-01 8.614690161323951267e-01 7.440057715356220847e-01
1.632500000000000284e+01 8.518569641026259021e-01 8.535302330256470116e-01 8.525266559205056938e-01 6.567971473540756833e-01
1.637500000000000000e+01 8.426704836824727707e-01 8.446799293652177409e-01 8.439220863543127615e-01 7.127426123327441632e-01
1.642500000000000071e+01 8.369961615216062745e-01 8.366011292410634459e-01 8.352700867302903509e-01 6.907547698877904985e-01
1.647500000000000142e+01 8.234740755177875071e-01 8.273149101862645738e-01 8.267843617208540108e-01 6.777943532606571786e-01
1.652499999999999858e+01 8.182891120070707736e-01 8.200834622358949000e-01 8.180336383953906720e-01 6.955014860205359639e-01
1.657500000000000284e+01 8.087393716250005360e-01 8.099247870379014946e-01 8.094751440186503944e-01 6.674733951983733427e-01
1.662500000000000000e+01 7.992076833603681818e-01 8.022363559858201043e-01 8.011980511852943021e-01 7.194713064729362229e-01
1.667500000000000071e+01 7.904393780996504804e-01 7.965910655523271711e-01 7.929677751728733126e-01 6.252324177450668818e-01
1.672500000000000142e+01 7.835706432352977924e-01 7.855756182884768846e-01 7.844219105202969722e-01 6.363986633763616396e-01
1.677499999999999858e+01 7.732405555981683998e-01 7.773430035205716182e-01 7.762841699632418990e-01 6.410736052027674603e-01
1.682500000000000284e+01 7.670069034687907461e-01 7.691185143644179156e-01 7.681181996953595492e-01 6.015146575192744649e-01
1.687500000000000000e+01 7.609797980983200594e-01 7.591587520781548637e-01 7.597583215492166309e-01 5.645033587194316915e-01
1.692500000000000071e+01 7.503880184370570472e-01 7.544534048065330012e-01 7.516058053397173255e-01 6.131334248442873447e-01
1.697500000000000142e+01 7.403993968478794763e-01 7.441846613872145078e-01 7.435558446465796445e-01 6.446520394500707685e-01
1.702499999999999858e+01 7.350627190416888501e-01 7.356789412531720140e-01 7.353583331609815366e-01 5.422755461051536052e-01
1.707500000000000284e+01 7.270067249595800751e-01 7.270945336231605660e-01 7.274447472465106479e-01 5.554408486950187518e-01
1.712500000000000000e+01 7.224752884301139932e-01 7.193163673888484100e-01 7.194592821739518307e-01 5.948353888758413088e-01
1.717500000000000071e+01 7.116788891588753385e-01 7.122500826950574071e-01 7.115057549485089838e-01 5.933954050796624857e-01
1.722500000000000142e+01 7.034837374718825309e-01 7.062408761673047985e-01 7.036706610408460794e-01 5.999886971843276795e-01
1.727499999999999858e+01 6.952437199448590066e-01 6.985195954173325505e-01 6.958286931476818094e-01 6.025057202722289285e-01
1.732500000000000284e+01 6.871464759019660917e-01 6.887452198026910999e-01 6.879682699380031963e-01 5.772139889714629213e-01
1.737500000000000000e+01 6.765117686689473553e-01 6.809037545735444619e-01 6.803714624479969553e-01 5.778409834068004569e-01
1.742500000000000071e+01 6.695250100518168601e-01 6.735290694653869314e-01 6.726792206003935348e-01 5.706078792109988695e-01
1.747500000000000142e+01 6.647672320345341390e-01 6.648627647366343041e-01 6.649758598587449665e-01 5.459011548581377271e-01
1.752499999999999858e+01 6.548652462612526426e-01 6.595332455537541438e-01 6.573293373097131020e-01 4.865730159542659417e-01
1.757500000000000284e+01 6.497874544774265848e-01 6.514817476532019924e-01 6.497456734775652887e-01 5.512717272716441963e-01
1.762500000000000000e+01 6.374812367094352394e-01 6.434725368686416980e-01 6.423938115163684293e-01 5.385653693976467649e-01
1.767500000000000071e+01 6.340206847218520236e-01 6.340645175354185925e-01 6.347668564245203537e-01 5.431457333257018183e-01
1.772500000000000142e+01 6.268064840757512357e-01 6.273522549545517135e-01 6.274003661735482185e-01 4.491239523462580707e-01
1.777499999999999858e+01 6.188266382803462307e-01 6.217926705360778961e-01 6.197995722358872195e-01 5.106701024798531163e-01
1.782500000000000284e+01 6.123542005581055214e-01 6.134222863567728723e-01 6.125693242809655548e-01 4.722063530950653121e-01
1.787500000000000000e+01 6.051953232717883768e-01 6.070530995838891997e-01 6.053003947769908244e-01 5.608732898117784194e-01
1.792500000000000071e+01 5.990442919763798724e-01 6.000634340381673093e-01 5.979525054684282637e-01 5.040120741930529391e-01
1.797500000000000142e+01 5.902692814421367506e-01 5.922833429556267903e-01 5.906479471189677311e-01 4.459312774607345209e-01
1.802499999999999858e+01 5.824618733842412688e-01 5.830409378351824046e-01 5.836041989575636579e-01 5.204250128710807832e-01
1.807500000000000284e+01 5.758943657233206448e-01 5.786388372525448354e-01 5.763909583473004750e-01 4.574119215373698144e-01
1.812500000000000000e+01 5.697999458676282769e-01 5.696857698501803791e-01 5.692875021535096502e-01 3.987099021986940661e-01
1.817500000000000071e+01 5.629238808092860147e-01 5.641008218714085309e-01 5.621568829182166382e-01 4.650088729365976503e-01
1.822500000000000142e+01 5.569785695850472118e-01 5.560088357127288550e-01 5.551127084055359484e-01 4.803857260283611597e-01
1.827499999999999858e+01 5.491217179171996587e-01 5.486261303524138100e-01 5.481669239064127508e-01 4.492376486547878800e-01
1.832500000000000284e+01 5.434768670452889694e-01 5.424414501246391795e-01 5.412641030749966164e-01 4.485624673362762493e-01
1.837500000000000000e+01 5.332899812907481163e-01 5.344767080835765016e-01 5.343575910429982923e-01 3.526676947484049807e-01
1.842500000000000071e+01 5.258432044666235816e-01 5.272900738799821685e-01 5.275282443694508938e-01 4.226612468114232524e-01
1.847500000000000142e+01 5.211274361827966661e-01 5.214082686812081535e-01 5.205581032377560868e-01 4.500297179514041734e-01
1.852499999999999858e+01 5.115797867936039411e-01 5.137033019628118868e-01 5.137884854553022018e-01 3.556540928820548508e-01
1.857500000000000284e+01 5.056612168024675613e-01 5.075576189225395884e-01 5.070546081822216999e-01 4.055090975586264079e-01
1.862500000000000000e+01 5.017553456090615427e-01 5.026049231481131141e-01 5.004240043995017428e-01 3.981858364847654652e-01
1.867500000000000071e+01 4.961734444470734529e-01 4.947018896721466774e-01 4.937063948168894933e-01 3.653279835665164121e-01
1.872500000000000142e+01 4.855769906957538851e-01 4.866993920849143618e-01 4.869093779327043903e-01 3.531913599778881419e-01
1.877499999999999858e+01 4.788121682906796850e-01 4.795907988132485644e-01 4.802970859463539521e-01 3.817147464220482234e-01
1.882500000000000284e+01 4.723037948718860624e-01 4.746844159362254012e-01 4.737860431324312782e-01 3.746496099842440697e-01
1.887500000000000000e+01 4.696276965157322736e-01 4.688623079846519492e-01 4.671998640412973747e-01 3.509423395783352606e-01
1.892500000000000071e+01 4.588643769070809841e-01 4.607594391079318230e-01 4.606467194783570029e-01 3.324670527808553655e-01
1.897500000000000142e+01 4.515414631320564531e-01 4.547361915761478079e-01 4.542234343536989405e-01 3.059134379694085082e-01
1.902499999999999858e+01 4.481250120241032087e-01 4.495511454644659510e-01 4.477041200746381677e-01 3.322709976392966280e-01
1.907500000000000284e+01 4.417993464404278425e-01 4.427925768229809544e-01 4.413956989219933735e-01 3.108958363840047534e-01
1.912500000000000000e+01 4.349443740138260184e-01 4.350876159504338259e-01 4.350580495125185854e-01 3.288053544860252142e-01
1.917500000000000426e+01 4.319503717196750969e-01 4.283588276701532638e-01 4.286672017228092546e-01 2.817532302149659551e-01
1.922500000000000142e+01 4.225864790588002018e-01 4.226444700064632132e-01 4.222287393461058858e-01 2.786787207137885747e-01
1.927499999999999858e+01 4.151823385959250157e-01 4.171598399500421328e-01 4.160529455859244830e-01 2.628121734807192800e-01
1.932500000000000284e+01 4.089873500881377466e-01 4.089841616250394218e-01 4.097250584182762778e-01 2.742078264578887148e-01
1.937500000000000000e+01 4.022226358023555104e-01 4.051773796589669407e-01 4.035084299421868859e-01 2.838964843443043118e-01
1.942500000000000426e+01 3.982833161994835391e-01 3.983038283740758523e-01 3.973242489642450637e-01 3.187276359729643849e-01
1.947500000000000142e+01 3.921814220578692112e-01 3.901627003916171565e-01 3.911856679738902609e-01 2.762791704979505880e-01
1.952499999999999858e+01 3.837753788762616192e-01 3.860789432048194469e-01 3.850935986389290577e-01 2.483164259258944240e-01
1.957500000000000284e+01 3.775600143406512288e-01 3.793142212254995149e-01 3.790382653711358296e-01 2.423881966663714305e-01
1.962500000000000000e+01 3.728560395854259579e-01 3.734140962293601151e-01 3.730081401652319273e-01 2.751636637680799913e-01
1.967500000000000426e+01 3.687455539399098203e-01 3.671537070955284698e-01 3.668969691148146750e-01 2.322404574894533225e-01
1.972500000000000142e+01 3.608524505636713231e-01 3.617614065108284982e-01 3.608416349060375450e-01 2.478970764974164076e-01
1.977499999999999858e+01 3.554490462528969719e-01 3.565559040837653071e-01 3.549543127750083849e-01 2.161950646262865428e-01
1.982500000000000284e+01 3.487169978456459152e-01 3.488412139420453695e-01 3.489282076247774422e-01 2.363135492477075050e-01
1.987500000000000000e+01 3.426811405625589946e-01 3.430157430133194407e-01 3.430426679600779294e-01 2.441693559603032859e-01
1.992500000000000426e+01 3.350007829988210228e-01 3.375037210195612203e-01 3.371598062380032346e-01 2.099528597385441342e-01
1.997500000000000142e+01 3.309025066496468215e-01 3.335913879491718692e-01 3.313468316009909320e-01 1.939814478014704469e-01
