# r (Angstroms), cation-water g(r), anion-water g(r), water-water g(r), cation-anion g(r)
2.500000000000000139e-02 0.000000000000000000e+00 0.000000000000000000e+00 6.097828084069902980e+04 0.000000000000000000e+00
7.500000000000001110e-02 0.000000000000000000e+00 0.000000000000000000e+00 0.000000000000000000e+00 0.000000000000000000e+00
1.250000000000000000e-01 0.000000000000000000e+00 0.000000000000000000e+00 0.000000000000000000e+00 0.000000000000000000e+00
1.750000000000000167e-01 0.000000000000000000e+00 0.000000000000000000e+00 0.000000000000000000e+00 0.000000000000000000e+00
2.250000000000000056e-01 0.000000000000000000e+00 0.000000000000000000e+00 0.000000000000000000e+00 0.000000000000000000e+00
2.750000000000000222e-01 0.000000000000000000e+00 0.000000000000000000e+00 0.000000000000000000e+00 0.000000000000000000e+00
3.250000000000000666e-01 0.000000000000000000e+00 0.000000000000000000e+00 0.000000000000000000e+00 0.000000000000000000e+00
3.750000000000000000e-01 0.000000000000000000e+00 0.000000000000000000e+00 0.000000000000000000e+00 0.000000000000000000e+00
4.250000000000000444e-01 0.000000000000000000e+00 0.000000000000000000e+00 0.000000000000000000e+00 0.000000000000000000e+00
4.749999999999999778e-01 0.000000000000000000e+00 0.000000000000000000e+00 0.000000000000000000e+00 0.000000000000000000e+00
5.250000000000000222e-01 0.000000000000000000e+00 0.000000000000000000e+00 0.000000000000000000e+00 0.000000000000000000e+00
5.750000000000000666e-01 0.000000000000000000e+00 0.000000000000000000e+00 0.000000000000000000e+00 0.000000000000000000e+00
6.250000000000000000e-01 0.000000000000000000e+00 0.000000000000000000e+00 0.000000000000000000e+00 0.000000000000000000e+00
6.750000000000000444e-01 0.000000000000000000e+00 0.000000000000000000e+00 0.000000000000000000e+00 0.000000000000000000e+00
7.250000000000000888e-01 0.000000000000000000e+00 0.000000000000000000e+00 0.000000000000000000e+00 0.000000000000000000e+00
7.750000000000000222e-01 0.000000000000000000e+00 0.000000000000000000e+00 0.000000000000000000e+00 0.000000000000000000e+00
8.250000000000000666e-01 0.000000000000000000e+00 0.000000000000000000e+00 0.000000000000000000e+00 0.000000000000000000e+00
8.750000000000000000e-01 0.000000000000000000e+00 0.000000000000000000e+00 0.000000000000000000e+00 0.000000000000000000e+00
9.250000000000000444e-01 0.000000000000000000e+00 0.000000000000000000e+00 0.000000000000000000e+00 0.000000000000000000e+00
9.750000000000000888e-01 0.000000000000000000e+00 0.000000000000000000e+00 0.000000000000000000e+00 0.000000000000000000e+00
1.024999999999999911e+00 0.000000000000000000e+00 0.000000000000000000e+00 0.000000000000000000e+00 0.000000000000000000e+00
1.075000000000000178e+00 0.000000000000000000e+00 0.000000000000000000e+00 0.000000000000000000e+00 0.000000000000000000e+00
1.125000000000000000e+00 0.000000000000000000e+00 0.000000000000000000e+00 0.000000000000000000e+00 0.000000000000000000e+00
1.175000000000000266e+00 0.000000000000000000e+00 0.000000000000000000e+00 0.000000000000000000e+00 0.000000000000000000e+00
1.225000000000000089e+00 0.000000000000000000e+00 0.000000000000000000e+00 0.000000000000000000e+00 0.000000000000000000e+00
1.274999999999999911e+00 0.000000000000000000e+00 0.000000000000000000e+00 0.000000000000000000e+00 0.000000000000000000e+00
1.325000000000000178e+00 0.000000000000000000e+00 0.000000000000000000e+00 0.000000000000000000e+00 0.000000000000000000e+00
1.375000000000000000e+00 0.000000000000000000e+00 0.000000000000000000e+00 0.000000000000000000e+00 0.000000000000000000e+00
1.425000000000000266e+00 0.000000000000000000e+00 0.000000000000000000e+00 0.000000000000000000e+00 0.000000000000000000e+00
1.475000000000000089e+00 0.000000000000000000e+00 0.000000000000000000e+00 0.000000000000000000e+00 0.000000000000000000e+00
1.524999999999999911e+00 0.000000000000000000e+00 0.000000000000000000e+00 0.000000000000000000e+00 0.000000000000000000e+00
1.575000000000000178e+00 0.000000000000000000e+00 0.000000000000000000e+00 0.000000000000000000e+00 0.000000000000000000e+00
1.625000000000000000e+00 0.000000000000000000e+00 0.000000000000000000e+00 0.000000000000000000e+00 0.000000000000000000e+00
1.675000000000000266e+00 0.000000000000000000e+00 0.000000000000000000e+00 0.000000000000000000e+00 0.000000000000000000e+00
1.725000000000000089e+00 0.000000000000000000e+00 0.000000000000000000e+00 0.000000000000000000e+00 0.000000000000000000e+00
1.774999999999999911e+00 0.000000000000000000e+00 0.000000000000000000e+00 0.000000000000000000e+00 0.000000000000000000e+00
1.825000000000000178e+00 0.000000000000000000e+00 0.000000000000000000e+00 0.000000000000000000e+00 0.000000000000000000e+00
1.875000000000000000e+00 0.000000000000000000e+00 0.000000000000000000e+00 0.000000000000000000e+00 0.000000000000000000e+00
1.925000000000000266e+00 0.000000000000000000e+00 0.000000000000000000e+00 0.000000000000000000e+00 0.000000000000000000e+00
1.975000000000000089e+00 0.000000000000000000e+00 0.000000000000000000e+00 0.000000000000000000e+00 0.000000000000000000e+00
2.025000000000000355e+00 0.000000000000000000e+00 0.000000000000000000e+00 0.000000000000000000e+00 0.000000000000000000e+00
2.075000000000000178e+00 3.146905726293541122e-03 0.000000000000000000e+00 0.000000000000000000e+00 0.000000000000000000e+00
2.125000000000000000e+00 8.351091802013865806e-02 0.000000000000000000e+00 0.000000000000000000e+00 0.000000000000000000e+00
2.174999999999999822e+00 7.624003964018458701e-01 0.000000000000000000e+00 0.000000000000000000e+00 0.000000000000000000e+00
2.225000000000000089e+00 2.900980898927917995e+00 0.000000000000000000e+00 0.000000000000000000e+00 0.000000000000000000e+00
2.275000000000000355e+00 5.974995788754470460e+00 0.000000000000000000e+00 0.000000000000000000e+00 0.000000000000000000e+00
2.325000000000000178e+00 8.028527269903761976e+00 0.000000000000000000e+00 0.000000000000000000e+00 0.000000000000000000e+00
2.375000000000000000e+00 7.974146144283159821e+00 0.000000000000000000e+00 9.008011830269559673e-06 0.000000000000000000e+00
2.425000000000000266e+00 6.549725771636551563e+00 0.000000000000000000e+00 7.891556180469565382e-04 0.000000000000000000e+00
2.475000000000000089e+00 4.746871059431261308e+00 0.000000000000000000e+00 1.658065673469890158e-02 0.000000000000000000e+00
2.525000000000000355e+00 3.235198613989834104e+00 0.000000000000000000e+00 1.358759713493460086e-01 0.000000000000000000e+00
2.575000000000000178e+00 2.132982676350176021e+00 0.000000000000000000e+00 5.585864865163802095e-01 0.000000000000000000e+00
2.625000000000000000e+00 1.397534599072284056e+00 0.000000000000000000e+00 1.355635835279014767e+00 0.000000000000000000e+00
2.675000000000000266e+00 9.300783511988571783e-01 0.000000000000000000e+00 2.239782339951304824e+00 2.801134970048774317e-04
2.725000000000000089e+00 6.261151283370752774e-01 0.000000000000000000e+00 2.804962175575819838e+00 1.025729039991845823e-02
2.775000000000000355e+00 4.400752392790587830e-01 0.000000000000000000e+00 2.909400877800010221e+00 8.511464276607957902e-02
2.825000000000000178e+00 3.216968634079544476e-01 0.000000000000000000e+00 2.660538194879245921e+00 4.161678427670372771e-01
2.875000000000000000e+00 2.436307616386388375e-01 0.000000000000000000e+00 2.270402223817341802e+00 1.222430861221321718e+00
2.925000000000000266e+00 1.932367848865245707e-01 0.000000000000000000e+00 1.883448920119333847e+00 2.443287672220296525e+00
2.975000000000000089e+00 1.606966655299357227e-01 0.000000000000000000e+00 1.571736930930631049e+00 3.669714889242576827e+00
3.025000000000000355e+00 1.408558771580947222e-01 7.118966802693556936e-06 1.348583505173792663e+00 4.444206691072294824e+00
3.075000000000000178e+00 1.291751803236182439e-01 2.755737180237189044e-05 1.203653606874464765e+00 4.507750087518755500e+00
3.125000000000000000e+00 1.205120046933346317e-01 8.605141484246744011e-04 1.113370327411967509e+00 4.028458244753985618e+00
3.175000000000000266e+00 1.209079801730743725e-01 1.112146626819139617e-02 1.058783298477386170e+00 3.353987270582442282e+00
3.225000000000000089e+00 1.252678062020330385e-01 6.859665067623328671e-02 1.026969276127445152e+00 2.676876658686520916e+00
3.275000000000000355e+00 1.318154569119398822e-01 2.684412092611122569e-01 1.009028130067993523e+00 2.015689455555146115e+00
3.325000000000000178e+00 1.443912369903956605e-01 7.053752038913386757e-01 9.962175730992050005e-01 1.516591838305727080e+00
3.375000000000000000e+00 1.640388396844703056e-01 1.374745330760124506e+00 9.898613037449586205e-01 1.136942486116260254e+00
3.425000000000000266e+00 1.863677237259570296e-01 2.113829814224989168e+00 9.839513324141395678e-01 8.654556896231523355e-01
3.475000000000000089e+00 2.176565550585121134e-01 2.696023874616505278e+00 9.785603941760391278e-01 6.725840724767191414e-01
3.525000000000000355e+00 2.557948570381801123e-01 2.985912538631758650e+00 9.747466686414204551e-01 5.008761269676464956e-01
3.575000000000000178e+00 2.987887599183269849e-01 2.988983463792318496e+00 9.706887604939382630e-01 4.134095326586934571e-01
3.625000000000000000e+00 3.531608233358404791e-01 2.762069713637149260e+00 9.672991617131972975e-01 3.049187559745666909e-01
3.675000000000000266e+00 4.150178000444189053e-01 2.438240427984632142e+00 9.655609404206763058e-01 2.577939284310723500e-01
3.725000000000000089e+00 4.825754001205842525e-01 2.093080246767259567e+00 9.652980531322831181e-01 2.351741473073850619e-01
3.775000000000000355e+00 5.595149223554950479e-01 1.781215604466642288e+00 9.652305073754438025e-01 1.855234393188671949e-01
3.825000000000000178e+00 6.461803919768142057e-01 1.522098871441933010e+00 9.670752149509572737e-01 1.727588385864723686e-01
3.875000000000000000e+00 7.356774405207893164e-01 1.321407251235594105e+00 9.720113779460576309e-01 1.573832894146527661e-01
3.925000000000000266e+00 8.247339634001082942e-01 1.165919493324385714e+00 9.754170858039689085e-01 1.428602471716022004e-01
3.975000000000000089e+00 9.195853847312684959e-01 1.057634921698269892e+00 9.826013455108751904e-01 1.373860751268229097e-01
4.025000000000000355e+00 1.010656556259762029e+00 9.826699976339590137e-01 9.896925328992530746e-01 1.346126250436499860e-01
4.075000000000000178e+00 1.096408351197352360e+00 9.273589683375851322e-01 9.971397580611133238e-01 1.440038227703890616e-01
4.125000000000000000e+00 1.170877808809923204e+00 8.951902288651734096e-01 1.005164860538110494e+00 1.551410777508404060e-01
4.175000000000000711e+00 1.242989168542471212e+00 8.745573857316930599e-01 1.013526788116394517e+00 1.611069356452652923e-01
4.224999999999999645e+00 1.306781030152454726e+00 8.678372223601074076e-01 1.020789554976597513e+00 1.950453385968155262e-01
4.275000000000000355e+00 1.354087888833551467e+00 8.680734225108256430e-01 1.026572568058921053e+00 2.209999186787411363e-01
4.325000000000000178e+00 1.387318815433502328e+00 8.724060828873002604e-01 1.034247587348793296e+00 2.569605010859553618e-01
4.375000000000000000e+00 1.415728013742788782e+00 8.817196993644191849e-01 1.038796041488322608e+00 2.960460146612190480e-01
4.425000000000000711e+00 1.431004923597499534e+00 9.004726361427474179e-01 1.043824895541365594e+00 3.664764805564785233e-01
4.474999999999999645e+00 1.437617822620716801e+00 9.162852453499116256e-01 1.048001704792057565e+00 4.491172379314131713e-01
4.525000000000000355e+00 1.432143474002612882e+00 9.342785651341579678e-01 1.052958702755310227e+00 5.308749961006353768e-01
4.575000000000000178e+00 1.418340830860096213e+00 9.595184918238111038e-01 1.055964725274463056e+00 6.424887455994215957e-01
4.625000000000000000e+00 1.393035584773185231e+00 9.802659149677271921e-01 1.056714383215919151e+00 7.718548089196325401e-01
4.675000000000000711e+00 1.372321710781920556e+00 1.004399843116317470e+00 1.054554126954751370e+00 9.123524836493779322e-01
4.724999999999999645e+00 1.338372172646151048e+00 1.029506955469487783e+00 1.048286670889921668e+00 1.082584621406435632e+00
4.775000000000000355e+00 1.294893477072590837e+00 1.046136376792367706e+00 1.038603021750280408e+00 1.251589806032042063e+00
4.825000000000001066e+00 1.247835879071129694e+00 1.066288521266449019e+00 1.027678311904431485e+00 1.421142316192762323e+00
4.875000000000000000e+00 1.193887984136623448e+00 1.086790543358845396e+00 1.014304495010830420e+00 1.578282069742509064e+00
4.925000000000000711e+00 1.141365644391364231e+00 1.100617836739841815e+00 1.000107871489912092e+00 1.740762473745810279e+00
4.974999999999999645e+00 1.093685015193765153e+00 1.114725315366697611e+00 9.872982800568521622e-01 1.853503012097167391e+00
5.025000000000000355e+00 1.044813296890762189e+00 1.124823556028733851e+00 9.745836359943046423e-01 1.979374219352505238e+00
5.075000000000001066e+00 1.000703672036351799e+00 1.129308952322772619e+00 9.640013144608140516e-01 2.086018979057256306e+00
5.125000000000000000e+00 9.623591560009076007e-01 1.130142099903637121e+00 9.523735794793675158e-01 2.136938971257398290e+00
5.175000000000000711e+00 9.326827676034110670e-01 1.132892424955869393e+00 9.434600243172983625e-01 2.194717193267949895e+00
5.224999999999999645e+00 9.062775957250864822e-01 1.132186025066738599e+00 9.364065462808226492e-01 2.213412965094075258e+00
5.275000000000000355e+00 8.862778444069553396e-01 1.127798009405184709e+00 9.286212600293554109e-01 2.266090138314139413e+00
5.325000000000001066e+00 8.721430314977035581e-01 1.123186001709857607e+00 9.227583329336959128e-01 2.295837337972949754e+00
5.375000000000000000e+00 8.658396278819920910e-01 1.121584648831432274e+00 9.172325053106455961e-01 2.302721605282454842e+00
5.425000000000000711e+00 8.612352053873547630e-01 1.108469541835862771e+00 9.126835651704251484e-01 2.280562591391608773e+00
5.474999999999999645e+00 8.600961903598787206e-01 1.100625303771399333e+00 9.108889008790780339e-01 2.242977355283624519e+00
5.525000000000000355e+00 8.609997664863788813e-01 1.085459850905805324e+00 9.104929707490463375e-01 2.220753354556737502e+00
5.575000000000001066e+00 8.640110273461570900e-01 1.072580952341526395e+00 9.110684455502789936e-01 2.164201369168804678e+00
5.625000000000000000e+00 8.695858841972541331e-01 1.056074543679257349e+00 9.147165392133912443e-01 2.063941668947856023e+00
5.675000000000000711e+00 8.739996462943607769e-01 1.046053080150166625e+00 9.200025542839534998e-01 1.980556255398996379e+00
5.724999999999999645e+00 8.833426345166646154e-01 1.030333860476271290e+00 9.256232778075400569e-01 1.840128975686298407e+00
5.775000000000000355e+00 8.915448629020010785e-01 1.014212660211205597e+00 9.349105173850633665e-01 1.746558642726843580e+00
5.825000000000001066e+00 8.958019396283324332e-01 1.001299612669650285e+00 9.436241755480830884e-01 1.629214404297415264e+00
5.875000000000000000e+00 9.058553747255252420e-01 9.905288844291868511e-01 9.521507949852167085e-01 1.492249398833227714e+00
5.925000000000000711e+00 9.139012481660172549e-01 9.758227553316920488e-01 9.614838226315021164e-01 1.380154008634167928e+00
5.974999999999999645e+00 9.219115368920308695e-01 9.674641645157765479e-01 9.707915646308180602e-01 1.297356891156362435e+00
6.025000000000000355e+00 9.310188505755221389e-01 9.546013283373692149e-01 9.786624365416377591e-01 1.212026685412166627e+00
6.075000000000001066e+00 9.392896240031347599e-01 9.467032707331817232e-01 9.865067516929276747e-01 1.124158681454302311e+00
6.125000000000000000e+00 9.508468954666685624e-01 9.417496185658505992e-01 9.940071884014425319e-01 1.082584900608587475e+00
6.175000000000000711e+00 9.568050642806187334e-01 9.341168982550088762e-01 1.000716002198858146e+00 1.032269500104030735e+00
6.224999999999999645e+00 9.642285046717616881e-01 9.270423142013722861e-01 1.007457888182627492e+00 9.982182552477043558e-01
6.275000000000000355e+00 9.706826504548816681e-01 9.242494759695808471e-01 1.013102902440701003e+00 9.866499162678080692e-01
6.325000000000001066e+00 9.765703815017078293e-01 9.232704274775634934e-01 1.017406830405392926e+00 9.580353461638715373e-01
6.375000000000000000e+00 9.833376662062542906e-01 9.224855713378060651e-01 1.022749315773263223e+00 9.557418412347175041e-01
6.425000000000000711e+00 9.878736680072196519e-01 9.246683872294760853e-01 1.027140074936834013e+00 9.470910904822875676e-01
6.474999999999999645e+00 9.903286676734334160e-01 9.294910714495127069e-01 1.030191681414358795e+00 9.544652249023396484e-01
6.525000000000000355e+00 9.916103814792781579e-01 9.340701509111362100e-01 1.033964266224077555e+00 9.456372110765459693e-01
6.575000000000001066e+00 9.919958156290932250e-01 9.399550752819418875e-01 1.036499215343986924e+00 9.577383324482472426e-01
6.625000000000000000e+00 9.932229342003177086e-01 9.501770399152560387e-01 1.039331584977176925e+00 9.733409843326676913e-01
6.675000000000000711e+00 9.907404600074047885e-01 9.563770429474937051e-01 1.040668327948780725e+00 9.780683320944660863e-01
6.724999999999999645e+00 9.919999703385952161e-01 9.658591142698484955e-01 1.042178069537397889e+00 1.005816428382255046e+00
6.775000000000000355e+00 9.890157386364283321e-01 9.745706739996621293e-01 1.042286597989446006e+00 1.012947138819565662e+00
6.825000000000001066e+00 9.876162633044326400e-01 9.848681608872252857e-01 1.042236728811486435e+00 1.026173393511771836e+00
6.875000000000000000e+00 9.862202636747898765e-01 9.936738790255845721e-01 1.041212191482985716e+00 1.037127998515222860e+00
6.925000000000000711e+00 9.827958212933669557e-01 1.000933533003707687e+00 1.039850994242561333e+00 1.056479700397688015e+00
6.974999999999999645e+00 9.804390781270602151e-01 1.009501185992428329e+00 1.037173403637414282e+00 1.067879403672454153e+00
7.025000000000000355e+00 9.792165241269927822e-01 1.016356830163992697e+00 1.035497241851440320e+00 1.082950919560517145e+00
7.075000000000001066e+00 9.761865484998224485e-01 1.023750141094815769e+00 1.031459693586172843e+00 1.093727069713859912e+00
7.125000000000000000e+00 9.751197797968765846e-01 1.030807032675002954e+00 1.027104040809097896e+00 1.109228071431756169e+00
7.175000000000000711e+00 9.723845550400931348e-01 1.038235344711712527e+00 1.023081589756889676e+00 1.118468713025547290e+00
7.224999999999999645e+00 9.706322455627394152e-01 1.043585409212822057e+00 1.018648450940409678e+00 1.130573691223090371e+00
7.275000000000000355e+00 9.701137172232768835e-01 1.048282168229483391e+00 1.014554617783983703e+00 1.131902113866305015e+00
7.325000000000001066e+00 9.690963356039206111e-01 1.054452428366248418e+00 1.010119363976343720e+00 1.142540471975934446e+00
7.375000000000000000e+00 9.674519510601550243e-01 1.056746068627745450e+00 1.005194717146346006e+00 1.149212553101517376e+00
7.425000000000000711e+00 9.700436989170685420e-01 1.061219776229178846e+00 1.001748398193373912e+00 1.146076110204074627e+00
7.474999999999999645e+00 9.705770478836721615e-01 1.063709819932470158e+00 9.976288875122449884e-01 1.141485539860813248e+00
7.525000000000000355e+00 9.708161908692316544e-01 1.064168436908102588e+00 9.944405502401759689e-01 1.166755952236393945e+00
7.575000000000001066e+00 9.723972164403490437e-01 1.065705279529789218e+00 9.911582700136806201e-01 1.164294148414343644e+00
7.625000000000000000e+00 9.748820025636736331e-01 1.064666704111052242e+00 9.884833170497117072e-01 1.157935088208994934e+00
7.675000000000000711e+00 9.777151585589314298e-01 1.060569844916700033e+00 9.868920283842221863e-01 1.151982648961311861e+00
7.724999999999999645e+00 9.823944950444838398e-01 1.060764364560131234e+00 9.847852067163739287e-01 1.146657811414189432e+00
7.775000000000000355e+00 9.851724593168917909e-01 1.055410063254030861e+00 9.838513809076596672e-01 1.136068899290456180e+00
7.825000000000001066e+00 9.891878385298249476e-01 1.052967490014653729e+00 9.821528572193982676e-01 1.122251598669052886e+00
7.875000000000000000e+00 9.921786241727622579e-01 1.046576132825535410e+00 9.823283945263696637e-01 1.136715254229768268e+00
7.925000000000000711e+00 9.964198389479245188e-01 1.042438893768782737e+00 9.824308325073606296e-01 1.115651167879618377e+00
7.974999999999999645e+00 9.996586319030145162e-01 1.036788449701375514e+00 9.821725925965539838e-01 1.109175009099645948e+00
8.025000000000000355e+00 1.005235084998184369e+00 1.030293130729120543e+00 9.833674083667591770e-01 1.101185777938513688e+00
8.074999999999999289e+00 1.006645916981251165e+00 1.026392319350791338e+00 9.838186062843033985e-01 1.078153799928982970e+00
8.125000000000000000e+00 1.008692013272149079e+00 1.018530417485405515e+00 9.848071999607266314e-01 1.060734977826136571e+00
8.175000000000000711e+00 1.012046774400718885e+00 1.013499176958744252e+00 9.858263170766501382e-01 1.054967631925349814e+00
8.225000000000001421e+00 1.014586035800490338e+00 1.008194925980538059e+00 9.872201981334984833e-01 1.048432081125663773e+00
8.275000000000000355e+00 1.016620137704965954e+00 1.002942579872922346e+00 9.884028897143466441e-01 1.036444513746128004e+00
8.324999999999999289e+00 1.019508937853469188e+00 9.979021544090650453e-01 9.898682556513432873e-01 1.023945388618556107e+00
8.375000000000000000e+00 1.020137970825542473e+00 9.926919825320065227e-01 9.911526304732765080e-01 1.023415303158404788e+00
8.425000000000000711e+00 1.019264172036816074e+00 9.885682484635303080e-01 9.932113671309227287e-01 1.020679452649591701e+00
8.475000000000001421e+00 1.018683663093240543e+00 9.872740944499085458e-01 9.942164244936579909e-01 1.021955343450680065e+00
8.525000000000000355e+00 1.018495690799978481e+00 9.841951742699444061e-01 9.957797510892358872e-01 1.008044561475512246e+00
8.574999999999999289e+00 1.016619764418998040e+00 9.826197463804653420e-01 9.965947797218339677e-01 9.929702743202254434e-01
8.625000000000000000e+00 1.018333669084316995e+00 9.808490854799699621e-01 9.978498131408967131e-01 1.001942074579815323e+00
8.675000000000000711e+00 1.014265492320383544e+00 9.809738337737411440e-01 9.987749248896707899e-01 9.944741594193116097e-01
8.725000000000001421e+00 1.013576234585345848e+00 9.805914537008962872e-01 9.991292043482593588e-01 1.001566676538066858e+00
8.775000000000000355e+00 1.009289406360482255e+00 9.809958579997676287e-01 1.000094506526955751e+00 1.006533128391029264e+00
8.824999999999999289e+00 1.007827334131793595e+00 9.817639662213002438e-01 1.000787359908284602e+00 1.009083895421466925e+00
8.875000000000000000e+00 1.006232319107575490e+00 9.813343487020993461e-01 1.001536954248827493e+00 1.013040338008948105e+00
8.925000000000000711e+00 1.003792678632243307e+00 9.830788239414125496e-01 1.001440910269042694e+00 1.004212788700836745e+00
8.975000000000001421e+00 9.999885395986467529e-01 9.847042097869675992e-01 1.001630729595069935e+00 1.003481476815252904e+00
9.025000000000000355e+00 9.987014296436971250e-01 9.853471480897442181e-01 1.001750875877526203e+00 1.005116389416982559e+00
9.074999999999999289e+00 9.961210224390344425e-01 9.906970509669181801e-01 1.002244039182976332e+00 1.002687215699940904e+00
9.125000000000000000e+00 9.929267997305089022e-01 9.909051622080595756e-01 1.001528820446482948e+00 1.009205880610182016e+00
9.175000000000000711e+00 9.932747636635939070e-01 9.926719239563700503e-01 1.001987913949794473e+00 1.007784645740824159e+00
9.225000000000001421e+00 9.909143683581446149e-01 9.934045318614359577e-01 1.001862701747056716e+00 1.008902206247310307e+00
9.275000000000000355e+00 9.888347638159867836e-01 9.957955571633319014e-01 1.001744752316919618e+00 1.000593655737572751e+00
9.324999999999999289e+00 9.883436351510144213e-01 9.959004870795016284e-01 1.000982205919888068e+00 1.005221340178810374e+00
9.375000000000000000e+00 9.870743990816658320e-01 9.984325117994390375e-01 1.001386473483352191e+00 1.000708045585952943e+00
9.425000000000000711e+00 9.862046731809784861e-01 1.000387013103201772e+00 1.001161024626419538e+00 1.004898552699473147e+00
9.475000000000001421e+00 9.855058143199372234e-01 1.000344322589054702e+00 1.000533774979462276e+00 1.003117699214052028e+00
9.525000000000000355e+00 9.859275876133226646e-01 1.002644200217340575e+00 1.000878163802194187e+00 1.004942083384416263e+00
9.575000000000001066e+00 9.866634228170839682e-01 1.001368404633144360e+00 1.000801113506910811e+00 9.961137792800535129e-01
9.625000000000000000e+00 9.868350435471560100e-01 1.004206748273017036e+00 1.000582465269931109e+00 1.001391538115653956e+00
9.675000000000000711e+00 9.880869002519873101e-01 1.003219520675095122e+00 1.000348568057056520e+00 1.004965485193969554e+00
9.725000000000001421e+00 9.885817429215338903e-01 1.004778346414862744e+00 1.000290298169884018e+00 9.919030104373586232e-01
9.775000000000000355e+00 9.878837119767974739e-01 1.004674546403587554e+00 1.000130306963355808e+00 9.953542707891340768e-01
9.825000000000001066e+00 9.909872334916395298e-01 1.004548478687744995e+00 9.998709119943761658e-01 9.943649950518247405e-01
9.875000000000000000e+00 9.913540125233332168e-01 1.005035472020924026e+00 1.000288636873073678e+00 9.896653101419862208e-01
9.925000000000000711e+00 9.912101098534860100e-01 1.005067536980836618e+00 1.000113797766293278e+00 9.973815032886568233e-01
9.975000000000001421e+00 9.934534913919264021e-01 1.004081445827947450e+00 1.000312561581726323e+00 9.886769075549657337e-01
1.002500000000000036e+01 9.955225387640346257e-01 1.003940043102659274e+00 1.000822273649528915e+00 9.876947952407096887e-01
1.007500000000000107e+01 9.945469213859953195e-01 1.002724490305467286e+00 1.000680213596114587e+00 9.807395539537988594e-01
1.012500000000000000e+01 9.974576637956307223e-01 1.004680276352363233e+00 1.001105432638531800e+00 9.811662873330497803e-01
1.017500000000000071e+01 9.995818481381480991e-01 1.003455374488414709e+00 1.001038608030521582e+00 9.902303129441749618e-01
1.022500000000000142e+01 1.000608102107891639e+00 1.004054407606336241e+00 1.000555600625103736e+00 9.891969931588324716e-01
1.027500000000000036e+01 1.001040137564464860e+00 1.002126744445969830e+00 1.001279302145538841e+00 9.905670280982127318e-01
1.032500000000000107e+01 1.001929588741855559e+00 1.001088745422951343e+00 1.001297275788195495e+00 9.752052678509398609e-01
1.037500000000000000e+01 1.002405024007082313e+00 1.000841786494744534e+00 1.001783880689849360e+00 9.764613053927506670e-01
1.042500000000000071e+01 1.004453864537283803e+00 1.001848824662077364e+00 1.001779670623788698e+00 9.740150861943884797e-01
1.047500000000000142e+01 1.004254550965868020e+00 1.000527287978101088e+00 1.001532731714757318e+00 9.738909716658116222e-01
1.052500000000000036e+01 1.005573253027145064e+00 9.989768177237015045e-01 1.001840151102527443e+00 9.771451279488030384e-01
1.057500000000000107e+01 1.006855377530245566e+00 1.001285836980041921e+00 1.001812289921872212e+00 9.790575928612831325e-01
1.062500000000000000e+01 1.004882954021287578e+00 9.996461590849705647e-01 1.001652171812377645e+00 9.745698680723049456e-01
1.067500000000000071e+01 1.005802701729820336e+00 1.000492512289741676e+00 1.001762327274742015e+00 9.714950618680125993e-01
1.072500000000000142e+01 1.006191023280400998e+00 1.001047464320100833e+00 1.001556909991930588e+00 9.766950438124260003e-01
1.077500000000000036e+01 1.005865053462084768e+00 9.997501573956684151e-01 1.001460703902256055e+00 9.755416017980881316e-01
1.082500000000000107e+01 1.004867841527768313e+00 1.000534357995061630e+00 1.001606910457513822e+00 9.803204865423794656e-01
1.087500000000000000e+01 1.004686969329406709e+00 1.000945174836002982e+00 1.001555498258299925e+00 9.774113471564481737e-01
1.092500000000000071e+01 1.006196401367714932e+00 9.999884659846353108e-01 1.001414994846452355e+00 9.706852744910777764e-01
1.097500000000000142e+01 1.004599874496083345e+00 1.000634444745746032e+00 1.001248794304120615e+00 9.772207445929639302e-01
1.102500000000000036e+01 1.004501144991491124e+00 1.000287014803284968e+00 1.001070779776861430e+00 9.774140243405602391e-01
1.107500000000000107e+01 1.005119020508146388e+00 9.998981499764724168e-01 1.000573936696288913e+00 9.793779512112883445e-01
1.112500000000000000e+01 1.003679828687046749e+00 1.001129123574333812e+00 1.000587530347084142e+00 9.786434988152022951e-01
1.117500000000000071e+01 1.002548996715475482e+00 1.002264174101547889e+00 1.000483002499549912e+00 9.796003916947061407e-01
1.122500000000000142e+01 1.002854357757559045e+00 9.997258924110351552e-01 1.000021504208895795e+00 9.794196813721109951e-01
1.127500000000000036e+01 1.002628063979026596e+00 1.001443300576935425e+00 9.997641495505210640e-01 9.777372712758392037e-01
1.132500000000000107e+01 1.002026859345687360e+00 1.001263446493679599e+00 9.993198141340275953e-01 9.888148041665607568e-01
1.137500000000000000e+01 1.000757043339386643e+00 1.000775671751078733e+00 9.993887361535367386e-01 9.796453210731573824e-01
1.142500000000000071e+01 1.000432240162977271e+00 1.002098646550505068e+00 9.989734258895326402e-01 9.798578587026449682e-01
1.147500000000000142e+01 1.001413834440985973e+00 1.000883479861738090e+00 9.987818855260811590e-01 9.886454794439983873e-01
1.152500000000000036e+01 1.000467251569109761e+00 1.002201484067129833e+00 9.986605574816045383e-01 9.866654123350094840e-01
1.157500000000000107e+01 1.001055042827957431e+00 1.001262173558846280e+00 9.985418469020582721e-01 9.863581861685390972e-01
1.162500000000000000e+01 9.992192269211074285e-01 1.001017751054028571e+00 9.984945388334025562e-01 9.809470923849525903e-01
1.167500000000000071e+01 1.000156749218891195e+00 1.001128856328836303e+00 9.984106340828436954e-01 9.870478984438679770e-01
1.172500000000000142e+01 1.000141635662887607e+00 1.000882280893149678e+00 9.980859068271967782e-01 9.819864414224057647e-01
1.177500000000000036e+01 9.987446032693346742e-01 1.000172933777983886e+00 9.983722013276215002e-01 9.876009146543981432e-01
1.182500000000000107e+01 1.000426504858374033e+00 1.001844645539419432e+00 9.984076646628639029e-01 9.743356119545258931e-01
1.187500000000000000e+01 1.000612171214168900e+00 9.988895011040584970e-01 9.981667003243103187e-01 9.815562991402780879e-01
1.192500000000000071e+01 1.001241017903649944e+00 1.000864459781875659e+00 9.986287146488259658e-01 9.859296628767161286e-01
1.197500000000000142e+01 1.000356708706072739e+00 1.001314336063901189e+00 9.983073884317318347e-01 9.805930817944913391e-01
1.202500000000000036e+01 1.001705919275096113e+00 1.000509358152426476e+00 9.991517996405989699e-01 9.827825587932512708e-01
1.207500000000000107e+01 9.996458180358215317e-01 9.999031686430169819e-01 9.988543822626843038e-01 9.881465969340953448e-01
1.212500000000000000e+01 1.001425125183333265e+00 9.974069856427695280e-01 9.988640885294940430e-01 9.856583142953380117e-01
1.217500000000000071e+01 1.001150700140241323e+00 9.986333590061483578e-01 9.989452095814521648e-01 9.764973964130320150e-01
1.222500000000000142e+01 1.000490692020652439e+00 9.982837689250251278e-01 9.990174847655769463e-01 9.861494975748120728e-01
1.227500000000000036e+01 1.001213758824764488e+00 9.993114251856294317e-01 9.992039584672177677e-01 9.856881887532582542e-01
1.232500000000000107e+01 1.002359200057318489e+00 9.990832318999468553e-01 9.996534343350250706e-01 9.845289301169930507e-01
1.237500000000000000e+01 1.002572495885209802e+00 9.994058976043079801e-01 9.995834147047393259e-01 9.833692755927831985e-01
1.242500000000000071e+01 1.001843504339693602e+00 9.990082705671545771e-01 1.000225750077925246e+00 9.806383109772922602e-01
1.247500000000000142e+01 1.001618467418095015e+00 9.981616948905379649e-01 1.000045018487749182e+00 9.796067147136029440e-01
1.252500000000000036e+01 1.002117954550154177e+00 9.981571912840727645e-01 1.000189854327807382e+00 9.864822127557034692e-01
1.257500000000000107e+01 1.002961382857403327e+00 9.986468661295697657e-01 1.000279348171897675e+00 9.810107414685412808e-01
1.262500000000000000e+01 1.001512958079711080e+00 9.982281633114105102e-01 1.000311424947980532e+00 9.874411049165173759e-01
1.267500000000000071e+01 1.002409597620058879e+00 9.990930875352946883e-01 1.000477255057601544e+00 9.809635893216005487e-01
1.272500000000000142e+01 1.001541369443866625e+00 9.982235139484249009e-01 1.000611975640757656e+00 9.819225693815620826e-01
1.277500000000000036e+01 1.003074552598649083e+00 9.985424041025573461e-01 1.000717156795826401e+00 9.832172560199404776e-01
1.282500000000000107e+01 1.000888673143620622e+00 9.982960564293243966e-01 1.000729399106258688e+00 9.802819737149357504e-01
1.287500000000000000e+01 1.001154761212109889e+00 9.985417641289400237e-01 1.001060612360972213e+00 9.860446204615349597e-01
1.292500000000000071e+01 1.000966800160306924e+00 9.985794875430361595e-01 1.000673931262079375e+00 9.867694802822323252e-01
1.297500000000000142e+01 1.001413305581497770e+00 1.000669961808630548e+00 1.000906105989177064e+00 9.829056738317315522e-01
1.302500000000000036e+01 1.000700676090070074e+00 9.991739258685146119e-01 1.000670636434679350e+00 9.850150071262080420e-01
1.307500000000000107e+01 1.001044989856224365e+00 9.994860722268298359e-01 1.000531351075727438e+00 9.813416229053222306e-01
1.312500000000000000e+01 1.001578893893019684e+00 1.001525951142597792e+00 1.001044693978013322e+00 9.846071643837515097e-01
1.317500000000000071e+01 1.000190753296350321e+00 9.987743799678172607e-01 1.000720523458130229e+00 9.786607932263692300e-01
1.322500000000000142e+01 1.001016315518672872e+00 9.997301930873345732e-01 1.001019405117736571e+00 9.845344713312508267e-01
1.327500000000000036e+01 1.001581134706678089e+00 9.994112026210377753e-01 1.000801086633336556e+00 9.940114527384735776e-01
1.332500000000000107e+01 1.000386361056727402e+00 1.000293903330453427e+00 1.000539749158407155e+00 9.895573204237620990e-01
1.337500000000000000e+01 1.001451948976186612e+00 9.997571589285383364e-01 1.000493693416435015e+00 9.804134367735114486e-01
1.342500000000000071e+01 1.000757773116452087e+00 1.000312827865867282e+00 1.000464358651734553e+00 9.893504868217466441e-01
1.347500000000000142e+01 1.000292781556431754e+00 1.000493335578045206e+00 1.000185782936331869e+00 9.842850270598729745e-01
1.352500000000000036e+01 1.000595760061961270e+00 1.000097541062138440e+00 1.000229319809529116e+00 9.903345635007599901e-01
1.357500000000000107e+01 9.995252317719982571e-01 1.000865021536736066e+00 1.000147353781331017e+00 9.835204409771440837e-01
1.362500000000000000e+01 1.000198724637738623e+00 1.001723457935595807e+00 1.000223448477669752e+00 9.827828610849724811e-01
1.367500000000000071e+01 9.997926852377061469e-01 1.000383495876789652e+00 1.000020534008169149e+00 9.877534982484983406e-01
1.372500000000000142e+01 1.000160010843684777e+00 1.001203355357741076e+00 1.000064887357188459e+00 9.813147152782881744e-01
1.377500000000000036e+01 1.000465456231397265e+00 1.000993476090423107e+00 9.999919360554148096e-01 9.884751483143100481e-01
1.382500000000000107e+01 1.000015025251564049e+00 1.001216816861792980e+00 9.999013424456435484e-01 9.861308687241311377e-01
1.387500000000000000e+01 9.994801213580437604e-01 1.001263410539479981e+00 9.999457425623222706e-01 9.862622549206991884e-01
1.392500000000000071e+01 9.990903764514971197e-01 1.001199865242176079e+00 9.999164013976804544e-01 9.833582009859660467e-01
1.397500000000000142e+01 1.000484835263569794e+00 1.000870763785169704e+00 9.999561932432952105e-01 9.821535768764504404e-01
1.402500000000000036e+01 1.001936715549845980e+00 1.000767961653401539e+00 9.999752756018112088e-01 9.799118812128518874e-01
1.407500000000000107e+01 1.001024122668817906e+00 1.001449308588706177e+00 1.000040303942669073e+00 9.835861373848352462e-01
1.412500000000000000e+01 1.001364883086527824e+00 1.001111835645820181e+00 9.998262436326640357e-01 9.836877046952703374e-01
1.417500000000000071e+01 1.002102599312661102e+00 1.001341346131703336e+00 1.000107760964823900e+00 9.845913570195069520e-01
1.422500000000000142e+01 1.001506519373071002e+00 1.001721574142384830e+00 9.996745006309916137e-01 9.876769177321894633e-01
1.427500000000000036e+01 1.000211656143479066e+00 1.000675202249974971e+00 9.999736332099676828e-01 9.896426573675404237e-01
1.432500000000000107e+01 1.000388209782343774e+00 9.993215468861992301e-01 1.000058525233452178e+00 9.841039694208345567e-01
1.437500000000000000e+01 1.001732609382466777e+00 1.000961496566227238e+00 9.997332314399335340e-01 9.871252862669900319e-01
1.442500000000000071e+01 1.001972106505455873e+00 1.001202260140469091e+00 9.998743205564436520e-01 9.908903117337886091e-01
1.447500000000000142e+01 1.001282434468828919e+00 9.994408918709439815e-01 9.999521585682191738e-01 9.807752759270748077e-01
1.452500000000000036e+01 1.001838306328727723e+00 1.000849602468403710e+00 9.996468513241896225e-01 9.882288188307121191e-01
1.457500000000000107e+01 1.002769630180447402e+00 1.000036351165845439e+00 9.998484623832293305e-01 9.875745246970483171e-01
1.462500000000000000e+01 1.001827661256857072e+00 1.001052229041139219e+00 9.999111101803125345e-01 9.848912217427111537e-01
1.467500000000000071e+01 1.001876188841078319e+00 1.000792947330158000e+00 1.000087150902698507e+00 9.918920914721628401e-01
1.472500000000000142e+01 1.001165163768515942e+00 1.000946739444720457e+00 9.997498342395431115e-01 9.913704818332169655e-01
1.477500000000000036e+01 1.002141473194820609e+00 1.000387085066616111e+00 1.000198429405658507e+00 9.896303561293496864e-01
1.482500000000000107e+01 1.000449767108448240e+00 1.000989227030711248e+00 1.000327122969967508e+00 9.853100957161325946e-01
1.487500000000000000e+01 1.001408172446056177e+00 9.997676795152556917e-01 1.000086866091183246e+00 9.881820662130421651e-01
1.492500000000000071e+01 1.001748159018772233e+00 9.992848702418984930e-01 9.997170029770592325e-01 9.837587880089680992e-01
1.497500000000000142e+01 1.001341720385430456e+00 9.998168949758536872e-01 9.998905420967977298e-01 9.849410820058883687e-01
1.502500000000000036e+01 1.000546820224820666e+00 9.994361217840692646e-01 1.000082511339875690e+00 9.877462521045428101e-01
1.507500000000000107e+01 1.001641813326454855e+00 9.993379509007084271e-01 9.997372784547940983e-01 9.891519246476161431e-01
1.512500000000000000e+01 1.000993886742906902e+00 1.000621699023952260e+00 1.000138474352959772e+00 9.872404651351786020e-01
1.517500000000000071e+01 1.001380850031255765e+00 9.997307442067466798e-01 9.999695229780073413e-01 9.900330294724541957e-01
1.522500000000000142e+01 1.000956493016392335e+00 1.000923049681198718e+00 9.999118988727133672e-01 9.882537976987391115e-01
1.527500000000000036e+01 1.000897331731698481e+00 9.998028693101039810e-01 1.000369853892413508e+00 9.873528652959476792e-01
1.532500000000000107e+01 9.998398642390242674e-01 1.000652867111507582e+00 9.997504117325939355e-01 9.878081983922695208e-01
1.537500000000000000e+01 1.001980776517677141e+00 1.000758305648085322e+00 1.000068623739498230e+00 9.862779995600595706e-01
1.542500000000000071e+01 1.002185414968456589e+00 1.000251047170523044e+00 9.999600706132331096e-01 9.920256085607445096e-01
1.547500000000000142e+01 1.001380657923301776e+00 1.000351842551503223e+00 9.999593475829557931e-01 9.924387570174219020e-01
1.552500000000000036e+01 1.001220620301011222e+00 1.000256531297065710e+00 9.997688487528662016e-01 9.875534720366292429e-01
1.557500000000000107e+01 1.001347601358407058e+00 1.001332562697858197e+00 9.997279644720497016e-01 9.900809591322397019e-01
1.562500000000000000e+01 1.001396953715582239e+00 1.000448367529990223e+00 1.000159715822277695e+00 9.893703628236951708e-01
1.567500000000000071e+01 9.997000865056647756e-01 1.001131799299371350e+00 1.000026418923790406e+00 9.894399880199953312e-01
1.572500000000000142e+01 1.000352899220961600e+00 1.001089501581319041e+00 1.000102513694381079e+00 9.870244657665111498e-01
1.577500000000000036e+01 1.000603015012451191e+00 1.000252751718751165e+00 9.998282289418495283e-01 9.832503222250884578e-01
1.582500000000000107e+01 1.000841707973885164e+00 1.000594584830311495e+00 1.000021289052127171e+00 9.869157885692683152e-01
1.587500000000000000e+01 1.000071910453860680e+00 1.000543402770863510e+00 9.999191174748817135e-01 9.842163507965743241e-01
1.592500000000000071e+01 1.000575370567441391e+00 1.000122760428350244e+00 9.996771757644600243e-01 9.877990039872603933e-01
1.597500000000000142e+01 1.000272590881391643e+00 1.000738198801349288e+00 1.000064476394010748e+00 9.840601396026760206e-01
1.602499999999999858e+01 1.001237201130371623e+00 1.000265618015755420e+00 9.998336516556428633e-01 9.908781815720612007e-01
1.607500000000000284e+01 1.000542150897475890e+00 1.000293326791362514e+00 9.999428011890304502e-01 9.856855424499723073e-01
1.612500000000000000e+01 1.001324163755042740e+00 1.000698063220214928e+00 1.000189761784812781e+00 9.886864997414800404e-01
1.617500000000000071e+01 1.001431012769136819e+00 1.001173304093851746e+00 9.999223737343231333e-01 9.958759591018793156e-01
1.622500000000000142e+01 1.000899616605060549e+00 1.000443544832161802e+00 1.000091509637886844e+00 9.883084265404489255e-01
1.627499999999999858e+01 1.000419290249171089e+00 9.997225324291665327e-01 1.000172792187438375e+00 9.889121633535307154e-01
1.632500000000000284e+01 1.000700933568853257e+00 1.001560137436273923e+00 9.999439700728710578e-01 9.855338182611539377e-01
1.637500000000000000e+01 1.000814961190887642e+00 1.000546259879844024e+00 9.999157605137376503e-01 9.897133809496587720e-01
1.642500000000000071e+01 1.001252670361653108e+00 1.001392965510373934e+00 1.000093401405953708e+00 9.926647980784802927e-01
1.647500000000000142e+01 1.000386192942620101e+00 1.002416663967346855e+00 1.000138769487887602e+00 9.859618730034599432e-01
1.652499999999999858e+01 1.000914098737189395e+00 1.000225858335963336e+00 9.999608893598642689e-01 9.912129828105292750e-01
1.657500000000000284e+01 1.001227266453928788e+00 1.000925648408649282e+00 9.998475749345584473e-01 9.912026981481025789e-01
1.662500000000000000e+01 1.000967034663887478e+00 1.001166905684520492e+00 1.000118678817052187e+00 9.894630831318732556e-01
1.667500000000000071e+01 1.001164937977656599e+00 1.000725183899902060e+00 1.000299099215683052e+00 9.927293766921082563e-01
1.672500000000000142e+01 1.000549606490809706e+00 1.000411970340215673e+00 1.000098546509094577e+00 9.929436998843084172e-01
1.677499999999999858e+01 9.997483339090292853e-01 1.000675262552747302e+00 9.998396169343799489e-01 9.909866571888468201e-01
1.682500000000000284e+01 9.990877914681844940e-01 9.997148869250314096e-01 9.985217866151731014e-01 9.872438568342247756e-01
1.687500000000000000e+01 9.953753941701596331e-01 9.944317382140991368e-01 9.944941293144374805e-01 9.841192195638750473e-01
1.692500000000000071e+01 9.876420495226042595e-01 9.871694802430798221e-01 9.872651027492435061e-01 9.721765052408889440e-01
1.697500000000000142e+01 9.797493272474413484e-01 9.796091590711522024e-01 9.786969920561801040e-01 9.674317096394777771e-01
1.702499999999999858e+01 9.709088562184302607e-01 9.711924929125027584e-01 9.703128359591637331e-01 9.550773264651220007e-01
1.707500000000000284e+01 9.621730785580920875e-01 9.627957986049129335e-01 9.612279271644591505e-01 9.496364698442483210e-01
1.712500000000000000e+01 9.531496582375406090e-01 9.533024868191992685e-01 9.527555226550947776e-01 9.428416232963232613e-01
1.717500000000000071e+01 9.451543185396169555e-01 9.451578520290565555e-01 9.441923514366376002e-01 9.353486305257391331e-01
1.722500000000000142e+01 9.353432035511884957e-01 9.359239472729725673e-01 9.357962528164757154e-01 9.254472528405212062e-01
1.727499999999999858e+01 9.273210154471233091e-01 9.285537199593493218e-01 9.271671958843435979e-01 9.183918124841237152e-01
1.732500000000000284e+01 9.191005198721330371e-01 9.188886932002283681e-01 9.186333910572348493e-01 9.128580940315588199e-01
1.737500000000000000e+01 9.105498037321181348e-01 9.112567258665879022e-01 9.104656776244460792e-01 9.049692221653754531e-01
1.742500000000000071e+01 9.028318124505585462e-01 9.027017941857167216e-01 9.017563747404311325e-01 8.942378328992773850e-01
1.747500000000000142e+01 8.939314834663616427e-01 8.940121205380192615e-01 8.939595507137637620e-01 8.883336888020484379e-01
1.752499999999999858e+01 8.852322117028067483e-01 8.867449806456434436e-01 8.853798615150764162e-01 8.824300583418795974e-01
1.757500000000000284e+01 8.777517819548849021e-01 8.774345809976970001e-01 8.769998459079116904e-01 8.702909240686051984e-01
1.762500000000000000e+01 8.698291267038622543e-01 8.701332061551244612e-01 8.689315848245201535e-01 8.629984536786819982e-01
1.767500000000000071e+01 8.621389639317245113e-01 8.611518057888829514e-01 8.608853429462469675e-01 8.536442902245644504e-01
1.772500000000000142e+01 8.529880442032863330e-01 8.534529237573050819e-01 8.526663120949901087e-01 8.507171428314694861e-01
1.777499999999999858e+01 8.452044438430078577e-01 8.457625879758350340e-01 8.447265677230766379e-01 8.399172292149736929e-01
1.782500000000000284e+01 8.367936324135766268e-01 8.382817430308795448e-01 8.368559821571316393e-01 8.262031027172644926e-01
1.787500000000000000e+01 8.288548252278091777e-01 8.286886589705678707e-01 8.288489115440160759e-01 8.219889515362009957e-01
1.792500000000000071e+01 8.211041792438206199e-01 8.218833441569258769e-01 8.209270474649149607e-01 8.171538619501294010e-01
1.797500000000000142e+01 8.138256345610086484e-01 8.139857230249337716e-01 8.130808098771178383e-01 8.046236652832221559e-01
1.802499999999999858e+01 8.063299829904247984e-01 8.061178479282414822e-01 8.053352169204966993e-01 8.036207958392194151e-01
1.807500000000000284e+01 7.976899686561637060e-01 7.978409129165877633e-01 7.973061744297234021e-01 7.939352129225198951e-01
1.812500000000000000e+01 7.901426288635187145e-01 7.905897939149448828e-01 7.899287342529219824e-01 7.838560053441769870e-01
1.817500000000000071e+01 7.823117665377600227e-01 7.832966322962172656e-01 7.820496490716930538e-01 7.753682672478318105e-01
1.822500000000000142e+01 7.750310290398507718e-01 7.752220588850375904e-01 7.745050222811235008e-01 7.700032568823926837e-01
1.827499999999999858e+01 7.675522868217244943e-01 7.676425984270431879e-01 7.671094712706181262e-01 7.623025702831510708e-01
1.832500000000000284e+01 7.599968568811803493e-01 7.594404807065745500e-01 7.594898823714085756e-01 7.527105285928185063e-01
1.837500000000000000e+01 7.526702025710995114e-01 7.526769554769391357e-01 7.517800374174298250e-01 7.418579098288682339e-01
1.842500000000000071e+01 7.451747866638958051e-01 7.443715166081706913e-01 7.442896275819927965e-01 7.376362585298416041e-01
1.847500000000000142e+01 7.376644449618088295e-01 7.376632998188570323e-01 7.369482315254768379e-01 7.325508825172375449e-01
1.852499999999999858e+01 7.299334031297708414e-01 7.303128698646231820e-01 7.295834907600755592e-01 7.258274173994772038e-01
1.857500000000000284e+01 7.222587520906855740e-01 7.231146174032757612e-01 7.224960040727050892e-01 7.146749131295541124e-01
1.862500000000000000e+01 7.147976671339441035e-01 7.158076304217408925e-01 7.150382151118457319e-01 7.080981842822735572e-01
1.867500000000000071e+01 7.079656509709431056e-01 7.086935758091706949e-01 7.077543071375871353e-01 7.006332246050845924e-01
1.872500000000000142e+01 7.008607707819962673e-01 7.005105474649803154e-01 7.006106713877512382e-01 6.988287895315010712e-01
1.877499999999999858e+01 6.936410609673295813e-01 6.941670205364894874e-01 6.932187113675489787e-01 6.865479706156831785e-01
1.882500000000000284e+01 6.861658168301923988e-01 6.872617885802935200e-01 6.861203253627321530e-01 6.806094015414180243e-01
1.887500000000000000e+01 6.788546588882424793e-01 6.796325179657441984e-01 6.790470098703739188e-01 6.718546445393395183e-01
1.892500000000000071e+01 6.722156820831199919e-01 6.726405739545341378e-01 6.717722948649830217e-01 6.704415402535938151e-01
1.897500000000000142e+01 6.650386410134531134e-01 6.653786109959579642e-01 6.647879877855322750e-01 6.609115554596755038e-01
1.902499999999999858e+01 6.583284822278258064e-01 6.582707081443250896e-01 6.578463763990771707e-01 6.544019074154479032e-01
1.907500000000000284e+01 6.515091816232297939e-01 6.518805090460204621e-01 6.508917414640886800e-01 6.481055902240772104e-01
1.912500000000000000e+01 6.448641290134062842e-01 6.442015809054578712e-01 6.440042662423202113e-01 6.409563830078205404e-01
1.917500000000000426e+01 6.379509502217841632e-01 6.373768976960392241e-01 6.370583233489895969e-01 6.309344255894449027e-01
1.922500000000000142e+01 6.308495312141377820e-01 6.310155646572930266e-01 6.302089206085266238e-01 6.259159815411547978e-01
1.927499999999999858e+01 6.236688089792290501e-01 6.239284920599834638e-01 6.234839807300678327e-01 6.182056990234027216e-01
1.932500000000000284e+01 6.169915220116500842e-01 6.175785021879296455e-01 6.165684898467462816e-01 6.127404812840854254e-01
1.937500000000000000e+01 6.100662158641226851e-01 6.102906001684306192e-01 6.098039152979058963e-01 6.069923150885095930e-01
1.942500000000000426e+01 6.031193488909127876e-01 6.036695701697755156e-01 6.030291778611865938e-01 5.984106282021807166e-01
1.947500000000000142e+01 5.966525510792577425e-01 5.966898230344923615e-01 5.966023979706459590e-01 5.963671385386766222e-01
1.952499999999999858e+01 5.900522702085253535e-01 5.903952295710684917e-01 5.898152326574765958e-01 5.867232732640007553e-01
1.957500000000000284e+01 5.834574903729381479e-01 5.833243727365686748e-01 5.832210748108240805e-01 5.789642895409771173e-01
1.962500000000000000e+01 5.766150060887897943e-01 5.778756405317170275e-01 5.766395176734263606e-01 5.716461763140590069e-01
1.967500000000000426e+01 5.703339250951524608e-01 5.707467305672806468e-01 5.700620599601358141e-01 5.639961720929161926e-01
1.972500000000000142e+01 5.640648372435286273e-01 5.650160291497967613e-01 5.634838868663175626e-01 5.588943114104946153e-01
1.977499999999999858e+01 5.569735277341777424e-01 5.575535880628030849e-01 5.572374934990026452e-01 5.547696675424746982e-01
1.982500000000000284e+01 5.506093215654211948e-01 5.506666707292130480e-01 5.505526892661767313e-01 5.481651863941078284e-01
1.987500000000000000e+01 5.445266428734953923e-01 5.450344196081062798e-01 5.443141121708556796e-01 5.397577761066901791e-01
1.992500000000000426e+01 5.380470908872760916e-01 5.384947269747557552e-01 5.377659563899598316e-01 5.355678503890081155e-01
1.997500000000000142e+01 5.315107325301966501e-01 5.319753961873616710e-01 5.313424813465481567e-01 5.308453861178059618e-01
