# r (Angstroms), cation-water g(r), anion-water g(r), water-water g(r), cation-anion g(r)
2.500000000000000139e-02 0.000000000000000000e+00 0.000000000000000000e+00 5.740043303241635294e+04 0.000000000000000000e+00
7.500000000000001110e-02 0.000000000000000000e+00 0.000000000000000000e+00 0.000000000000000000e+00 0.000000000000000000e+00
1.250000000000000000e-01 0.000000000000000000e+00 0.000000000000000000e+00 0.000000000000000000e+00 0.000000000000000000e+00
1.750000000000000167e-01 0.000000000000000000e+00 0.000000000000000000e+00 0.000000000000000000e+00 0.000000000000000000e+00
2.250000000000000056e-01 0.000000000000000000e+00 0.000000000000000000e+00 0.000000000000000000e+00 0.000000000000000000e+00
2.750000000000000222e-01 0.000000000000000000e+00 0.000000000000000000e+00 0.000000000000000000e+00 0.000000000000000000e+00
3.250000000000000666e-01 0.000000000000000000e+00 0.000000000000000000e+00 0.000000000000000000e+00 0.000000000000000000e+00
3.750000000000000000e-01 0.000000000000000000e+00 0.000000000000000000e+00 0.000000000000000000e+00 0.000000000000000000e+00
4.250000000000000444e-01 0.000000000000000000e+00 0.000000000000000000e+00 0.000000000000000000e+00 0.000000000000000000e+00
4.749999999999999778e-01 0.000000000000000000e+00 0.000000000000000000e+00 0.000000000000000000e+00 0.000000000000000000e+00
5.250000000000000222e-01 0.000000000000000000e+00 0.000000000000000000e+00 0.000000000000000000e+00 0.000000000000000000e+00
5.750000000000000666e-01 0.000000000000000000e+00 0.000000000000000000e+00 0.000000000000000000e+00 0.000000000000000000e+00
6.250000000000000000e-01 0.000000000000000000e+00 0.000000000000000000e+00 0.000000000000000000e+00 0.000000000000000000e+00
6.750000000000000444e-01 0.000000000000000000e+00 0.000000000000000000e+00 0.000000000000000000e+00 0.000000000000000000e+00
7.250000000000000888e-01 0.000000000000000000e+00 0.000000000000000000e+00 0.000000000000000000e+00 0.000000000000000000e+00
7.750000000000000222e-01 0.000000000000000000e+00 0.000000000000000000e+00 0.000000000000000000e+00 0.000000000000000000e+00
8.250000000000000666e-01 0.000000000000000000e+00 0.000000000000000000e+00 0.000000000000000000e+00 0.000000000000000000e+00
8.750000000000000000e-01 0.000000000000000000e+00 0.000000000000000000e+00 0.000000000000000000e+00 0.000000000000000000e+00
9.250000000000000444e-01 0.000000000000000000e+00 0.000000000000000000e+00 0.000000000000000000e+00 0.000000000000000000e+00
9.750000000000000888e-01 0.000000000000000000e+00 0.000000000000000000e+00 0.000000000000000000e+00 0.000000000000000000e+00
1.024999999999999911e+00 0.000000000000000000e+00 0.000000000000000000e+00 0.000000000000000000e+00 0.000000000000000000e+00
1.075000000000000178e+00 0.000000000000000000e+00 0.000000000000000000e+00 0.000000000000000000e+00 0.000000000000000000e+00
1.125000000000000000e+00 0.000000000000000000e+00 0.000000000000000000e+00 0.000000000000000000e+00 0.000000000000000000e+00
1.175000000000000266e+00 0.000000000000000000e+00 0.000000000000000000e+00 0.000000000000000000e+00 0.000000000000000000e+00
1.225000000000000089e+00 0.000000000000000000e+00 0.000000000000000000e+00 0.000000000000000000e+00 0.000000000000000000e+00
1.274999999999999911e+00 0.000000000000000000e+00 0.000000000000000000e+00 0.000000000000000000e+00 0.000000000000000000e+00
1.325000000000000178e+00 0.000000000000000000e+00 0.000000000000000000e+00 0.000000000000000000e+00 0.000000000000000000e+00
1.375000000000000000e+00 0.000000000000000000e+00 0.000000000000000000e+00 0.000000000000000000e+00 0.000000000000000000e+00
1.425000000000000266e+00 0.000000000000000000e+00 0.000000000000000000e+00 0.000000000000000000e+00 0.000000000000000000e+00
1.475000000000000089e+00 0.000000000000000000e+00 0.000000000000000000e+00 0.000000000000000000e+00 0.000000000000000000e+00
1.524999999999999911e+00 0.000000000000000000e+00 0.000000000000000000e+00 0.000000000000000000e+00 0.000000000000000000e+00
1.575000000000000178e+00 0.000000000000000000e+00 0.000000000000000000e+00 0.000000000000000000e+00 0.000000000000000000e+00
1.625000000000000000e+00 0.000000000000000000e+00 0.000000000000000000e+00 0.000000000000000000e+00 0.000000000000000000e+00
1.675000000000000266e+00 0.000000000000000000e+00 0.000000000000000000e+00 0.000000000000000000e+00 0.000000000000000000e+00
1.725000000000000089e+00 0.000000000000000000e+00 0.000000000000000000e+00 0.000000000000000000e+00 0.000000000000000000e+00
1.774999999999999911e+00 0.000000000000000000e+00 0.000000000000000000e+00 0.000000000000000000e+00 0.000000000000000000e+00
1.825000000000000178e+00 0.000000000000000000e+00 0.000000000000000000e+00 0.000000000000000000e+00 0.000000000000000000e+00
1.875000000000000000e+00 0.000000000000000000e+00 0.000000000000000000e+00 0.000000000000000000e+00 0.000000000000000000e+00
1.925000000000000266e+00 0.000000000000000000e+00 0.000000000000000000e+00 0.000000000000000000e+00 0.000000000000000000e+00
1.975000000000000089e+00 0.000000000000000000e+00 0.000000000000000000e+00 0.000000000000000000e+00 0.000000000000000000e+00
2.025000000000000355e+00 0.000000000000000000e+00 0.000000000000000000e+00 0.000000000000000000e+00 0.000000000000000000e+00
2.075000000000000178e+00 2.777191700090239504e-04 0.000000000000000000e+00 0.000000000000000000e+00 0.000000000000000000e+00
2.125000000000000000e+00 1.986032872444123965e-02 0.000000000000000000e+00 0.000000000000000000e+00 0.000000000000000000e+00
2.174999999999999822e+00 2.565614894677054059e-01 0.000000000000000000e+00 0.000000000000000000e+00 0.000000000000000000e+00
2.225000000000000089e+00 1.472896356482168878e+00 0.000000000000000000e+00 0.000000000000000000e+00 0.000000000000000000e+00
2.275000000000000355e+00 4.095142652425380447e+00 0.000000000000000000e+00 0.000000000000000000e+00 0.000000000000000000e+00
2.325000000000000178e+00 6.863414185019924396e+00 0.000000000000000000e+00 0.000000000000000000e+00 0.000000000000000000e+00
2.375000000000000000e+00 8.198796904537008601e+00 0.000000000000000000e+00 0.000000000000000000e+00 0.000000000000000000e+00
2.425000000000000266e+00 7.628121061101556855e+00 0.000000000000000000e+00 1.220043886725205050e-05 0.000000000000000000e+00
2.475000000000000089e+00 5.918710451307113374e+00 0.000000000000000000e+00 9.736981441662228513e-04 0.000000000000000000e+00
2.525000000000000355e+00 4.222776242529787893e+00 0.000000000000000000e+00 1.918001286547040690e-02 0.000000000000000000e+00
2.575000000000000178e+00 2.809174917497596624e+00 0.000000000000000000e+00 1.552817107056429780e-01 0.000000000000000000e+00
2.625000000000000000e+00 1.816408612490872265e+00 0.000000000000000000e+00 6.249070359079517134e-01 0.000000000000000000e+00
2.675000000000000266e+00 1.170105346449200390e+00 0.000000000000000000e+00 1.504333355267300387e+00 1.169771126127449712e+00
2.725000000000000089e+00 7.505799852593560972e-01 0.000000000000000000e+00 2.467212290383565154e+00 1.771375206576468075e+00
2.775000000000000355e+00 4.781179391270796719e-01 0.000000000000000000e+00 3.076601203097435455e+00 9.472294344511810849e+00
2.825000000000000178e+00 3.464197648242124949e-01 0.000000000000000000e+00 3.159497491393083113e+00 1.168717199666461148e+01
2.875000000000000000e+00 2.298795440904101983e-01 0.000000000000000000e+00 2.848631143039211278e+00 1.417759302760239493e+01
2.925000000000000266e+00 1.755457815334960925e-01 0.000000000000000000e+00 2.378535204368164901e+00 1.579352970802950828e+01
2.975000000000000089e+00 1.224072409379141774e-01 0.000000000000000000e+00 1.913508631037841079e+00 1.297030367554057584e+01
3.025000000000000355e+00 9.644035280577571700e-02 9.147458938217208589e-04 1.540147991256753945e+00 1.267576452867242054e+01
3.075000000000000178e+00 8.333907579067033333e-02 1.391092312135620152e-02 1.266891796620027932e+00 9.105331497614969294e+00
3.125000000000000000e+00 7.420384167340131343e-02 1.064078191653229921e-01 1.085055103410249355e+00 4.775494761159491119e+00
3.175000000000000266e+00 6.607266660743990605e-02 3.921655939034044969e-01 9.673816554153159553e-01 3.914538596131987624e+00
3.225000000000000089e+00 6.668419772720500516e-02 1.026361781225446634e+00 8.982805228687663623e-01 1.954536829935319409e+00
3.275000000000000355e+00 7.079551660028350624e-02 1.889515614711188896e+00 8.609343548548235026e-01 1.783824040322104398e+00
3.325000000000000178e+00 7.646998497517880355e-02 2.707816228930129299e+00 8.408520570524872229e-01 7.571285641106813014e-01
3.375000000000000000e+00 8.755352326418466835e-02 3.198853006454401626e+00 8.355715634222263821e-01 1.154782680942483708e+00
3.425000000000000266e+00 1.027530547025727603e-01 3.284937686300006821e+00 8.369605319471002947e-01 8.155004341474029195e-01
3.475000000000000089e+00 1.312084611588941463e-01 3.118008163403849231e+00 8.441522621362170797e-01 8.912272833434321528e-01
3.525000000000000355e+00 1.634087229253153306e-01 2.643025421920412121e+00 8.550976375088026327e-01 1.924719940227506698e-01
3.575000000000000178e+00 1.962950673608944430e-01 2.145772676289205538e+00 8.685961296511423013e-01 2.806888475131951166e-01
3.625000000000000000e+00 2.403303219445815930e-01 1.761755029476372414e+00 8.824310623550880583e-01 9.099974325807709541e-02
3.675000000000000266e+00 3.066155523431261520e-01 1.395485914086055601e+00 8.990049451907550226e-01 2.656213274702219351e-01
3.725000000000000089e+00 3.766044404406979074e-01 1.145411811875816088e+00 9.141984026806946328e-01 0.000000000000000000e+00
3.775000000000000355e+00 4.636124558030110254e-01 9.675864665818135757e-01 9.309014213143573802e-01 0.000000000000000000e+00
3.825000000000000178e+00 5.373902321407899585e-01 8.331796237936446303e-01 9.491812105638610664e-01 8.173235469821903132e-02
3.875000000000000000e+00 6.351828743358916007e-01 7.483467239386124570e-01 9.656780165557922180e-01 1.592735392015776352e-01
3.925000000000000266e+00 7.619253596203799939e-01 7.125585575911866920e-01 9.829000142694507280e-01 1.552415158150733387e-01
3.975000000000000089e+00 8.677507933744191826e-01 6.867990973201512084e-01 1.000520902859818095e+00 0.000000000000000000e+00
4.025000000000000355e+00 9.816229555658523287e-01 6.921331268772837886e-01 1.016472305065434956e+00 0.000000000000000000e+00
4.075000000000000178e+00 1.091047598194209156e+00 7.070097893915084919e-01 1.032519170361147376e+00 1.440231797497470989e-01
4.125000000000000000e+00 1.212339139391410470e+00 7.166792964763551987e-01 1.046772307167119553e+00 1.405529116447059024e-01
4.175000000000000711e+00 1.295298659371563410e+00 7.505199583456862999e-01 1.059211149725020729e+00 4.802230080822491032e-01
4.224999999999999645e+00 1.366646000852370868e+00 7.802898200053142164e-01 1.070931432600487287e+00 2.679566689578689598e-01
4.275000000000000355e+00 1.460362315494692531e+00 8.190696476259045067e-01 1.079515998243561148e+00 6.543135066511459597e-01
4.325000000000000178e+00 1.515651139288563209e+00 8.436479010161191949e-01 1.087253933360780689e+00 5.114179895528494502e-01
4.375000000000000000e+00 1.565171642576595135e+00 9.005062889114694435e-01 1.091737989348992022e+00 1.124539558790512928e+00
4.425000000000000711e+00 1.580445025672580384e+00 9.266236088925406955e-01 1.094833061911635985e+00 6.717761614590357366e-01
4.474999999999999645e+00 1.600082759714362313e+00 9.690305651830374289e-01 1.095309794033293649e+00 1.851118284488178389e+00
4.525000000000000355e+00 1.611229658344598858e+00 1.010807311849951651e+00 1.093474974273453526e+00 1.168023239946789804e+00
4.575000000000000178e+00 1.583859958541108615e+00 1.044480314614167016e+00 1.090303189145334528e+00 1.999606772316805614e+00
4.625000000000000000e+00 1.551588678060052962e+00 1.059753794631036694e+00 1.085298461901252232e+00 1.956606151399815197e+00
4.675000000000000711e+00 1.494448691178561495e+00 1.087269692871801086e+00 1.078023413962925448e+00 1.914977820577347334e+00
4.724999999999999645e+00 1.450989938203807617e+00 1.110711640772696907e+00 1.069616434862509013e+00 2.785215089944555800e+00
4.775000000000000355e+00 1.401461958710896072e+00 1.134721612853414552e+00 1.059662683671450667e+00 2.989421886330405176e+00
4.825000000000001066e+00 1.342672628791691025e+00 1.136237996231866720e+00 1.048519765454914543e+00 3.030515879828223902e+00
4.875000000000000000e+00 1.286692361518197103e+00 1.159894897454930351e+00 1.037211206037252698e+00 3.119620147588308967e+00
4.925000000000000711e+00 1.220815773608591615e+00 1.153077580621546083e+00 1.024990968082390097e+00 3.796099606988716069e+00
4.974999999999999645e+00 1.150212069251937530e+00 1.146685145193660826e+00 1.012906886474044477e+00 3.333667945494337648e+00
5.025000000000000355e+00 1.089361037850111513e+00 1.158171262081568731e+00 9.997825335254948431e-01 3.930659746187856296e+00
5.075000000000001066e+00 1.049940905030830374e+00 1.145769950223349820e+00 9.875559180376944912e-01 4.271449688813850010e+00
5.125000000000000000e+00 9.843457414578896669e-01 1.147287946197623754e+00 9.742114556544096970e-01 5.008002939751532878e+00
5.175000000000000711e+00 9.251406795536503136e-01 1.129422672360153923e+00 9.623875157686139215e-01 3.706099541626187488e+00
5.224999999999999645e+00 9.009930939547441398e-01 1.130555797183563360e+00 9.518755948532385824e-01 5.037151473252095002e+00
5.275000000000000355e+00 8.698979655290247637e-01 1.104755804755194193e+00 9.409154521690573647e-01 2.879318431501070474e+00
5.325000000000001066e+00 8.417462612241795039e-01 1.085751465003894189e+00 9.313764658450708334e-01 2.952015946176982819e+00
5.375000000000000000e+00 8.262829892852237013e-01 1.075869044757342019e+00 9.223087199894219879e-01 4.221853674652749078e+00
5.425000000000000711e+00 8.069372408622286219e-01 1.070146679246192223e+00 9.145967272164794437e-01 3.169239918794251931e+00
5.474999999999999645e+00 8.227838640399359749e-01 1.044626340060594627e+00 9.076048420734301736e-01 3.390866833619130993e+00
5.525000000000000355e+00 8.149322681536302904e-01 1.019576125714297676e+00 9.018726098988958384e-01 3.290598015906597951e+00
5.575000000000001066e+00 8.188479473262143538e-01 9.951370651502389197e-01 8.972554372860432892e-01 2.539302002703104133e+00
5.625000000000000000e+00 8.292612495568103537e-01 9.921882957166594519e-01 8.950177134643345633e-01 2.645533108603442596e+00
5.675000000000000711e+00 8.374369305431639265e-01 9.673558726363860050e-01 8.946175281383847988e-01 2.487730528792763351e+00
5.724999999999999645e+00 8.531918649245001651e-01 9.632293532551520210e-01 8.957389397310661083e-01 2.116105544820227280e+00
5.775000000000000355e+00 8.687441118002395823e-01 9.272245132343140961e-01 9.002517457642957854e-01 1.613499733006347192e+00
5.825000000000001066e+00 8.751454673496166237e-01 9.406263097439299115e-01 9.065709148161937847e-01 2.008831009943949475e+00
5.875000000000000000e+00 8.971754832903476862e-01 9.138052420167674939e-01 9.138742555154820701e-01 1.801557195362144315e+00
5.925000000000000711e+00 9.050217078054427766e-01 8.943259038139147465e-01 9.239637041698788300e-01 1.566901221688824508e+00
5.974999999999999645e+00 9.192803048990036974e-01 8.963359795626649751e-01 9.346258716283325496e-01 1.004860963635274773e+00
6.025000000000000355e+00 9.345570435081020921e-01 8.806314220691608963e-01 9.460529186866457607e-01 1.778853731034103713e+00
6.075000000000001066e+00 9.612294106468953769e-01 8.904316535423492107e-01 9.575410581129251142e-01 1.198863621449980821e+00
6.125000000000000000e+00 9.645655613279648932e-01 8.726065499129033176e-01 9.696443762474901140e-01 9.881210931947692622e-01
6.175000000000000711e+00 9.759472974344445273e-01 8.686620884202017612e-01 9.812684054596658711e-01 9.094624558354400534e-01
6.224999999999999645e+00 9.976101638683770867e-01 8.709647755821910975e-01 9.928895989714681125e-01 1.481232611534339050e+00
6.275000000000000355e+00 1.008044772873276207e+00 8.712315381010620197e-01 1.004011864921042774e+00 1.305875492831346518e+00
6.325000000000001066e+00 1.022420026535497684e+00 8.614871388621423431e-01 1.013212836034295350e+00 9.266195241222169310e-01
6.375000000000000000e+00 1.026953510530075553e+00 8.731547024520082134e-01 1.023211671153131164e+00 1.206380549301848237e+00
6.425000000000000711e+00 1.037885167350121485e+00 8.798951117323939863e-01 1.031319802816673903e+00 8.979999494223610546e-01
6.474999999999999645e+00 1.043908553250397109e+00 8.871511377131243714e-01 1.038946964280746066e+00 1.055317389897942659e+00
6.525000000000000355e+00 1.044514365915244269e+00 9.018061055905419732e-01 1.045485826908771232e+00 1.095379286097892590e+00
6.575000000000001066e+00 1.052670870556743576e+00 9.135355310859525346e-01 1.050832679731854347e+00 1.217088456603340418e+00
6.625000000000000000e+00 1.052017084049876372e+00 9.382958163725608758e-01 1.055445505094304570e+00 1.307767333136355070e+00
6.675000000000000711e+00 1.047373098917353085e+00 9.526599748666333412e-01 1.058389182644077442e+00 1.556633945860512291e+00
6.724999999999999645e+00 1.045791109049429846e+00 9.660188655218678866e-01 1.060772955101339843e+00 1.427809463204622098e+00
6.775000000000000355e+00 1.046720713110147249e+00 9.862017172279512467e-01 1.061776369947984744e+00 1.146291785973579946e+00
6.825000000000001066e+00 1.042479253411425999e+00 1.002225917385295206e+00 1.061604054911891915e+00 1.540306225489695535e+00
6.875000000000000000e+00 1.043841244050910388e+00 1.022361779783738989e+00 1.060467917976486207e+00 1.290285839370717724e+00
6.925000000000000711e+00 1.030143798873099037e+00 1.029969248945908022e+00 1.058911422244843914e+00 1.471206529180694389e+00
6.974999999999999645e+00 1.023317725855348304e+00 1.034943822565399740e+00 1.056163685794437646e+00 1.646825538210273887e+00
7.025000000000000355e+00 1.016653620125048008e+00 1.045633712354462785e+00 1.052778128937789326e+00 1.478081627085538585e+00
7.075000000000001066e+00 1.008378855280608555e+00 1.064567129803707157e+00 1.048599912893566577e+00 1.696159647593537434e+00
7.125000000000000000e+00 1.006053615060298334e+00 1.065908034069153798e+00 1.044354695694191593e+00 1.201328362633463431e+00
7.175000000000000711e+00 1.006946989086190181e+00 1.071800414542444901e+00 1.039124462109752400e+00 1.625981297255670643e+00
7.224999999999999645e+00 9.792906275277306616e-01 1.088675940551308008e+00 1.033998861424410665e+00 1.122488028933046333e+00
7.275000000000000355e+00 9.834541215093611788e-01 1.091951070333951668e+00 1.028181028412334941e+00 1.129705839489697494e+00
7.325000000000001066e+00 9.784983807729078498e-01 1.090266274625000698e+00 1.022625637895393735e+00 1.359489835489064768e+00
7.375000000000000000e+00 9.705081934956421019e-01 1.088592589827225732e+00 1.017232019150130951e+00 1.231190875920439742e+00
7.425000000000000711e+00 9.737926514918677778e-01 1.102742363333256703e+00 1.011950790830359992e+00 1.258045969184282020e+00
7.474999999999999645e+00 9.719589923259271957e-01 1.083823305627134248e+00 1.006424928705555111e+00 1.583692210501114639e+00
7.525000000000000355e+00 9.730444119636854072e-01 1.078612244405173781e+00 1.001521033836268781e+00 1.309302982871031196e+00
7.575000000000001066e+00 9.732246573636715858e-01 1.084822474069934151e+00 9.969165716714488701e-01 1.333755419085117522e+00
7.625000000000000000e+00 9.646575867832519746e-01 1.077408703809088708e+00 9.925945246272254163e-01 1.336888472579237375e+00
7.675000000000000711e+00 9.613867295278641922e-01 1.070542024191307062e+00 9.892165184703087810e-01 1.258625305771518876e+00
7.724999999999999645e+00 9.775367339645154585e-01 1.069292892971208664e+00 9.858060899727983939e-01 1.142192850705725071e+00
7.775000000000000355e+00 9.699695588528189916e-01 1.047335283547385476e+00 9.829822324112772458e-01 1.087986412222234467e+00
7.825000000000001066e+00 9.840369486783248076e-01 1.039208012246631618e+00 9.807589867895865066e-01 9.764790012089675786e-01
7.875000000000000000e+00 9.902462896710299001e-01 1.032686793683607718e+00 9.790492082193880119e-01 1.060530540977638880e+00
7.925000000000000711e+00 9.884337923611278276e-01 1.034224586186079042e+00 9.773969353806299942e-01 1.180469528959239067e+00
7.974999999999999645e+00 9.916276504988015272e-01 1.017348562614278418e+00 9.763334095376450250e-01 1.109308344161644477e+00
8.025000000000000355e+00 9.964851094550660759e-01 1.016928781528819048e+00 9.760827332275364698e-01 1.076960018417505216e+00
8.074999999999999289e+00 1.003512330729785740e+00 1.005511286213147448e+00 9.766267829374770670e-01 1.026986303378435883e+00
8.125000000000000000e+00 1.009784441141456268e+00 1.000962910935954797e+00 9.763773968233473433e-01 1.014385403507364947e+00
8.175000000000000711e+00 1.012536161600740670e+00 9.918517090169691741e-01 9.779710098832528065e-01 1.198839379855263232e+00
8.225000000000001421e+00 1.017709597430001223e+00 9.899048697399033259e-01 9.788862079135208782e-01 6.893734138040826798e-01
8.275000000000000355e+00 1.015472106352448112e+00 9.889803148283176082e-01 9.799653869415873020e-01 1.047796632463961375e+00
8.324999999999999289e+00 1.020012916229758648e+00 9.825196728823752945e-01 9.820859383442867019e-01 1.035248320682469192e+00
8.375000000000000000e+00 1.026760047645449481e+00 9.785632746326858866e-01 9.834504990208657871e-01 1.005875347631075556e+00
8.425000000000000711e+00 1.025104850429272130e+00 9.714135350480256337e-01 9.854154281833542584e-01 7.412669836130684198e-01
8.475000000000001421e+00 1.028594893314377812e+00 9.704740041790229643e-01 9.874510642842437846e-01 1.015575547767586961e+00
8.525000000000000355e+00 1.028493874504911476e+00 9.695060724971346078e-01 9.893869198067927195e-01 1.069513843934587261e+00
8.574999999999999289e+00 1.029626280645956626e+00 9.690475926341076685e-01 9.913213923205949074e-01 1.219705127755350782e+00
8.625000000000000000e+00 1.028139644152900267e+00 9.586164427620107453e-01 9.931119102500040041e-01 8.198111609099112407e-01
8.675000000000000711e+00 1.024918548314216915e+00 9.658078833674892394e-01 9.953746883946411605e-01 8.421680758539170641e-01
8.725000000000001421e+00 1.028850854333797527e+00 9.689705627674595201e-01 9.967198941476447249e-01 8.482517693027936678e-01
8.775000000000000355e+00 1.023185081064060142e+00 9.713463954665518818e-01 9.981664393100286858e-01 9.007321044504135177e-01
8.824999999999999289e+00 1.016276170706203352e+00 9.766618520922250024e-01 9.996585782231219852e-01 8.291369012228047009e-01
8.875000000000000000e+00 1.019386505509060736e+00 9.790027374748943023e-01 1.001034329853949023e+00 1.077912605423238190e+00
8.925000000000000711e+00 1.018820656095457577e+00 9.825961218197032387e-01 1.001603418685520941e+00 1.185966932359961534e+00
8.975000000000001421e+00 1.012102629697034128e+00 9.893297267113022597e-01 1.002935690055270390e+00 1.098562464761507318e+00
9.025000000000000355e+00 1.006410134140009793e+00 9.832281997591626466e-01 1.003643746849627094e+00 1.042379570006429113e+00
9.074999999999999289e+00 1.005558403187823080e+00 9.872050347903613687e-01 1.004013235425651906e+00 9.873647555596432035e-01
9.125000000000000000e+00 1.005440370200625599e+00 9.938650961200412581e-01 1.004162867805384440e+00 9.478512274423837036e-01
9.175000000000000711e+00 9.972818086619816835e-01 9.890569505006642226e-01 1.004242680848870473e+00 8.239063443115867136e-01
9.225000000000001421e+00 9.973624631865175560e-01 9.925989325852012657e-01 1.004251821193588246e+00 1.011723313553908099e+00
9.275000000000000355e+00 9.899465871832007213e-01 1.000844673629387227e+00 1.004345795105188621e+00 9.591428122281629998e-01
9.324999999999999289e+00 9.928634416305536226e-01 9.984192303008594394e-01 1.003753722557099604e+00 9.076288421786828930e-01
9.375000000000000000e+00 9.870223274324103624e-01 1.002886522535948677e+00 1.003835571476988209e+00 9.932129009933967634e-01
9.425000000000000711e+00 9.759988923614786316e-01 1.007862694438933282e+00 1.003571056265084138e+00 9.153943985073591527e-01
9.475000000000001421e+00 9.793116965360518789e-01 1.003687263096550542e+00 1.002912013520072865e+00 8.125188853499520913e-01
9.525000000000000355e+00 9.791139446452010731e-01 1.006832550360875267e+00 1.003209624467833017e+00 9.621769934589712303e-01
9.575000000000001066e+00 9.867319600709923977e-01 1.007379363182549170e+00 1.002669746618610525e+00 7.304198194865313409e-01
9.625000000000000000e+00 9.785205061083476208e-01 1.013139894784625294e+00 1.001524302492716512e+00 8.261151660260168672e-01
9.675000000000000711e+00 9.774518901000504023e-01 1.006016740860884662e+00 1.001760169298224978e+00 1.073098150228121384e+00
9.725000000000001421e+00 9.812972480725259405e-01 1.007647247621335840e+00 1.001377060396646312e+00 9.103646677132053444e-01
9.775000000000000355e+00 9.909075161113815033e-01 1.007677528887521934e+00 1.001471522846077988e+00 9.761649227902670090e-01
9.825000000000001066e+00 9.877600656763320108e-01 1.011817330243697244e+00 1.000728194841986163e+00 9.414789429040989477e-01
9.875000000000000000e+00 9.779789805670533465e-01 1.007703890900268018e+00 1.000936617749753843e+00 8.216043697711978844e-01
9.925000000000000711e+00 9.805445680237908634e-01 1.004398703392871406e+00 1.000474777031466811e+00 8.254866183702201932e-01
9.975000000000001421e+00 9.832019897407308084e-01 1.009918259428955301e+00 1.000709883556136992e+00 8.653042813999832772e-01
1.002500000000000036e+01 9.987271457013985332e-01 1.012339067198264164e+00 1.000651590595681650e+00 9.280855566044665661e-01
1.007500000000000107e+01 9.844328475941198642e-01 1.004919530958362062e+00 1.000665110078510445e+00 7.304050423134096359e-01
1.012500000000000000e+01 9.916011806849143184e-01 1.010591249055969643e+00 1.000548932298062965e+00 8.048616201491501920e-01
1.017500000000000071e+01 9.993206357473557455e-01 9.994130381686271436e-01 1.001117516332004298e+00 7.854205808067614702e-01
1.022500000000000142e+01 9.966282539465177726e-01 1.007082236503751504e+00 1.000949294404135381e+00 7.434451490374089921e-01
1.027500000000000036e+01 9.991510477545864077e-01 1.002073303774908553e+00 1.001214228464376133e+00 9.174524714965085481e-01
1.032500000000000107e+01 9.967437617524478322e-01 1.006435369919927991e+00 1.001478964844832120e+00 8.188511530394073645e-01
1.037500000000000000e+01 1.007034268267392507e+00 9.990244753605352912e-01 1.001813416373149579e+00 9.331797561387011886e-01
1.042500000000000071e+01 1.005891947064669223e+00 1.008422631245645906e+00 1.001894940457336070e+00 7.702082289928555703e-01
1.047500000000000142e+01 1.007635311001527700e+00 1.001684901849289044e+00 1.002239445108084714e+00 6.974838566726633271e-01
1.052500000000000036e+01 1.006115732212540914e+00 1.001430751817272036e+00 1.001930209588996146e+00 8.959755133809095273e-01
1.057500000000000107e+01 1.006451056127304566e+00 9.984419632368077835e-01 1.002397642453071391e+00 7.485133542520487904e-01
1.062500000000000000e+01 9.983567397183445991e-01 9.947658332486944976e-01 1.002517445718423605e+00 8.474115562596029605e-01
1.067500000000000071e+01 1.011640183647512847e+00 1.011125994871010292e+00 1.002835571822732197e+00 1.038871201505148001e+00
1.072500000000000142e+01 1.007313306029101962e+00 1.000399943503978095e+00 1.002655321468452598e+00 8.732668452788054925e-01
1.077500000000000036e+01 1.010892015982145731e+00 1.004382558188217089e+00 1.002744996962494195e+00 9.578790741065906778e-01
1.082500000000000107e+01 1.005391717861179979e+00 1.004707993121310317e+00 1.002904796680489818e+00 8.367974428255576802e-01
1.087500000000000000e+01 1.009171041072985719e+00 1.003084083577760577e+00 1.002850069384621623e+00 8.291204561602375511e-01
1.092500000000000071e+01 1.009973817293323917e+00 1.003611824832668642e+00 1.003000171856726963e+00 1.021926348010743890e+00
1.097500000000000142e+01 1.009846459379584172e+00 1.005220101962868595e+00 1.002438708086083485e+00 7.545132267604716114e-01
1.102500000000000036e+01 1.007977893846133677e+00 1.004465741470496276e+00 1.002223335477250954e+00 9.444443363058897534e-01
1.107500000000000107e+01 1.010674266855274173e+00 1.005789851447189687e+00 1.002287169887660312e+00 8.189439007566901019e-01
1.112500000000000000e+01 1.008895053353548343e+00 1.004624495858985389e+00 1.001462640790895309e+00 8.599086357830474370e-01
1.117500000000000071e+01 1.005326078871366713e+00 1.002606600393831426e+00 1.001439388740519298e+00 7.756259038040607123e-01
1.122500000000000142e+01 1.003346451682422424e+00 1.007000298920887271e+00 1.001032911535125081e+00 9.585417430777678494e-01
1.127500000000000036e+01 1.005999738653245323e+00 1.002585169706653678e+00 1.000451186399872405e+00 9.124330242958176296e-01
1.132500000000000107e+01 9.994486275429054212e-01 1.010944687599441671e+00 9.999141387241727852e-01 9.043940190462413931e-01
1.137500000000000000e+01 1.004775433088337611e+00 1.006577596530687124e+00 9.998419598346552917e-01 8.502514702366361643e-01
1.142500000000000071e+01 1.006645413368211672e+00 1.006114066705652288e+00 9.994564029575746522e-01 8.886314873838895290e-01
1.147500000000000142e+01 1.004930183348790029e+00 1.005257116905641901e+00 9.989133344944390869e-01 9.263117444136078626e-01
1.152500000000000036e+01 9.997046478933913072e-01 1.003899980925804902e+00 9.986157519056862997e-01 9.182917796270446686e-01
1.157500000000000107e+01 9.950493690690281889e-01 1.002260971230785058e+00 9.983865201188807381e-01 8.478987690184298653e-01
1.162500000000000000e+01 1.001604003711988433e+00 1.003709979813721453e+00 9.980304808183546594e-01 1.061836689949366530e+00
1.167500000000000071e+01 1.000123157261381124e+00 1.005711564727832741e+00 9.980739926422540487e-01 1.035215197867043635e+00
1.172500000000000142e+01 9.899066464608781146e-01 1.005015674657624647e+00 9.974181211398398528e-01 8.959297088456508185e-01
1.177500000000000036e+01 9.937473861464204417e-01 1.007995278752987556e+00 9.974926327350414068e-01 1.017706614754800620e+00
1.182500000000000107e+01 9.950762850304851748e-01 1.005791754402107108e+00 9.970736382591341984e-01 9.834628712981127174e-01
1.187500000000000000e+01 9.930912992202259870e-01 1.007074798088078094e+00 9.972745447384202544e-01 9.497585647055359903e-01
1.192500000000000071e+01 9.959313281120983907e-01 1.000892653077363637e+00 9.968016958734624566e-01 9.334018154990285643e-01
1.197500000000000142e+01 9.963795077458198479e-01 1.002733788073076893e+00 9.971803972355709478e-01 1.017351968405992624e+00
1.202500000000000036e+01 9.971166014172171410e-01 1.000275645172432837e+00 9.971838179293700533e-01 1.083336994589674918e+00
1.207500000000000107e+01 1.001719413194869679e+00 9.960522434346138487e-01 9.972614911598398635e-01 9.595641996381183425e-01
1.212500000000000000e+01 9.936456676574125790e-01 9.987618923523358117e-01 9.973240298654990621e-01 8.947292789213857622e-01
1.217500000000000071e+01 9.943508298665544309e-01 9.980617563925293645e-01 9.974774468093198232e-01 1.056807336745027914e+00
1.222500000000000142e+01 9.990119245550256322e-01 1.001924425780751804e+00 9.974441827551316919e-01 1.120192779125414484e+00
1.227500000000000036e+01 9.960882145157500256e-01 1.000397639266622951e+00 9.980180272989391810e-01 1.031722316046908672e+00
1.232500000000000107e+01 1.002767143234840175e+00 9.961939696983315162e-01 9.981065821399807136e-01 8.344387962514078216e-01
1.237500000000000000e+01 1.001145859740458333e+00 1.000872559437903098e+00 9.983254318524080739e-01 1.140052690659201895e+00
1.242500000000000071e+01 9.954438209296995188e-01 9.951107489113046878e-01 9.987618224100618392e-01 9.527408898271230164e-01
1.247500000000000142e+01 9.942805594936552360e-01 9.985989081113728627e-01 9.989458205729256912e-01 9.989062638848761333e-01
1.252500000000000036e+01 1.002159838940150705e+00 1.002716293734307706e+00 9.992340911044933494e-01 1.143400261966689202e+00
1.257500000000000107e+01 9.983729877609924808e-01 1.003394269546401762e+00 9.995697165036198095e-01 9.982066199909941373e-01
1.262500000000000000e+01 1.001141650997081189e+00 9.970078331894824952e-01 9.997948066405373257e-01 1.207885058118673305e+00
1.267500000000000071e+01 1.002406524609382510e+00 9.980521835667272024e-01 1.000346422593899165e+00 9.304147527041465304e-01
1.272500000000000142e+01 1.000925140717303430e+00 9.975280686129918140e-01 1.000223527168733195e+00 1.092971024865430074e+00
1.277500000000000036e+01 1.000374079838927122e+00 1.001480493805700922e+00 1.000529798445694452e+00 1.018487029016838186e+00
1.282500000000000107e+01 9.970675648116236189e-01 1.000266463257907246e+00 1.000792609350083406e+00 9.814802051097329949e-01
1.287500000000000000e+01 9.999572080512214578e-01 1.001068143369221453e+00 1.001138565126197477e+00 1.002727332480520372e+00
1.292500000000000071e+01 1.000009331538849855e+00 9.954638996514955096e-01 1.001210155903723864e+00 9.949843029011763429e-01
1.297500000000000142e+01 9.975377671376145505e-01 9.982054583451377416e-01 1.001386325051582427e+00 1.122289476475167858e+00
1.302500000000000036e+01 9.964068066766080811e-01 9.955821124796149224e-01 1.001573692037479590e+00 9.586188956502764702e-01
1.307500000000000107e+01 1.005497420479496196e+00 9.974743137838204543e-01 1.001677050699405713e+00 9.303166438752052958e-01
1.312500000000000000e+01 9.979690976315310769e-01 9.996073316039237877e-01 1.001826097386109504e+00 1.055133744930913275e+00
1.317500000000000071e+01 9.987927738238121522e-01 9.947144377399969040e-01 1.001432049731025620e+00 1.033362183399124223e+00
1.322500000000000142e+01 9.985362502202227430e-01 1.005263945210306042e+00 1.001617137974553318e+00 9.435181998287588412e-01
1.327500000000000036e+01 9.990966702276968814e-01 1.002475939847717656e+00 1.001485773134959789e+00 1.085709114866143743e+00
1.332500000000000107e+01 9.977213469503455334e-01 1.000179568342087766e+00 1.001901845393114332e+00 1.010227969209155141e+00
1.337500000000000000e+01 9.994269081199335103e-01 1.001151533182101927e+00 1.001523009398981090e+00 9.425276502549001512e-01
1.342500000000000071e+01 9.981401709114738896e-01 9.990889607414393803e-01 1.001587502552691689e+00 1.015138769123862028e+00
1.347500000000000142e+01 9.976945368004753734e-01 1.005235216862501613e+00 1.001565638757208054e+00 1.014205003975584773e+00
1.352500000000000036e+01 9.927110313392452090e-01 1.003203146982906580e+00 1.001486924497926534e+00 1.006720130295236881e+00
1.357500000000000107e+01 9.978058550018893413e-01 1.002633728057365614e+00 1.001259367571266656e+00 1.031763193307409399e+00
1.362500000000000000e+01 9.970019080684909829e-01 1.001137375385857009e+00 1.001040378708497380e+00 9.726722195051082931e-01
1.367500000000000071e+01 9.970590682456480502e-01 1.007040913282534422e+00 1.000821347775374015e+00 8.760491800470345813e-01
1.372500000000000142e+01 1.000662865878783281e+00 1.004008269347058668e+00 1.000883967212369718e+00 1.161686593347992069e+00
1.377500000000000036e+01 9.934873417076489632e-01 1.011290532022177002e+00 1.000629540520838745e+00 1.020926311841969802e+00
1.382500000000000107e+01 1.003625949436029563e+00 1.003995083677124311e+00 1.000547419917400038e+00 9.947854971874393604e-01
1.387500000000000000e+01 9.944303925229234231e-01 1.008723058335067702e+00 1.000572275883949702e+00 8.820332661123403417e-01
1.392500000000000071e+01 9.998270164496024792e-01 1.003558036427594891e+00 1.000094835847295416e+00 9.435472010460331793e-01
1.397500000000000142e+01 9.971429151662022372e-01 1.004153664904405163e+00 9.996869907262224686e-01 9.123159047967145385e-01
1.402500000000000036e+01 9.975599145115924271e-01 1.005402271082498356e+00 1.000123939556046171e+00 9.605366962815017340e-01
1.407500000000000107e+01 9.979156509208100267e-01 1.000637990844747582e+00 1.000011381836268365e+00 8.933621036424889139e-01
1.412500000000000000e+01 1.000746672742675258e+00 1.001274107055434071e+00 9.996424410603406141e-01 8.990357603845081647e-01
1.417500000000000071e+01 9.989006820295815992e-01 9.990197093027672892e-01 9.998550903168943460e-01 9.998290947604306922e-01
1.422500000000000142e+01 1.002132218135054043e+00 1.000613450966978846e+00 9.996442056721523972e-01 9.396263802489347450e-01
1.427500000000000036e+01 1.001767215546461864e+00 1.001485538386228891e+00 9.994709011804032706e-01 1.185391382647577707e+00
1.432500000000000107e+01 9.955788114299337632e-01 1.004518013026313605e+00 9.995318382615574482e-01 9.440356314299470641e-01
1.437500000000000000e+01 9.972875974651392861e-01 9.992956561666243021e-01 9.997419081513686523e-01 9.664144182938944061e-01
1.442500000000000071e+01 1.001994648144465927e+00 9.991212156413989964e-01 9.995643449082919352e-01 9.999545110672886095e-01
1.447500000000000142e+01 1.004233059984219079e+00 1.007537547087566709e+00 9.995199482177872241e-01 8.560847417999345454e-01
1.452500000000000036e+01 1.000964334180273863e+00 1.002851780447138408e+00 9.995166685615952673e-01 9.805651776804363839e-01
1.457500000000000107e+01 9.953750076017862103e-01 1.002236984111007700e+00 9.994945352482771384e-01 9.851073741704329256e-01
1.462500000000000000e+01 9.996783253584841100e-01 1.004150933897689502e+00 9.995532376791639306e-01 8.609771437970492602e-01
1.467500000000000071e+01 9.999519948749865383e-01 1.002256377175776425e+00 9.996732812238880994e-01 9.883856615435527848e-01
1.472500000000000142e+01 1.000083084325423588e+00 1.000243021731374027e+00 9.994521588343636687e-01 9.485942697752949293e-01
1.477500000000000036e+01 1.001148117560858308e+00 1.004588187912941910e+00 9.993413575539022986e-01 8.928845022127986919e-01
1.482500000000000107e+01 1.003770248072059612e+00 1.003721279688545298e+00 9.998025467112873210e-01 9.031946292650455677e-01
1.487500000000000000e+01 1.000805842263247536e+00 9.987899953487673343e-01 9.996546693735270939e-01 9.241550197751162710e-01
1.492500000000000071e+01 1.001294253113109933e+00 9.995656716155711941e-01 9.996184309291047398e-01 9.823925902161104728e-01
1.497500000000000142e+01 9.997701558894357410e-01 1.003220268648509661e+00 9.998717395804100905e-01 9.811758078355098389e-01
1.502500000000000036e+01 1.003276328721361077e+00 1.002789000525702301e+00 9.998377409727924325e-01 9.163888896627586655e-01
1.507500000000000107e+01 1.002378205817662904e+00 1.001283716897690690e+00 9.997854668055682348e-01 9.734637028597477038e-01
1.512500000000000000e+01 9.976907213380739048e-01 1.006299975142058933e+00 9.999000743625425791e-01 1.045446727867040515e+00
1.517500000000000071e+01 9.998146184721783403e-01 1.007520799070259265e+00 9.999821084647730896e-01 9.191334001754238869e-01
1.522500000000000142e+01 9.988299767843510368e-01 9.991498219351415688e-01 9.999854328679604887e-01 1.016282172673459439e+00
1.527500000000000036e+01 1.000368568082047105e+00 9.971705211101928867e-01 9.999758848144453260e-01 9.686392270519998959e-01
1.532500000000000107e+01 9.994167463294326703e-01 1.003255878539558887e+00 9.997903437920133696e-01 9.928790198601995520e-01
1.537500000000000000e+01 1.002401853751494043e+00 1.002917833449827434e+00 1.000070151611974101e+00 1.031959396666808582e+00
1.542500000000000071e+01 9.999546482793617574e-01 9.991957399913545812e-01 9.999689217862355317e-01 9.046588863660977031e-01
1.547500000000000142e+01 9.944571008505060927e-01 1.001842424885202698e+00 9.993601570563023229e-01 9.887046375050225766e-01
1.552500000000000036e+01 1.002439880018968665e+00 1.000336269481339135e+00 9.971131511527333569e-01 1.002191812738588039e+00
1.557500000000000107e+01 9.878901198493870162e-01 9.941210612146907932e-01 9.920924362824001808e-01 9.168948528057904168e-01
1.562500000000000000e+01 9.842422802118651060e-01 9.847761669702135290e-01 9.842134699190888680e-01 8.081772030045771826e-01
1.567500000000000071e+01 9.740894992322531865e-01 9.810198879791141024e-01 9.751242491004046276e-01 9.393012838091058248e-01
1.572500000000000142e+01 9.668650965540696030e-01 9.667538698070056169e-01 9.656573385031025358e-01 8.221107391685807952e-01
1.577500000000000036e+01 9.563488330861231734e-01 9.584007125730428234e-01 9.563549743085687505e-01 8.985982764730077177e-01
1.582500000000000107e+01 9.470489922973559516e-01 9.499092298077480567e-01 9.469343058457290185e-01 9.263540517797608231e-01
1.587500000000000000e+01 9.376810816389081760e-01 9.395695874228430222e-01 9.375736360987789730e-01 8.920580084918389163e-01
1.592500000000000071e+01 9.301188818950700821e-01 9.304819554023848749e-01 9.284522896221681920e-01 8.581737445624652016e-01
1.597500000000000142e+01 9.170473998279625727e-01 9.203977255200717078e-01 9.191463905884944552e-01 8.856105675645216113e-01
1.602499999999999858e+01 9.087539845976859709e-01 9.142254607674089595e-01 9.102475066724263764e-01 8.055875552017611740e-01
1.607500000000000284e+01 9.019387719733531483e-01 9.014251025205560763e-01 9.011921927587607239e-01 6.895202564572432413e-01
1.612500000000000000e+01 8.913779131637483699e-01 8.907524493509826335e-01 8.920416958330433799e-01 8.278197521900461098e-01
1.617500000000000071e+01 8.796321448599687676e-01 8.822922397829555674e-01 8.830944183735802699e-01 8.455628191624713352e-01
1.622500000000000142e+01 8.741963286884880668e-01 8.754455115389541131e-01 8.742649565230511399e-01 8.221894397612685701e-01
1.627499999999999858e+01 8.654201288205434217e-01 8.662688764754825632e-01 8.655108184103966762e-01 7.945722727090486215e-01
1.632500000000000284e+01 8.547067563386616662e-01 8.562906683789144324e-01 8.567510976993066851e-01 7.044594626619938849e-01
1.637500000000000000e+01 8.496378545566880547e-01 8.488261994837584812e-01 8.480675428113051417e-01 6.957043482253203459e-01
1.642500000000000071e+01 8.400226355702936631e-01 8.378152341122723223e-01 8.394094478134669357e-01 6.914751555247705683e-01
1.647500000000000142e+01 8.275741372035553267e-01 8.315216168910304351e-01 8.307163750914783318e-01 7.753977957540378885e-01
1.652499999999999858e+01 8.210673116424019868e-01 8.241545411994016801e-01 8.222725835776507619e-01 7.838497740467414987e-01
1.657500000000000284e+01 8.147065205039958347e-01 8.151330820937966459e-01 8.136516162817410969e-01 6.311370461339684823e-01
1.662500000000000000e+01 8.044398562136131359e-01 8.064733239997952108e-01 8.052368717491436012e-01 7.657953152217452653e-01
1.667500000000000071e+01 7.947416618983723646e-01 7.985047043404092104e-01 7.966419252210620305e-01 7.397066286060924867e-01
1.672500000000000142e+01 7.854441336229582848e-01 7.924721426560942250e-01 7.883377239698419192e-01 6.155920320995036388e-01
1.677499999999999858e+01 7.811003456622152008e-01 7.792135682645000561e-01 7.800498865955358685e-01 6.161773033078788986e-01
1.682500000000000284e+01 7.694482212949299571e-01 7.713069041170688145e-01 7.718350995323292052e-01 7.096788957257423869e-01
1.687500000000000000e+01 7.631861781873154893e-01 7.637110886222915340e-01 7.636615706714975360e-01 6.172946715318164967e-01
1.692500000000000071e+01 7.538411875022690278e-01 7.580365690654357058e-01 7.555181879630467057e-01 6.220018436933808514e-01
1.697500000000000142e+01 7.453564861219215132e-01 7.476555601690666464e-01 7.473250910995318241e-01 6.722924108980284919e-01
1.702499999999999858e+01 7.378659427246699876e-01 7.386044275093930356e-01 7.394084930434901004e-01 7.467360113679916145e-01
1.707500000000000284e+01 7.299621484219115386e-01 7.334689198049750836e-01 7.312917192589932780e-01 6.562379196376225687e-01
1.712500000000000000e+01 7.207760372859653986e-01 7.254285465838127278e-01 7.234981589048032902e-01 6.034806100625850211e-01
1.717500000000000071e+01 7.172543784840529346e-01 7.158395796184446880e-01 7.154505788461064109e-01 6.688877158319839200e-01
1.722500000000000142e+01 7.075707642496517069e-01 7.084856569557617112e-01 7.075615830796757599e-01 5.561902794853722520e-01
1.727499999999999858e+01 6.983877884536765501e-01 7.013209618676503609e-01 6.996431546183172756e-01 6.050671933197457886e-01
1.732500000000000284e+01 6.881196255334944833e-01 6.933067571811398766e-01 6.919057216878494732e-01 5.657240353038769376e-01
1.737500000000000000e+01 6.856146796834868828e-01 6.815545770381529200e-01 6.841593725302176354e-01 6.258499687441703152e-01
1.742500000000000071e+01 6.771368419582173281e-01 6.745808357788866116e-01 6.763994755284309379e-01 5.513726735074153673e-01
1.747500000000000142e+01 6.679732411454877283e-01 6.709649668138514267e-01 6.688826865899574203e-01 5.873806940504697760e-01
1.752499999999999858e+01 6.601373028868982029e-01 6.642372201951207700e-01 6.610071706225721933e-01 6.541178611409229626e-01
1.757500000000000284e+01 6.520621385688514238e-01 6.574898922114754685e-01 6.533547027373037830e-01 6.504012924114437322e-01
1.762500000000000000e+01 6.494417564415756461e-01 6.464044994897274465e-01 6.460061992333346881e-01 6.120707925777706393e-01
1.767500000000000071e+01 6.393496337255535344e-01 6.417534627980533424e-01 6.385611318567340211e-01 6.775123341281386047e-01
1.772500000000000142e+01 6.311345729894201062e-01 6.308681397909178257e-01 6.309608813811279360e-01 5.062230771544277141e-01
1.777499999999999858e+01 6.239857476335934905e-01 6.251514677351981408e-01 6.236293552061665801e-01 5.336575789813344795e-01
1.782500000000000284e+01 6.152097044581212870e-01 6.166963273223838859e-01 6.160938047209014723e-01 5.080862953808897853e-01
1.787500000000000000e+01 6.078318546102852160e-01 6.096582319580460263e-01 6.088460105138538969e-01 5.763567859736712373e-01
1.792500000000000071e+01 6.005973482249465922e-01 6.022014123799941387e-01 6.015349106975287352e-01 5.880327992981705387e-01
1.797500000000000142e+01 5.932413641917084757e-01 5.973125196013464588e-01 5.943896298739463901e-01 5.477554551149345086e-01
1.802499999999999858e+01 5.868188916801468924e-01 5.869550718818061785e-01 5.870151899200198864e-01 5.373597146558628523e-01
1.807500000000000284e+01 5.809963574938363795e-01 5.793053397649321479e-01 5.800166579541091716e-01 5.563521532325549357e-01
1.812500000000000000e+01 5.736747526663114050e-01 5.763319856118283013e-01 5.728480328962840540e-01 6.078875368511241772e-01
1.817500000000000071e+01 5.682348331396790408e-01 5.682058727802123954e-01 5.658144059364464962e-01 5.212864703993386195e-01
1.822500000000000142e+01 5.601205349590340221e-01 5.599873272215775133e-01 5.588601809505663320e-01 5.544322045487288797e-01
1.827499999999999858e+01 5.497590619543984980e-01 5.528956113989901278e-01 5.518068348827682712e-01 5.370803843478926254e-01
1.832500000000000284e+01 5.415568908608595633e-01 5.472224792284817729e-01 5.447937899899615299e-01 5.626417109266619310e-01
1.837500000000000000e+01 5.378380283910285664e-01 5.400586555726509808e-01 5.378599796625943563e-01 5.277088517731021167e-01
1.842500000000000071e+01 5.322669787734550795e-01 5.326967206196449034e-01 5.309905186812018396e-01 4.543991652335162557e-01
1.847500000000000142e+01 5.239350205751385214e-01 5.261772182037959267e-01 5.242341297388014576e-01 5.115013340374742201e-01
1.852499999999999858e+01 5.194832962452924363e-01 5.194728426030772450e-01 5.173511783481621329e-01 4.599602574715834780e-01
1.857500000000000284e+01 5.079877247855029143e-01 5.112074653639647748e-01 5.105532237826986286e-01 4.020343456421689998e-01
1.862500000000000000e+01 5.030818400187238026e-01 5.049330024855936960e-01 5.038715107653453096e-01 5.412150973902591922e-01
1.867500000000000071e+01 4.963181600796716109e-01 4.944323225111478259e-01 4.971796929720672109e-01 4.594586076039793854e-01
1.872500000000000142e+01 4.896194518328955136e-01 4.917578407958468900e-01 4.905216132396510997e-01 4.501871500950266891e-01
1.877499999999999858e+01 4.840399926849645595e-01 4.821606209503921381e-01 4.838570151531607078e-01 5.156398982942469456e-01
1.882500000000000284e+01 4.768323869742456811e-01 4.794643964699636940e-01 4.772805372064589102e-01 5.466481260337400228e-01
1.887500000000000000e+01 4.716276128109109789e-01 4.712583958997139666e-01 4.707848114372736870e-01 4.665559150580141923e-01
1.892500000000000071e+01 4.635529978979577859e-01 4.628718816936679969e-01 4.641239268621790703e-01 3.806237612207550858e-01
1.897500000000000142e+01 4.574964289427636555e-01 4.563007853125420898e-01 4.576573227206037209e-01 3.852629475158482752e-01
1.902499999999999858e+01 4.514441815626489274e-01 4.510113840173142763e-01 4.513134238431889544e-01 4.096709589427159348e-01
1.907500000000000284e+01 4.440686912700352873e-01 4.436874571860994765e-01 4.448393691167144559e-01 4.633966020254367546e-01
1.912500000000000000e+01 4.376892811053521570e-01 4.373034991176288355e-01 4.384574318910090529e-01 4.544381041825254486e-01
1.917500000000000426e+01 4.302287229998784102e-01 4.342583364663358259e-01 4.321727074063552165e-01 4.943512888632149993e-01
1.922500000000000142e+01 4.254248533088934026e-01 4.297376628720598335e-01 4.258566131067819671e-01 3.720728430338637871e-01
1.927499999999999858e+01 4.186758474241825678e-01 4.199182471928269988e-01 4.193599075869545723e-01 4.441740105516474579e-01
1.932500000000000284e+01 4.126249024135543730e-01 4.153818402781098151e-01 4.131863507283591308e-01 4.162623953451862757e-01
1.937500000000000000e+01 4.072965338696566406e-01 4.067645531631265410e-01 4.069648900890767140e-01 4.332297969346961541e-01
1.942500000000000426e+01 3.992191414859649901e-01 4.036432543493574387e-01 4.007337536380779497e-01 3.834653699645296787e-01
1.947500000000000142e+01 3.953841834767777286e-01 3.954440882604055574e-01 3.946027854791369638e-01 3.941104186038501545e-01
1.952499999999999858e+01 3.888605173981406482e-01 3.900744420102055798e-01 3.884543137562460613e-01 3.826842446302959888e-01
1.957500000000000284e+01 3.828913388188308620e-01 3.816960906953377752e-01 3.824197057681590906e-01 3.682487691179706091e-01
1.962500000000000000e+01 3.766394359183986018e-01 3.773783951269173986e-01 3.763484163948084271e-01 4.129477929957877658e-01
1.967500000000000426e+01 3.698498602032803118e-01 3.689354836748433564e-01 3.702852949556296736e-01 4.108516158179549849e-01
1.972500000000000142e+01 3.633086074896062501e-01 3.642951909949879719e-01 3.641923834614832489e-01 4.087713589276329995e-01
1.977499999999999858e+01 3.579112119715778251e-01 3.582475860675671253e-01 3.582562155921024116e-01 3.180264180262305507e-01
1.982500000000000284e+01 3.504611803805191550e-01 3.540452937829712265e-01 3.523871575703040326e-01 3.985728826156425542e-01
1.987500000000000000e+01 3.473983542896169618e-01 3.479916956756828883e-01 3.464200372705612541e-01 3.027251969723999681e-01
1.992500000000000426e+01 3.386057386660926705e-01 3.407653984531656133e-01 3.405944570135059912e-01 3.222923252675057304e-01
1.997500000000000142e+01 3.342783351713896622e-01 3.345900249860505049e-01 3.345897672425499070e-01 3.116898146608258480e-01
