# r (Angstroms), cation-water g(r), anion-water g(r), water-water g(r), cation-anion g(r)
2.500000000000000139e-02 0.000000000000000000e+00 0.000000000000000000e+00 5.779315880421583279e+04 0.000000000000000000e+00
7.500000000000001110e-02 0.000000000000000000e+00 0.000000000000000000e+00 0.000000000000000000e+00 0.000000000000000000e+00
1.250000000000000000e-01 0.000000000000000000e+00 0.000000000000000000e+00 0.000000000000000000e+00 0.000000000000000000e+00
1.750000000000000167e-01 0.000000000000000000e+00 0.000000000000000000e+00 0.000000000000000000e+00 0.000000000000000000e+00
2.250000000000000056e-01 0.000000000000000000e+00 0.000000000000000000e+00 0.000000000000000000e+00 0.000000000000000000e+00
2.750000000000000222e-01 0.000000000000000000e+00 0.000000000000000000e+00 0.000000000000000000e+00 0.000000000000000000e+00
3.250000000000000666e-01 0.000000000000000000e+00 0.000000000000000000e+00 0.000000000000000000e+00 0.000000000000000000e+00
3.750000000000000000e-01 0.000000000000000000e+00 0.000000000000000000e+00 0.000000000000000000e+00 0.000000000000000000e+00
4.250000000000000444e-01 0.000000000000000000e+00 0.000000000000000000e+00 0.000000000000000000e+00 0.000000000000000000e+00
4.749999999999999778e-01 0.000000000000000000e+00 0.000000000000000000e+00 0.000000000000000000e+00 0.000000000000000000e+00
5.250000000000000222e-01 0.000000000000000000e+00 0.000000000000000000e+00 0.000000000000000000e+00 0.000000000000000000e+00
5.750000000000000666e-01 0.000000000000000000e+00 0.000000000000000000e+00 0.000000000000000000e+00 0.000000000000000000e+00
6.250000000000000000e-01 0.000000000000000000e+00 0.000000000000000000e+00 0.000000000000000000e+00 0.000000000000000000e+00
6.750000000000000444e-01 0.000000000000000000e+00 0.000000000000000000e+00 0.000000000000000000e+00 0.000000000000000000e+00
7.250000000000000888e-01 0.000000000000000000e+00 0.000000000000000000e+00 0.000000000000000000e+00 0.000000000000000000e+00
7.750000000000000222e-01 0.000000000000000000e+00 0.000000000000000000e+00 0.000000000000000000e+00 0.000000000000000000e+00
8.250000000000000666e-01 0.000000000000000000e+00 0.000000000000000000e+00 0.000000000000000000e+00 0.000000000000000000e+00
8.750000000000000000e-01 0.000000000000000000e+00 0.000000000000000000e+00 0.000000000000000000e+00 0.000000000000000000e+00
9.250000000000000444e-01 0.000000000000000000e+00 0.000000000000000000e+00 0.000000000000000000e+00 0.000000000000000000e+00
9.750000000000000888e-01 0.000000000000000000e+00 0.000000000000000000e+00 0.000000000000000000e+00 0.000000000000000000e+00
1.024999999999999911e+00 0.000000000000000000e+00 0.000000000000000000e+00 0.000000000000000000e+00 0.000000000000000000e+00
1.075000000000000178e+00 0.000000000000000000e+00 0.000000000000000000e+00 0.000000000000000000e+00 0.000000000000000000e+00
1.125000000000000000e+00 0.000000000000000000e+00 0.000000000000000000e+00 0.000000000000000000e+00 0.000000000000000000e+00
1.175000000000000266e+00 0.000000000000000000e+00 0.000000000000000000e+00 0.000000000000000000e+00 0.000000000000000000e+00
1.225000000000000089e+00 0.000000000000000000e+00 0.000000000000000000e+00 0.000000000000000000e+00 0.000000000000000000e+00
1.274999999999999911e+00 0.000000000000000000e+00 0.000000000000000000e+00 0.000000000000000000e+00 0.000000000000000000e+00
1.325000000000000178e+00 0.000000000000000000e+00 0.000000000000000000e+00 0.000000000000000000e+00 0.000000000000000000e+00
1.375000000000000000e+00 0.000000000000000000e+00 0.000000000000000000e+00 0.000000000000000000e+00 0.000000000000000000e+00
1.425000000000000266e+00 0.000000000000000000e+00 0.000000000000000000e+00 0.000000000000000000e+00 0.000000000000000000e+00
1.475000000000000089e+00 0.000000000000000000e+00 0.000000000000000000e+00 0.000000000000000000e+00 0.000000000000000000e+00
1.524999999999999911e+00 0.000000000000000000e+00 0.000000000000000000e+00 0.000000000000000000e+00 0.000000000000000000e+00
1.575000000000000178e+00 0.000000000000000000e+00 0.000000000000000000e+00 0.000000000000000000e+00 0.000000000000000000e+00
1.625000000000000000e+00 0.000000000000000000e+00 0.000000000000000000e+00 0.000000000000000000e+00 0.000000000000000000e+00
1.675000000000000266e+00 0.000000000000000000e+00 0.000000000000000000e+00 0.000000000000000000e+00 0.000000000000000000e+00
1.725000000000000089e+00 0.000000000000000000e+00 0.000000000000000000e+00 0.000000000000000000e+00 0.000000000000000000e+00
1.774999999999999911e+00 0.000000000000000000e+00 0.000000000000000000e+00 0.000000000000000000e+00 0.000000000000000000e+00
1.825000000000000178e+00 0.000000000000000000e+00 0.000000000000000000e+00 0.000000000000000000e+00 0.000000000000000000e+00
1.875000000000000000e+00 0.000000000000000000e+00 0.000000000000000000e+00 0.000000000000000000e+00 0.000000000000000000e+00
1.925000000000000266e+00 0.000000000000000000e+00 0.000000000000000000e+00 0.000000000000000000e+00 0.000000000000000000e+00
1.975000000000000089e+00 0.000000000000000000e+00 0.000000000000000000e+00 0.000000000000000000e+00 0.000000000000000000e+00
2.025000000000000355e+00 0.000000000000000000e+00 0.000000000000000000e+00 0.000000000000000000e+00 0.000000000000000000e+00
2.075000000000000178e+00 0.000000000000000000e+00 0.000000000000000000e+00 0.000000000000000000e+00 0.000000000000000000e+00
2.125000000000000000e+00 0.000000000000000000e+00 0.000000000000000000e+00 0.000000000000000000e+00 0.000000000000000000e+00
2.174999999999999822e+00 0.000000000000000000e+00 0.000000000000000000e+00 0.000000000000000000e+00 0.000000000000000000e+00
2.225000000000000089e+00 0.000000000000000000e+00 0.000000000000000000e+00 0.000000000000000000e+00 0.000000000000000000e+00
2.275000000000000355e+00 1.453864967682471504e-03 0.000000000000000000e+00 0.000000000000000000e+00 0.000000000000000000e+00
2.325000000000000178e+00 7.962285247056903603e-02 0.000000000000000000e+00 0.000000000000000000e+00 0.000000000000000000e+00
2.375000000000000000e+00 1.043040546775885202e+00 0.000000000000000000e+00 1.002620990222506042e-05 0.000000000000000000e+00
2.425000000000000266e+00 4.841345859271891428e+00 0.000000000000000000e+00 8.011729789178189363e-04 0.000000000000000000e+00
2.475000000000000089e+00 1.067438744325357547e+01 0.000000000000000000e+00 1.739491775157320577e-02 0.000000000000000000e+00
2.525000000000000355e+00 1.364475699709422685e+01 0.000000000000000000e+00 1.450756998823380106e-01 0.000000000000000000e+00
2.575000000000000178e+00 1.187301240256754831e+01 0.000000000000000000e+00 5.943819805720277349e-01 0.000000000000000000e+00
2.625000000000000000e+00 7.861794255044078028e+00 0.000000000000000000e+00 1.440240398015951939e+00 0.000000000000000000e+00
2.675000000000000266e+00 4.413541825111048311e+00 0.000000000000000000e+00 2.374384347811144380e+00 0.000000000000000000e+00
2.725000000000000089e+00 2.249189498075884863e+00 0.000000000000000000e+00 2.963804389484241408e+00 0.000000000000000000e+00
2.775000000000000355e+00 1.073002200140677820e+00 0.000000000000000000e+00 3.058043298065994620e+00 0.000000000000000000e+00
2.825000000000000178e+00 5.019889536723909362e-01 0.000000000000000000e+00 2.782972844519181699e+00 0.000000000000000000e+00
2.875000000000000000e+00 2.474384367799339068e-01 0.000000000000000000e+00 2.346688750721563466e+00 5.038895318531766768e-03
2.925000000000000266e+00 1.252777671145864080e-01 1.231317565012784337e-04 1.913266582630821722e+00 4.868101944532686985e-03
2.975000000000000089e+00 6.464907278952454484e-02 4.114959393757217435e-03 1.557517184109193265e+00 2.823508294766057664e-02
3.025000000000000355e+00 3.618231798817379830e-02 4.016237296687291680e-02 1.293533586600836172e+00 5.006728251613549313e-02
3.075000000000000178e+00 2.221876728426744677e-02 2.099800836542553006e-01 1.109352800571667075e+00 5.285711042338982202e-02
3.125000000000000000e+00 1.513340066322871671e-02 6.793232531932638096e-01 9.880776951986294243e-01 7.676887515669435225e-02
3.175000000000000266e+00 1.215240741641823545e-02 1.493163611990769413e+00 9.100278003657333858e-01 6.610670766572475376e-02
3.225000000000000089e+00 8.045277068724316152e-03 2.480622272882402335e+00 8.642756519654463121e-01 2.803185791616219502e-02
3.275000000000000355e+00 8.503073452647247690e-03 3.256368439928321479e+00 8.402668430414201861e-01 1.164963157435706075e-02
3.325000000000000178e+00 7.323608892862651550e-03 3.589670982633409224e+00 8.277047676412668809e-01 1.883651264962582506e-02
3.375000000000000000e+00 6.976101259693679064e-03 3.498620480240314912e+00 8.264882067868815074e-01 1.462603048197140543e-02
3.425000000000000266e+00 8.185140996672595620e-03 3.123696128322638543e+00 8.295555670626572065e-01 0.000000000000000000e+00
3.475000000000000089e+00 9.122803519494815730e-03 2.618269535787688618e+00 8.380341213738929929e-01 6.898185448142597070e-03
3.525000000000000355e+00 1.104596505481800044e-02 2.103844541614031005e+00 8.483859246009554100e-01 0.000000000000000000e+00
3.575000000000000178e+00 1.337683932583607488e-02 1.661507067672068905e+00 8.600344210967429959e-01 0.000000000000000000e+00
3.625000000000000000e+00 1.754568018450197026e-02 1.306282761412484117e+00 8.735774837171037532e-01 3.169560699125926508e-03
3.675000000000000266e+00 2.172939206865923817e-02 1.040659587641034722e+00 8.875502737067942904e-01 6.167804364104045346e-03
3.725000000000000089e+00 2.917612130851258978e-02 8.473873626734095277e-01 9.017918448400022990e-01 3.001669729416676577e-03
3.775000000000000355e+00 3.643453112011173917e-02 7.188691401002916814e-01 9.172968922111822687e-01 2.922683039852441798e-03
3.825000000000000178e+00 4.781139408868767537e-02 6.378007054808499943e-01 9.338213852329858566e-01 0.000000000000000000e+00
3.875000000000000000e+00 6.518766786619663300e-02 5.823892707104993960e-01 9.504488889306875743e-01 0.000000000000000000e+00
3.925000000000000266e+00 9.030443763202959662e-02 5.572811498438727806e-01 9.666734487693968703e-01 5.407129622385155668e-03
3.975000000000000089e+00 1.212312338379869653e-01 5.445880755751683067e-01 9.840099209982146045e-01 7.907937766655302042e-03
4.025000000000000355e+00 1.665067836562742487e-01 5.539202463655612529e-01 1.001170915384160587e+00 2.570896695875580281e-03
4.075000000000000178e+00 2.293854258085204767e-01 5.666481619054178909e-01 1.017827702095966291e+00 1.755736531598404981e-02
4.125000000000000000e+00 3.128533026853091426e-01 5.962538885906205621e-01 1.033403327216201539e+00 2.202983613206586228e-02
4.175000000000000711e+00 4.247105243670046271e-01 6.272056641917527209e-01 1.048553693047234336e+00 1.911585893369685540e-02
4.224999999999999645e+00 5.606910491766062821e-01 6.663391235365253573e-01 1.062253368998277603e+00 4.433197566060522593e-02
4.275000000000000355e+00 7.079359796248876346e-01 7.038514802077330268e-01 1.074723836849168501e+00 4.330104649244562870e-02
4.325000000000000178e+00 8.901789244728430806e-01 7.530661713513684408e-01 1.085276737837682415e+00 6.234518976283925235e-02
4.375000000000000000e+00 1.074127907600008536e+00 7.995927343201467696e-01 1.091328654519544861e+00 1.088005630730921464e-01
4.425000000000000711e+00 1.257944985714162689e+00 8.503384059578695808e-01 1.096598503172389938e+00 1.403895380626522249e-01
4.474999999999999645e+00 1.437968998238565721e+00 8.988997171491315274e-01 1.100366583572779611e+00 2.079846975345056026e-01
4.525000000000000355e+00 1.591397781868977512e+00 9.484264490113590851e-01 1.101258614763691801e+00 2.725744803648729175e-01
4.575000000000000178e+00 1.734433062068694742e+00 9.900198967328908140e-01 1.101089313698768057e+00 3.979838568659977982e-01
4.625000000000000000e+00 1.835414315123905071e+00 1.030981753814117940e+00 1.099229337373696547e+00 6.230806362789913511e-01
4.675000000000000711e+00 1.914913801377482239e+00 1.071440848770648380e+00 1.096429655403883929e+00 8.709050527198826108e-01
4.724999999999999645e+00 1.939234388406278820e+00 1.111320520440602255e+00 1.091543007742211691e+00 1.262998895296108648e+00
4.775000000000000355e+00 1.936907428268210385e+00 1.146986831593649558e+00 1.084570966513378698e+00 1.556362847489775270e+00
4.825000000000001066e+00 1.900398814159676597e+00 1.170374263398643588e+00 1.074867357974560234e+00 2.182645926574467321e+00
4.875000000000000000e+00 1.826014709339096598e+00 1.191761590778185331e+00 1.062064807526542864e+00 2.888192530983702433e+00
4.925000000000000711e+00 1.745644517084991465e+00 1.206645500936883719e+00 1.047759433901278570e+00 3.509834769858560577e+00
4.974999999999999645e+00 1.631247548615483156e+00 1.216345713044760579e+00 1.031342475563182148e+00 3.907458462240621433e+00
5.025000000000000355e+00 1.522334659886924291e+00 1.221363963536980179e+00 1.016509711885247746e+00 4.318330793561390379e+00
5.075000000000001066e+00 1.402183451667841974e+00 1.223915825092678711e+00 1.002509217824115062e+00 4.652498439376696382e+00
5.125000000000000000e+00 1.293192509089868159e+00 1.218589876904918157e+00 9.881385751514707438e-01 4.915780585044021045e+00
5.175000000000000711e+00 1.192402550583021359e+00 1.211014874073628400e+00 9.763905878001748473e-01 4.941002895888592761e+00
5.224999999999999645e+00 1.093594539388937470e+00 1.197976092989751828e+00 9.637747214552284669e-01 4.843840189855054490e+00
5.275000000000000355e+00 1.027604641957714504e+00 1.189798227034232214e+00 9.522517510530387197e-01 4.878183818503731395e+00
5.325000000000001066e+00 9.624875637064990164e-01 1.171879985641323341e+00 9.420591114494231144e-01 4.766441491943408160e+00
5.375000000000000000e+00 9.163468109398283934e-01 1.155310230785672632e+00 9.318400382305954688e-01 4.672409975358389644e+00
5.425000000000000711e+00 8.892653561472226853e-01 1.140555688904155707e+00 9.226146374340953304e-01 4.599416956697341519e+00
5.474999999999999645e+00 8.668716936214625468e-01 1.119115993165282097e+00 9.158958877631312445e-01 4.493561919797858906e+00
5.525000000000000355e+00 8.486595113797272827e-01 1.097552107339751171e+00 9.082718574435061365e-01 4.106964484185355424e+00
5.575000000000001066e+00 8.454461205311822880e-01 1.078704027279338673e+00 9.042594913599333317e-01 3.882199247100473372e+00
5.625000000000000000e+00 8.334794541444693339e-01 1.057881061675301826e+00 9.023237322310934116e-01 3.746355299934574834e+00
5.675000000000000711e+00 8.368205645709316798e-01 1.036097825119994154e+00 9.031636723396120336e-01 3.362488341339411768e+00
5.724999999999999645e+00 8.415621724233953715e-01 1.016733800545899680e+00 9.050347399919339564e-01 3.067647851113477486e+00
5.775000000000000355e+00 8.421791061655881094e-01 9.984552524331389289e-01 9.098958724290537869e-01 2.787465369361085799e+00
5.825000000000001066e+00 8.486210823288309335e-01 9.742114670446607727e-01 9.155451720679489425e-01 2.466081306408007823e+00
5.875000000000000000e+00 8.532925156003456912e-01 9.562696298026460706e-01 9.229305178954241295e-01 2.290339299771926740e+00
5.925000000000000711e+00 8.584748743958765527e-01 9.409742026499302581e-01 9.317716182793268631e-01 1.798630257065733984e+00
5.974999999999999645e+00 8.706241923559873142e-01 9.209664935922249329e-01 9.409264379575358328e-01 1.670654499558563932e+00
6.025000000000000355e+00 8.776268316419619797e-01 9.110717247896226167e-01 9.506831103345784184e-01 1.556987884018928625e+00
6.075000000000001066e+00 8.878623482491060370e-01 8.955900179131397465e-01 9.601702450027553848e-01 1.403936110250397329e+00
6.125000000000000000e+00 8.906598009176250885e-01 8.863352749047018753e-01 9.698610016607334128e-01 1.356683641485588065e+00
6.175000000000000711e+00 9.073174061436477533e-01 8.755170914520722381e-01 9.786032580268004821e-01 1.332617506626546433e+00
6.224999999999999645e+00 9.129340943183821278e-01 8.705194615202885844e-01 9.882955328880493884e-01 1.305921920762745048e+00
6.275000000000000355e+00 9.201606831985051915e-01 8.658941891340040664e-01 9.976605992007187007e-01 1.240767000179415325e+00
6.325000000000001066e+00 9.261878469284546833e-01 8.646463888134969800e-01 1.004480444020397156e+00 1.248296756613738401e+00
6.375000000000000000e+00 9.339576001116570714e-01 8.701670732426555199e-01 1.013328669781287772e+00 1.185748911867095190e+00
6.425000000000000711e+00 9.424971426798582907e-01 8.722509917238181476e-01 1.019682032577834185e+00 1.282386906486086886e+00
6.474999999999999645e+00 9.497579602718103642e-01 8.772792467695761376e-01 1.026023927864762042e+00 1.322264481852327478e+00
6.525000000000000355e+00 9.511861641415618740e-01 8.882622696985397193e-01 1.031861914394730295e+00 1.387187140167229105e+00
6.575000000000001066e+00 9.674586586533127086e-01 9.007779469353489610e-01 1.036069472910710276e+00 1.307399217683165027e+00
6.625000000000000000e+00 9.724693868729424873e-01 9.133818059522478272e-01 1.040065750874884287e+00 1.367452137681932411e+00
6.675000000000000711e+00 9.771341549497730705e-01 9.305513604263555560e-01 1.042802999996921498e+00 1.436783318595814318e+00
6.724999999999999645e+00 9.794567292150349047e-01 9.433675230521404442e-01 1.045077558144465124e+00 1.409051391658736607e+00
6.775000000000000355e+00 9.830406646268344817e-01 9.536856456806603877e-01 1.047129732996418205e+00 1.474533946911623872e+00
6.825000000000001066e+00 9.879592092276535675e-01 9.741469978501093863e-01 1.047423103534269817e+00 1.549577455276812010e+00
6.875000000000000000e+00 9.895235152303494264e-01 9.878136522201531600e-01 1.047096948348262169e+00 1.630220647919678800e+00
6.925000000000000711e+00 9.932119199168254475e-01 1.004180239316062373e+00 1.046673693252243575e+00 1.559864486167360731e+00
6.974999999999999645e+00 9.977079008139254634e-01 1.014474437119701422e+00 1.044463089989314586e+00 1.726782326002139545e+00
7.025000000000000355e+00 9.969622030807967494e-01 1.024512097986038706e+00 1.042577637525491596e+00 1.621268163633433179e+00
7.075000000000001066e+00 9.940211851608261595e-01 1.042469983980225390e+00 1.039686145488045943e+00 1.686634707925759313e+00
7.125000000000000000e+00 9.919121090933671336e-01 1.054357972859977677e+00 1.036169327522143746e+00 1.699965907530972542e+00
7.175000000000000711e+00 9.915600445136820706e-01 1.063390995199883227e+00 1.032009841691610585e+00 1.687682379496936891e+00
7.224999999999999645e+00 9.886374664575457993e-01 1.071877794624010116e+00 1.028192005542581722e+00 1.770524115396685083e+00
7.275000000000000355e+00 9.818795012511714049e-01 1.079437312314506014e+00 1.023583812012773819e+00 1.722661854365795886e+00
7.325000000000001066e+00 9.814177348636385911e-01 1.087100762906966445e+00 1.018991736462554698e+00 1.746576265320073817e+00
7.375000000000000000e+00 9.755102134117565882e-01 1.088287464081831857e+00 1.014720261052624917e+00 1.708424684682432027e+00
7.425000000000000711e+00 9.668113832291624909e-01 1.091369268586654950e+00 1.010593430873818699e+00 1.790505952732223127e+00
7.474999999999999645e+00 9.667362340307821267e-01 1.096291602516463071e+00 1.006117336571065835e+00 1.773341628594441888e+00
7.525000000000000355e+00 9.620807359401392089e-01 1.090021160339664119e+00 1.002161896220190362e+00 1.712341372503625170e+00
7.575000000000001066e+00 9.604745010929388593e-01 1.089212705384707824e+00 9.984279612609666676e-01 1.722474762520858516e+00
7.625000000000000000e+00 9.618457468728627280e-01 1.081782667147385579e+00 9.952181339123887804e-01 1.735061475059989533e+00
7.675000000000000711e+00 9.545613322418968760e-01 1.078622777811976574e+00 9.923216247920154665e-01 1.612124295487140868e+00
7.724999999999999645e+00 9.617644492442845028e-01 1.070503213759689487e+00 9.896021952134910205e-01 1.715557846551267751e+00
7.775000000000000355e+00 9.608964897116090143e-01 1.059861145202372734e+00 9.882453856222465083e-01 1.684606808766657471e+00
7.825000000000001066e+00 9.647797596173495194e-01 1.053536980612713059e+00 9.860246157438580239e-01 1.615531476900635033e+00
7.875000000000000000e+00 9.664244788870413050e-01 1.042948372227468612e+00 9.851341299982637745e-01 1.562172926237483939e+00
7.925000000000000711e+00 9.769753396772589138e-01 1.033972836487631275e+00 9.841052917371438946e-01 1.490796295325997667e+00
7.974999999999999645e+00 9.782938655834749753e-01 1.027742634913652253e+00 9.838301020678298370e-01 1.521932173220181816e+00
8.025000000000000355e+00 9.836634905620303959e-01 1.017130446231792273e+00 9.840031390559174085e-01 1.480390487947593758e+00
8.074999999999999289e+00 9.957727915827424559e-01 1.011310680364601478e+00 9.843199389025029111e-01 1.421233861087995098e+00
8.125000000000000000e+00 1.003279227086364189e+00 1.002059563598277192e+00 9.845517678350285129e-01 1.371618740361005839e+00
8.175000000000000711e+00 1.003826297964153236e+00 9.989868715590810577e-01 9.857525866044893892e-01 1.323730624081107976e+00
8.225000000000001421e+00 1.012001032824285662e+00 9.902128355002766114e-01 9.863753929699059508e-01 1.305222917293179963e+00
8.275000000000000355e+00 1.018617553605253079e+00 9.858103240531741474e-01 9.876069321452436434e-01 1.229280429652642503e+00
8.324999999999999289e+00 1.019604179189649962e+00 9.837371232838465485e-01 9.891928165049340693e-01 1.237395513680211945e+00
8.375000000000000000e+00 1.025867465529683331e+00 9.783064895180313414e-01 9.899920815289777742e-01 1.222664789723525658e+00
8.425000000000000711e+00 1.026605746595271151e+00 9.778159789967884041e-01 9.917828775586818857e-01 1.181203326762750860e+00
8.475000000000001421e+00 1.028927321137277806e+00 9.755318735212396009e-01 9.927698243379857734e-01 1.188762695203236186e+00
8.525000000000000355e+00 1.030245929681678607e+00 9.752736913693637044e-01 9.940929216524327927e-01 1.171993687137354190e+00
8.574999999999999289e+00 1.031541684064958053e+00 9.732133939947519297e-01 9.955539009439209330e-01 1.184422162715266680e+00
8.625000000000000000e+00 1.033539376785823194e+00 9.734071109810716882e-01 9.963334778063820396e-01 1.163451006921382369e+00
8.675000000000000711e+00 1.032826824452052650e+00 9.764254757795205464e-01 9.980005583061820618e-01 1.138455613417669987e+00
8.725000000000001421e+00 1.031560522296386395e+00 9.766202461781759991e-01 9.988429665837000870e-01 1.232135035199338757e+00
8.775000000000000355e+00 1.026127998574907885e+00 9.788228809957876253e-01 9.995122976163716144e-01 1.195956263365601790e+00
8.824999999999999289e+00 1.027604412202825612e+00 9.814773091818063122e-01 1.000344699893984224e+00 1.189929977728292565e+00
8.875000000000000000e+00 1.025287182837259170e+00 9.804369112321860147e-01 1.000937755167207177e+00 1.158581223224486978e+00
8.925000000000000711e+00 1.021419285524572507e+00 9.868740643195513806e-01 1.000846290487221069e+00 1.219362798431291361e+00
8.975000000000001421e+00 1.018332259064514744e+00 9.903551947105416753e-01 1.001955812218423114e+00 1.173755931021358334e+00
9.025000000000000355e+00 1.016788064352272869e+00 9.904634363328161939e-01 1.001705465948151907e+00 1.231865375009658869e+00
9.074999999999999289e+00 1.009539994922047379e+00 9.950686022593635549e-01 1.001860427851478885e+00 1.251707393674629021e+00
9.125000000000000000e+00 1.004764290916816849e+00 9.976320730863478259e-01 1.001488437738571102e+00 1.214517647989322047e+00
9.175000000000000711e+00 1.004541297367085750e+00 9.996462762022348958e-01 1.001852141862945356e+00 1.240403815990803960e+00
9.225000000000001421e+00 9.999100898783891411e-01 1.003875025555596823e+00 1.001397528254267755e+00 1.250486685479410998e+00
9.275000000000000355e+00 9.982277034558588724e-01 1.005108352534342497e+00 1.001614628197994072e+00 1.185719267714156588e+00
9.324999999999999289e+00 9.946961308538055935e-01 1.004753548955189979e+00 1.001085356499213486e+00 1.185012561856281232e+00
9.375000000000000000e+00 9.899123509285363554e-01 1.006230979937069447e+00 1.000825572422779475e+00 1.230694749355254247e+00
9.425000000000000711e+00 9.888367363223472539e-01 1.008992909267915739e+00 1.000654933079748066e+00 1.230800181940908677e+00
9.475000000000001421e+00 9.869273194403133109e-01 1.006413669808015277e+00 9.999633504504459314e-01 1.238721845283741407e+00
9.525000000000000355e+00 9.840114103290069636e-01 1.009882612592501117e+00 9.999350616471035513e-01 1.180760941418149024e+00
9.575000000000001066e+00 9.796874031069772171e-01 1.009583427572939618e+00 9.996771109347243334e-01 1.137114710174646159e+00
9.625000000000000000e+00 9.789316649279938831e-01 1.011667882675383545e+00 9.994713389986035201e-01 1.183328739243961758e+00
9.675000000000000711e+00 9.807470264453416187e-01 1.011775916669456210e+00 9.989440357518225566e-01 1.161785463486529224e+00
9.725000000000001421e+00 9.753443376525187114e-01 1.011342901260126936e+00 9.991278189529071430e-01 1.176733879511084657e+00
9.775000000000000355e+00 9.785091145347003527e-01 1.010775999450801432e+00 9.991552749508221254e-01 1.166905998839271152e+00
9.825000000000001066e+00 9.733334086176885780e-01 1.010375581379738374e+00 9.986442029579613022e-01 1.117089514562987995e+00
9.875000000000000000e+00 9.761725934818707984e-01 1.014011994672347594e+00 9.992680234609180312e-01 1.132287131693461957e+00
9.925000000000000711e+00 9.770871982435458403e-01 1.009807007224490905e+00 9.986955713605651930e-01 1.111605321216278419e+00
9.975000000000001421e+00 9.752663323206375301e-01 1.006190267028114871e+00 9.992319081099894085e-01 1.074117801669614014e+00
1.002500000000000036e+01 9.774493665152578226e-01 1.006520190557518735e+00 9.994212977546630405e-01 1.099485654919626132e+00
1.007500000000000107e+01 9.780614320090632585e-01 1.005907383515530551e+00 9.993363695444477113e-01 1.111578106497775886e+00
1.012500000000000000e+01 9.765467375340604050e-01 1.006964912630882614e+00 9.999217693350033187e-01 1.075437002844910506e+00
1.017500000000000071e+01 9.803901644092773981e-01 1.005822051564191799e+00 1.000449234954684963e+00 1.048399202683018006e+00
1.022500000000000142e+01 9.832683585373207524e-01 1.003065582445505477e+00 1.000170608409008510e+00 1.052114201520726322e+00
1.027500000000000036e+01 9.835638503148690370e-01 1.001627894918274420e+00 1.000625220262239878e+00 1.049395261601947960e+00
1.032500000000000107e+01 9.886667092472429808e-01 1.000042475101587058e+00 1.001214572768285516e+00 1.097860932307417103e+00
1.037500000000000000e+01 9.844258479058327627e-01 1.000490722072394867e+00 1.001440744306889563e+00 1.038163131625257307e+00
1.042500000000000071e+01 9.870088669531165149e-01 1.000846992880803255e+00 1.001802964020928499e+00 1.049306744484569620e+00
1.047500000000000142e+01 9.941036390216573260e-01 1.000076929327597508e+00 1.001991286237400303e+00 1.012742225007287944e+00
1.052500000000000036e+01 9.948567870526326962e-01 1.000867201825764052e+00 1.002160196855794938e+00 1.038485958575451784e+00
1.057500000000000107e+01 9.963264450844122599e-01 9.967274863422129760e-01 1.002576700671390153e+00 9.709602490845083977e-01
1.062500000000000000e+01 9.966259341894986301e-01 9.969418883058622782e-01 1.002603470212120929e+00 1.003165317857400929e+00
1.067500000000000071e+01 9.980145365971549998e-01 9.969883677921074216e-01 1.002834968194615151e+00 9.956175013575649935e-01
1.072500000000000142e+01 1.003219916823474112e+00 9.977783009325403851e-01 1.002800421900572392e+00 1.004460929728631768e+00
1.077500000000000036e+01 1.000466756863272799e+00 9.984315963571878116e-01 1.002853615737610449e+00 9.861917910778372764e-01
1.082500000000000107e+01 1.004957473788033573e+00 1.000734585648855868e+00 1.002711120184940796e+00 1.009447503269349289e+00
1.087500000000000000e+01 1.002479718408081810e+00 1.000254027437222692e+00 1.002772085467746654e+00 9.804645933103889321e-01
1.092500000000000071e+01 1.002416015926273829e+00 1.000556145358775018e+00 1.002717178670784248e+00 1.026297699709855848e+00
1.097500000000000142e+01 1.000889965383118918e+00 1.000783760748902740e+00 1.002584081390633486e+00 9.944914485381536329e-01
1.102500000000000036e+01 1.005806061935504259e+00 1.001388310711895935e+00 1.002191706996117704e+00 9.998833284775082708e-01
1.107500000000000107e+01 1.003758365151157905e+00 1.001122759558943365e+00 1.002227515807315728e+00 9.834048150749683526e-01
1.112500000000000000e+01 1.006218124733912367e+00 1.001072012668787092e+00 1.001864640364454884e+00 9.611239801632359692e-01
1.117500000000000071e+01 1.002404157518938410e+00 1.002525876956367634e+00 1.001408459055460831e+00 1.015578478906238979e+00
1.122500000000000142e+01 1.004332220843479062e+00 1.004031224323720828e+00 1.001525516017791828e+00 9.926677098798755150e-01
1.127500000000000036e+01 1.003660375358878865e+00 1.004416862231573448e+00 1.001009026147641201e+00 9.684843277088369673e-01
1.132500000000000107e+01 1.005514598908883395e+00 1.003567878374225009e+00 1.000452417220675461e+00 9.719671124438550303e-01
1.137500000000000000e+01 1.003608038063212637e+00 1.005542334759609302e+00 1.000275727491998445e+00 9.521747050708406768e-01
1.142500000000000071e+01 1.003624043205000094e+00 1.005883881227431553e+00 9.999878445503880275e-01 9.566222947848812552e-01
1.147500000000000142e+01 1.001464339319565466e+00 1.006125300616135476e+00 9.997614285216934737e-01 9.739251786524406596e-01
1.152500000000000036e+01 1.003881803704909759e+00 1.006477637550610593e+00 9.993929917090684789e-01 9.990453494184083905e-01
1.157500000000000107e+01 1.001120480453676853e+00 1.003245744074046764e+00 9.990101737315409958e-01 9.453567419642892045e-01
1.162500000000000000e+01 1.001396313527037396e+00 1.006093678808394065e+00 9.985789723931766115e-01 9.871708583912551793e-01
1.167500000000000071e+01 9.997757711045494045e-01 1.005866147954836309e+00 9.984904250401739345e-01 9.674275448951071832e-01
1.172500000000000142e+01 9.987791467566776715e-01 1.005313604724552556e+00 9.983011333671232279e-01 9.613149393197359949e-01
1.177500000000000036e+01 1.000717969324797618e+00 1.005298589879577653e+00 9.983938344228389106e-01 9.219266825983717384e-01
1.182500000000000107e+01 9.999428218956266656e-01 1.006347854652500207e+00 9.981707402472209667e-01 9.495926559740508477e-01
1.187500000000000000e+01 9.998730846270490469e-01 1.004747218846055112e+00 9.980351881943250181e-01 9.534273988208473716e-01
1.192500000000000071e+01 9.995873251981790553e-01 1.003113646915779311e+00 9.979813482587128748e-01 9.718090751133311445e-01
1.197500000000000142e+01 1.001204645559207185e+00 1.004169484648104849e+00 9.982197995955407466e-01 9.706814959514357133e-01
1.202500000000000036e+01 1.002787619473179070e+00 1.003907510658472058e+00 9.981071153030414145e-01 9.427514083077068729e-01
1.207500000000000107e+01 1.000670594889210285e+00 1.001202172499485510e+00 9.978676567018285315e-01 9.483860662078791304e-01
1.212500000000000000e+01 9.996169080750134661e-01 1.000488071835430315e+00 9.980044167894500662e-01 9.700444301538363456e-01
1.217500000000000071e+01 9.971496835742120757e-01 1.000150920148811240e+00 9.981820828643217514e-01 9.699608763241470699e-01
1.222500000000000142e+01 9.997988919983642475e-01 1.001435291637676972e+00 9.982336265638158679e-01 9.609281067199221260e-01
1.227500000000000036e+01 9.991856732475583591e-01 1.001140379825149029e+00 9.983167505529897401e-01 9.404001452604292544e-01
1.232500000000000107e+01 9.982245137305245652e-01 1.001071901813407994e+00 9.986132151327575812e-01 9.470433569219941505e-01
1.237500000000000000e+01 9.995556976584903941e-01 9.999527289256755491e-01 9.987234010631598213e-01 9.530047643316913453e-01
1.242500000000000071e+01 1.002457279253531786e+00 9.993796553119620452e-01 9.987984176665253289e-01 9.666636939330919276e-01
1.247500000000000142e+01 1.000456634878514439e+00 9.990650379716981000e-01 9.992237412381466122e-01 9.458163898260577573e-01
1.252500000000000036e+01 1.000687376847576804e+00 9.982621332064286479e-01 9.992024045865771642e-01 9.388110460062896179e-01
1.257500000000000107e+01 9.997807088676281539e-01 9.985472553362905179e-01 9.995753929223676337e-01 9.297798416171302316e-01
1.262500000000000000e+01 1.001045675434249826e+00 1.000143005657082806e+00 9.997431565144838661e-01 9.287013194490293388e-01
1.267500000000000071e+01 1.000755136248626886e+00 9.988834487678400764e-01 1.000201134234113942e+00 9.333144329869615952e-01
1.272500000000000142e+01 9.978897378937714446e-01 9.985645064409113258e-01 1.000019100558698470e+00 9.553175121121368907e-01
1.277500000000000036e+01 9.995939811010989828e-01 9.983213836027508004e-01 1.000394179905128134e+00 9.368800536222647857e-01
1.282500000000000107e+01 1.000394078709053725e+00 9.982484137924750867e-01 1.000565410207414629e+00 9.452891489213096632e-01
1.287500000000000000e+01 9.970170318766332640e-01 9.992068932994268016e-01 1.000429160036395482e+00 9.284134036738165285e-01
1.292500000000000071e+01 1.000494562578597257e+00 9.974414397643602825e-01 1.000548808155592884e+00 9.140138904064938341e-01
1.297500000000000142e+01 9.995943881201938552e-01 9.988792184842232302e-01 1.000707941806702417e+00 9.225695008736043423e-01
1.302500000000000036e+01 1.000545005712870861e+00 9.997137819611969789e-01 1.000889051227022764e+00 9.567454132930904853e-01
1.307500000000000107e+01 9.989076921255075625e-01 9.989200168852554462e-01 1.000915150392878594e+00 9.433511965420178225e-01
1.312500000000000000e+01 9.970862688433554943e-01 1.000890994620247998e+00 1.001051496778090133e+00 9.419802107254966472e-01
1.317500000000000071e+01 1.001457709505505722e+00 1.000046189680290798e+00 1.000908771031034483e+00 9.281254396671387852e-01
1.322500000000000142e+01 9.987045131592600100e-01 9.988482138789520626e-01 1.000950687185591770e+00 9.739875591305557911e-01
1.327500000000000036e+01 9.964083910850094483e-01 1.000739093961403148e+00 1.000922692995221297e+00 9.505926974227473236e-01
1.332500000000000107e+01 9.983634074736007502e-01 1.000054402404958465e+00 1.000830031232470718e+00 9.650533501753744137e-01
1.337500000000000000e+01 9.992703541826254421e-01 1.000837679390316870e+00 1.000821295114315834e+00 9.445803372166008405e-01
1.342500000000000071e+01 9.981220108448988215e-01 1.001688450100785666e+00 1.000613987932497340e+00 9.278514252464837853e-01
1.347500000000000142e+01 9.973427769282187105e-01 1.002859607138903986e+00 1.000972591892636876e+00 9.313007825836887577e-01
1.352500000000000036e+01 9.979464097767495323e-01 1.001707948441952656e+00 1.000529264558722931e+00 9.344461741560806667e-01
1.357500000000000107e+01 9.968791034271248241e-01 1.002288819937863673e+00 1.000517010534254680e+00 9.332257116709921085e-01
1.362500000000000000e+01 9.969371599263919803e-01 1.002530998536656837e+00 1.000517733669555209e+00 9.299787090862099426e-01
1.367500000000000071e+01 9.993482655224710243e-01 1.000740541404568917e+00 1.000669756784606568e+00 9.606081891030974207e-01
1.372500000000000142e+01 9.986107706485972679e-01 1.001509291591233586e+00 1.000258532586015603e+00 9.545063950291022836e-01
1.377500000000000036e+01 9.973912637017812166e-01 1.001057956726220777e+00 1.000354778418429902e+00 9.548332751750949754e-01
1.382500000000000107e+01 9.959222941960297337e-01 1.001371204913800605e+00 1.000302739164133703e+00 9.605783915258185868e-01
1.387500000000000000e+01 9.980602417754690370e-01 1.001531211833809332e+00 1.000198835810511389e+00 9.454465115161337918e-01
1.392500000000000071e+01 9.979096611750344348e-01 1.001677074317624649e+00 9.998651034172024721e-01 9.571418114165481938e-01
1.397500000000000142e+01 9.978327757278706578e-01 1.001910032060437494e+00 1.000217709537373656e+00 9.776029263151803095e-01
1.402500000000000036e+01 9.969940452565509981e-01 1.000389636843161512e+00 1.000031693161322233e+00 9.399417178701423570e-01
1.407500000000000107e+01 1.000185103770747430e+00 1.001459105887632761e+00 9.999945262813347835e-01 9.305423136334936007e-01
1.412500000000000000e+01 1.000050418509362604e+00 1.000743640762719266e+00 9.999149103225728474e-01 9.385791803477310236e-01
1.417500000000000071e+01 9.988141666535784724e-01 1.002472332751773276e+00 1.000085337876044367e+00 9.549785285791863032e-01
1.422500000000000142e+01 9.989524498804485120e-01 1.001090742822866364e+00 9.998953351965910175e-01 9.556869742376304933e-01
1.427500000000000036e+01 9.985133308681879427e-01 1.000528842034678734e+00 9.999144506597983373e-01 9.367402031295771758e-01
1.432500000000000107e+01 9.979357130653875307e-01 1.001938644764479580e+00 9.998255653381821206e-01 9.182371815870726817e-01
1.437500000000000000e+01 1.000453311268561629e+00 1.000968228730598542e+00 9.999764233370780353e-01 9.318150684886590263e-01
1.442500000000000071e+01 9.989890515151986783e-01 1.000567956544178960e+00 9.999766321649161682e-01 9.593947351030494008e-01
1.447500000000000142e+01 9.993024608502223405e-01 1.000857547792994628e+00 9.998453584032052088e-01 9.223640854284669288e-01
1.452500000000000036e+01 1.000008762238024929e+00 1.001021716845485576e+00 9.998740444433026342e-01 9.454402911880492866e-01
1.457500000000000107e+01 9.993230367894028188e-01 1.001267057579100950e+00 1.000001035933665738e+00 9.430821044352547533e-01
1.462500000000000000e+01 1.000884751651116344e+00 1.000808056364248300e+00 9.998266664913884050e-01 9.419023820105805189e-01
1.467500000000000071e+01 9.978665459647179103e-01 1.002726977669670338e+00 1.000112415482600881e+00 9.534814749854518823e-01
1.472500000000000142e+01 9.999608935999343418e-01 1.002196596300433784e+00 9.998010043399956359e-01 9.424069928326676004e-01
1.477500000000000036e+01 1.000872069226947048e+00 1.000954798689555059e+00 1.000004060046911336e+00 9.411908625484679547e-01
1.482500000000000107e+01 9.998883896237340529e-01 1.000606713038702411e+00 9.999097764598648963e-01 9.445179117072995956e-01
1.487500000000000000e+01 1.000788901033603295e+00 9.994550799231520788e-01 9.999072653388895171e-01 9.208609803246597947e-01
1.492500000000000071e+01 1.001109017477979313e+00 1.002185962621275461e+00 9.999214628096857460e-01 9.494794970966450309e-01
1.497500000000000142e+01 1.002542113700523263e+00 9.993697287022822451e-01 1.000044233563551765e+00 9.353488921204747841e-01
1.502500000000000036e+01 9.999286939224290016e-01 9.999926933694720521e-01 9.999083110813737907e-01 9.389123877716276656e-01
1.507500000000000107e+01 1.001286737571912555e+00 1.000702636644016152e+00 9.999365670403422834e-01 9.424081057726573230e-01
1.512500000000000000e+01 1.000936628212375723e+00 1.000549140010822624e+00 1.000039953903039125e+00 9.522094934610365602e-01
1.517500000000000071e+01 1.001828115728714108e+00 9.997681368514304001e-01 9.999968946913108114e-01 9.340076246016970618e-01
1.522500000000000142e+01 1.001668279857313992e+00 9.997724375560793630e-01 9.999778069824307725e-01 9.634602402462846271e-01
1.527500000000000036e+01 9.983129985295183806e-01 1.000478967431757127e+00 1.000247455661677387e+00 9.435964830463529074e-01
1.532500000000000107e+01 1.000569301572261427e+00 9.998541514886476467e-01 9.999033026732722096e-01 9.571346676521299557e-01
1.537500000000000000e+01 1.002023934204014255e+00 1.000578092147341280e+00 1.000267072976135152e+00 9.098663053050227711e-01
1.542500000000000071e+01 1.003012382560685367e+00 9.999098050737740273e-01 9.999318637558300971e-01 9.174563572912649567e-01
1.547500000000000142e+01 9.983550721970104735e-01 1.001854297323407250e+00 9.999687618329865524e-01 9.433654532028077355e-01
1.552500000000000036e+01 9.989144741136972705e-01 1.001541372475709402e+00 1.000093282562259267e+00 9.214006790669092561e-01
1.557500000000000107e+01 1.002307451298451113e+00 1.000074600449690765e+00 1.000072630498002102e+00 9.510357920512898522e-01
1.562500000000000000e+01 1.000769164982147075e+00 1.000266762777058283e+00 9.999408808526101256e-01 9.249985904550197535e-01
1.567500000000000071e+01 9.992117025693746379e-01 1.000350986122169994e+00 9.999401895839616916e-01 9.479243421163306982e-01
1.572500000000000142e+01 9.995624422005985332e-01 1.001074885386917357e+00 1.000069906875217463e+00 9.498223853430147745e-01
1.577500000000000036e+01 9.989996434260032254e-01 1.000922229442665401e+00 1.000053679557721065e+00 9.344380377669201376e-01
1.582500000000000107e+01 9.989648545608741381e-01 1.000256921493905660e+00 9.998900321381287704e-01 9.366920360796653355e-01
1.587500000000000000e+01 9.998315373654986793e-01 1.001926450928633194e+00 1.000087259543940954e+00 9.689782917808463791e-01
1.592500000000000071e+01 9.999389160227462048e-01 1.001090185105653285e+00 1.000057801905701149e+00 9.343265183780353755e-01
1.597500000000000142e+01 9.999262889180094982e-01 1.000642809286402146e+00 9.998936487397415140e-01 9.521520722071735721e-01
1.602499999999999858e+01 9.998205071544128408e-01 1.001323736659841313e+00 9.998190438713697725e-01 9.361638655754130900e-01
1.607500000000000284e+01 9.980426348220067245e-01 1.001254649744156344e+00 9.984393405159512902e-01 9.403425578782477201e-01
1.612500000000000000e+01 9.967525944059295595e-01 9.953489849054107941e-01 9.948787695137528697e-01 9.159385474464726284e-01
1.617500000000000071e+01 9.882701177980243168e-01 9.897979423927756315e-01 9.884189639237940250e-01 9.539044186490643895e-01
1.622500000000000142e+01 9.789526795797216518e-01 9.800308968517609243e-01 9.796876803475352835e-01 9.108533399375728923e-01
1.627499999999999858e+01 9.710797882299011530e-01 9.711587663541596527e-01 9.709392194563627454e-01 8.999189357561507840e-01
1.632500000000000284e+01 9.620379487588587297e-01 9.619103236661605827e-01 9.617465161439714416e-01 8.991033896348696874e-01
1.637500000000000000e+01 9.519354202066969695e-01 9.529434601200782451e-01 9.528118766602566847e-01 8.824372140794187747e-01
1.642500000000000071e+01 9.424142986653561982e-01 9.443277498141571247e-01 9.438187620624483021e-01 8.855641588192920688e-01
1.647500000000000142e+01 9.335987547550576027e-01 9.344193800250134574e-01 9.349412811876298690e-01 8.719107452305346895e-01
1.652499999999999858e+01 9.258898662558274761e-01 9.274159347938849551e-01 9.258911467406244489e-01 8.509324273945111372e-01
1.657500000000000284e+01 9.174439200876315370e-01 9.185696618391541168e-01 9.170776114310563720e-01 8.592992216699351093e-01
1.662500000000000000e+01 9.088463567897291373e-01 9.084575723031238503e-01 9.084557031422086926e-01 8.467542344081575578e-01
1.667500000000000071e+01 8.994887369000732491e-01 8.993047100225664003e-01 8.998685525727374568e-01 8.276033731878401634e-01
1.672500000000000142e+01 8.920838635308115938e-01 8.916120163464781312e-01 8.908840327266274173e-01 8.275761123522240581e-01
1.677499999999999858e+01 8.829156529461401615e-01 8.828102930830201700e-01 8.824285120803858629e-01 8.467760165472677514e-01
1.682500000000000284e+01 8.741552422325781224e-01 8.741127104218678889e-01 8.739568094357665906e-01 8.243889034324187737e-01
1.687500000000000000e+01 8.650221486606798349e-01 8.653545762923117168e-01 8.653875033389079041e-01 8.111738931034189193e-01
1.692500000000000071e+01 8.587618928635255555e-01 8.557151921873020761e-01 8.568514312436638081e-01 7.886494242927347686e-01
1.697500000000000142e+01 8.506695752205748473e-01 8.488963894011131162e-01 8.485915442003395537e-01 7.883466637330369675e-01
1.702499999999999858e+01 8.397881028782531176e-01 8.409973896048710262e-01 8.400868773088990826e-01 7.943565142111799204e-01
1.707500000000000284e+01 8.306618384394287569e-01 8.328768251774496534e-01 8.317962510482196370e-01 7.875683190740409012e-01
1.712500000000000000e+01 8.230563880871911708e-01 8.248443202144668529e-01 8.235930364166944573e-01 7.611044628995292660e-01
1.717500000000000071e+01 8.133997993442176888e-01 8.161140639586954570e-01 8.154927959972708695e-01 7.452424210141829208e-01
1.722500000000000142e+01 8.070379424657354583e-01 8.078870663136124008e-01 8.071832429109362383e-01 7.263227352642174228e-01
1.727499999999999858e+01 7.994227803716527081e-01 7.988478665009102198e-01 7.990079228723988569e-01 7.352437329115050213e-01
1.732500000000000284e+01 7.892325399092396943e-01 7.915685799000894418e-01 7.908759148755540869e-01 7.344751157129053576e-01
1.737500000000000000e+01 7.838711806206957178e-01 7.835625954345750710e-01 7.828796259981772865e-01 7.513628030854244688e-01
1.742500000000000071e+01 7.741498260250034846e-01 7.748150088007843550e-01 7.750060633549419320e-01 7.156438534206921442e-01
1.747500000000000142e+01 7.675349897651275732e-01 7.667425144740050991e-01 7.670612905420635119e-01 7.009159338982476894e-01
1.752499999999999858e+01 7.585308491362763306e-01 7.588057530128800021e-01 7.592348451423397426e-01 6.981426508595240943e-01
1.757500000000000284e+01 7.516376772015589403e-01 7.518116220641782865e-01 7.510926975890399593e-01 6.819051551015027357e-01
1.762500000000000000e+01 7.434121963903573826e-01 7.429950591538601046e-01 7.434158367735730355e-01 6.815277556442178586e-01
1.767500000000000071e+01 7.354169690518322922e-01 7.372249497123768425e-01 7.356226310073815666e-01 6.830102192136124906e-01
1.772500000000000142e+01 7.288556487433692777e-01 7.283842844580170617e-01 7.279447031024598447e-01 6.575531780664228831e-01
1.777499999999999858e+01 7.205244184540445795e-01 7.211979597916675644e-01 7.202659663753049335e-01 6.452903511960148553e-01
1.782500000000000284e+01 7.131257749108028676e-01 7.130319884431047806e-01 7.125961213691742735e-01 6.496716508085722541e-01
1.787500000000000000e+01 7.055328654248014253e-01 7.057438836571162666e-01 7.050721710477017012e-01 6.405672757308197296e-01
1.792500000000000071e+01 6.983544533773445862e-01 6.979155637353640085e-01 6.974374834607454110e-01 6.235172118369527450e-01
1.797500000000000142e+01 6.912225248703072200e-01 6.903500879219015562e-01 6.900531230518059944e-01 6.441592560490350117e-01
1.802499999999999858e+01 6.826515683331567663e-01 6.823388975522192146e-01 6.825650151525833875e-01 6.104646861181346473e-01
1.807500000000000284e+01 6.746954161919452853e-01 6.759401107953563193e-01 6.750889918518891974e-01 5.988053221048306174e-01
1.812500000000000000e+01 6.690668241773769509e-01 6.685161654679915300e-01 6.677675357376502419e-01 6.179469588904966670e-01
1.817500000000000071e+01 6.600847059099831382e-01 6.606596751255229272e-01 6.601673891627901636e-01 5.951341422274503135e-01
1.822500000000000142e+01 6.533749166896433147e-01 6.540464185312141465e-01 6.530369198899126371e-01 5.834715523268646509e-01
1.827499999999999858e+01 6.469520881657753186e-01 6.463527513590708873e-01 6.459066936044659535e-01 5.740476098938469551e-01
1.832500000000000284e+01 6.388990243731920149e-01 6.388909572512859736e-01 6.385496005060106173e-01 5.882837727104238690e-01
1.837500000000000000e+01 6.319089935503169331e-01 6.316620548534220836e-01 6.314181674667733724e-01 5.857033757546245001e-01
1.842500000000000071e+01 6.237289513001085250e-01 6.260971763736332685e-01 6.241378357696661938e-01 5.697691513610951830e-01
1.847500000000000142e+01 6.173529854990386090e-01 6.169605618261696511e-01 6.172227782545290919e-01 5.718144228899609827e-01
1.852499999999999858e+01 6.098903096553425218e-01 6.103428917322822889e-01 6.100583597067015251e-01 5.561095692169750748e-01
1.857500000000000284e+01 6.038790386069523564e-01 6.040731434871853267e-01 6.030715861045693460e-01 5.566204978929066849e-01
1.862500000000000000e+01 5.970166901061463305e-01 5.960049474208687359e-01 5.960503251183344453e-01 5.481127928419260442e-01
1.867500000000000071e+01 5.894285115355055726e-01 5.893094087407260151e-01 5.890786214451086966e-01 5.406435105321564238e-01
1.872500000000000142e+01 5.821282334014760140e-01 5.824947961351780723e-01 5.821290577409168332e-01 5.312266626002498660e-01
1.877499999999999858e+01 5.761089331946586123e-01 5.761021020389389680e-01 5.752061685059246532e-01 5.191846991091875196e-01
1.882500000000000284e+01 5.681110567246038245e-01 5.691770092116332780e-01 5.684429288435964844e-01 5.199563346113532658e-01
1.887500000000000000e+01 5.619605769622967317e-01 5.625887382160574823e-01 5.617652691455210512e-01 5.094892578153509266e-01
1.892500000000000071e+01 5.551855044586687660e-01 5.556481513419396778e-01 5.548724482792531942e-01 5.128478519604655617e-01
1.897500000000000142e+01 5.486779257351204198e-01 5.490194272125397124e-01 5.482177783980606289e-01 5.013569814170036887e-01
1.902499999999999858e+01 5.404779845909680747e-01 5.425411855445706477e-01 5.415308892915025041e-01 5.106927557497963344e-01
1.907500000000000284e+01 5.352467664485521803e-01 5.355003175394215109e-01 5.349536850002795108e-01 4.919931425497965916e-01
1.912500000000000000e+01 5.281305618574831939e-01 5.282638760007226653e-01 5.282094907229434311e-01 4.816806637919657796e-01
1.917500000000000426e+01 5.212629437870704985e-01 5.224434237380410906e-01 5.215252208991633109e-01 4.790586366079200298e-01
1.922500000000000142e+01 5.172968608712965599e-01 5.155023567522124539e-01 5.150751167776208561e-01 4.731892974364689253e-01
1.927499999999999858e+01 5.082389261875498443e-01 5.087424458824856277e-01 5.085536499195417726e-01 4.647958707382048860e-01
1.932500000000000284e+01 5.018290969064028717e-01 5.021309369959445768e-01 5.019451720827122765e-01 4.718736844686431953e-01
1.937500000000000000e+01 4.965714689473325616e-01 4.952873429865394805e-01 4.956013929863222756e-01 4.667784837793881869e-01
1.942500000000000426e+01 4.883682668074176836e-01 4.894292138161643324e-01 4.891172104656429931e-01 4.439578626110254334e-01
1.947500000000000142e+01 4.824115999150368483e-01 4.824846123786056817e-01 4.827949884730739494e-01 4.566161774941152607e-01
1.952499999999999858e+01 4.762978648597655518e-01 4.768335774781160552e-01 4.764253668301695055e-01 4.433550918257277429e-01
1.957500000000000284e+01 4.703839711504944066e-01 4.705787816005596036e-01 4.701262377254858404e-01 4.318538222512900981e-01
1.962500000000000000e+01 4.645678517807604324e-01 4.636413498280051448e-01 4.638801399445337537e-01 4.356040174323104752e-01
1.967500000000000426e+01 4.578941792616782469e-01 4.581472754610205200e-01 4.575598075379908591e-01 4.135953463251852424e-01
1.972500000000000142e+01 4.509587429984333595e-01 4.521586342529182456e-01 4.512739463216290381e-01 4.191017655761080651e-01
1.977499999999999858e+01 4.452736408740877727e-01 4.452120635066830756e-01 4.451399798833899912e-01 4.132572584091225854e-01
1.982500000000000284e+01 4.396347214397379188e-01 4.395091237727574707e-01 4.389640038304654657e-01 4.099036858990018350e-01
1.987500000000000000e+01 4.331278771457979793e-01 4.333659993337871663e-01 4.328110210501877608e-01 3.983542272916106852e-01
1.992500000000000426e+01 4.267883877106318224e-01 4.267474464493177799e-01 4.267447397701931711e-01 4.093665542213746344e-01
1.997500000000000142e+01 4.213215964898473498e-01 4.215079285119296970e-01 4.205817419204254670e-01 3.835193932123086014e-01
