# r (Angstroms), cation-water g(r), anion-water g(r), water-water g(r), cation-anion g(r)
2.500000000000000139e-02 0.000000000000000000e+00 0.000000000000000000e+00 5.860738844762816007e+04 0.000000000000000000e+00
7.500000000000001110e-02 0.000000000000000000e+00 0.000000000000000000e+00 0.000000000000000000e+00 0.000000000000000000e+00
1.250000000000000000e-01 0.000000000000000000e+00 0.000000000000000000e+00 0.000000000000000000e+00 0.000000000000000000e+00
1.750000000000000167e-01 0.000000000000000000e+00 0.000000000000000000e+00 0.000000000000000000e+00 0.000000000000000000e+00
2.250000000000000056e-01 0.000000000000000000e+00 0.000000000000000000e+00 0.000000000000000000e+00 0.000000000000000000e+00
2.750000000000000222e-01 0.000000000000000000e+00 0.000000000000000000e+00 0.000000000000000000e+00 0.000000000000000000e+00
3.250000000000000666e-01 0.000000000000000000e+00 0.000000000000000000e+00 0.000000000000000000e+00 0.000000000000000000e+00
3.750000000000000000e-01 0.000000000000000000e+00 0.000000000000000000e+00 0.000000000000000000e+00 0.000000000000000000e+00
4.250000000000000444e-01 0.000000000000000000e+00 0.000000000000000000e+00 0.000000000000000000e+00 0.000000000000000000e+00
4.749999999999999778e-01 0.000000000000000000e+00 0.000000000000000000e+00 0.000000000000000000e+00 0.000000000000000000e+00
5.250000000000000222e-01 0.000000000000000000e+00 0.000000000000000000e+00 0.000000000000000000e+00 0.000000000000000000e+00
5.750000000000000666e-01 0.000000000000000000e+00 0.000000000000000000e+00 0.000000000000000000e+00 0.000000000000000000e+00
6.250000000000000000e-01 0.000000000000000000e+00 0.000000000000000000e+00 0.000000000000000000e+00 0.000000000000000000e+00
6.750000000000000444e-01 0.000000000000000000e+00 0.000000000000000000e+00 0.000000000000000000e+00 0.000000000000000000e+00
7.250000000000000888e-01 0.000000000000000000e+00 0.000000000000000000e+00 0.000000000000000000e+00 0.000000000000000000e+00
7.750000000000000222e-01 0.000000000000000000e+00 0.000000000000000000e+00 0.000000000000000000e+00 0.000000000000000000e+00
8.250000000000000666e-01 0.000000000000000000e+00 0.000000000000000000e+00 0.000000000000000000e+00 0.000000000000000000e+00
8.750000000000000000e-01 0.000000000000000000e+00 0.000000000000000000e+00 0.000000000000000000e+00 0.000000000000000000e+00
9.250000000000000444e-01 0.000000000000000000e+00 0.000000000000000000e+00 0.000000000000000000e+00 0.000000000000000000e+00
9.750000000000000888e-01 0.000000000000000000e+00 0.000000000000000000e+00 0.000000000000000000e+00 0.000000000000000000e+00
1.024999999999999911e+00 0.000000000000000000e+00 0.000000000000000000e+00 0.000000000000000000e+00 0.000000000000000000e+00
1.075000000000000178e+00 0.000000000000000000e+00 0.000000000000000000e+00 0.000000000000000000e+00 0.000000000000000000e+00
1.125000000000000000e+00 0.000000000000000000e+00 0.000000000000000000e+00 0.000000000000000000e+00 0.000000000000000000e+00
1.175000000000000266e+00 0.000000000000000000e+00 0.000000000000000000e+00 0.000000000000000000e+00 0.000000000000000000e+00
1.225000000000000089e+00 0.000000000000000000e+00 0.000000000000000000e+00 0.000000000000000000e+00 0.000000000000000000e+00
1.274999999999999911e+00 0.000000000000000000e+00 0.000000000000000000e+00 0.000000000000000000e+00 0.000000000000000000e+00
1.325000000000000178e+00 0.000000000000000000e+00 0.000000000000000000e+00 0.000000000000000000e+00 0.000000000000000000e+00
1.375000000000000000e+00 0.000000000000000000e+00 0.000000000000000000e+00 0.000000000000000000e+00 0.000000000000000000e+00
1.425000000000000266e+00 0.000000000000000000e+00 0.000000000000000000e+00 0.000000000000000000e+00 0.000000000000000000e+00
1.475000000000000089e+00 0.000000000000000000e+00 0.000000000000000000e+00 0.000000000000000000e+00 0.000000000000000000e+00
1.524999999999999911e+00 0.000000000000000000e+00 0.000000000000000000e+00 0.000000000000000000e+00 0.000000000000000000e+00
1.575000000000000178e+00 0.000000000000000000e+00 0.000000000000000000e+00 0.000000000000000000e+00 0.000000000000000000e+00
1.625000000000000000e+00 0.000000000000000000e+00 0.000000000000000000e+00 0.000000000000000000e+00 0.000000000000000000e+00
1.675000000000000266e+00 0.000000000000000000e+00 0.000000000000000000e+00 0.000000000000000000e+00 0.000000000000000000e+00
1.725000000000000089e+00 0.000000000000000000e+00 0.000000000000000000e+00 0.000000000000000000e+00 0.000000000000000000e+00
1.774999999999999911e+00 0.000000000000000000e+00 0.000000000000000000e+00 0.000000000000000000e+00 0.000000000000000000e+00
1.825000000000000178e+00 0.000000000000000000e+00 0.000000000000000000e+00 0.000000000000000000e+00 0.000000000000000000e+00
1.875000000000000000e+00 0.000000000000000000e+00 0.000000000000000000e+00 0.000000000000000000e+00 0.000000000000000000e+00
1.925000000000000266e+00 0.000000000000000000e+00 0.000000000000000000e+00 0.000000000000000000e+00 0.000000000000000000e+00
1.975000000000000089e+00 0.000000000000000000e+00 0.000000000000000000e+00 0.000000000000000000e+00 0.000000000000000000e+00
2.025000000000000355e+00 0.000000000000000000e+00 0.000000000000000000e+00 0.000000000000000000e+00 0.000000000000000000e+00
2.075000000000000178e+00 0.000000000000000000e+00 0.000000000000000000e+00 0.000000000000000000e+00 0.000000000000000000e+00
2.125000000000000000e+00 0.000000000000000000e+00 0.000000000000000000e+00 0.000000000000000000e+00 0.000000000000000000e+00
2.174999999999999822e+00 0.000000000000000000e+00 0.000000000000000000e+00 0.000000000000000000e+00 0.000000000000000000e+00
2.225000000000000089e+00 2.055136736925108849e-05 0.000000000000000000e+00 0.000000000000000000e+00 0.000000000000000000e+00
2.275000000000000355e+00 1.356400172968870790e-03 0.000000000000000000e+00 0.000000000000000000e+00 0.000000000000000000e+00
2.325000000000000178e+00 8.435837965307685371e-02 0.000000000000000000e+00 0.000000000000000000e+00 0.000000000000000000e+00
2.375000000000000000e+00 1.054037934558350376e+00 0.000000000000000000e+00 9.776409635727303587e-06 0.000000000000000000e+00
2.425000000000000266e+00 4.927478264335817038e+00 0.000000000000000000e+00 7.933304978504471423e-04 0.000000000000000000e+00
2.475000000000000089e+00 1.085138378492884570e+01 0.000000000000000000e+00 1.697561341928046502e-02 0.000000000000000000e+00
2.525000000000000355e+00 1.385272840719798815e+01 0.000000000000000000e+00 1.406429592510151094e-01 0.000000000000000000e+00
2.575000000000000178e+00 1.198412690721266749e+01 0.000000000000000000e+00 5.758107136112645685e-01 0.000000000000000000e+00
2.625000000000000000e+00 7.968761876589338655e+00 0.000000000000000000e+00 1.390143815192976362e+00 0.000000000000000000e+00
2.675000000000000266e+00 4.461148696916473533e+00 0.000000000000000000e+00 2.290387511913072771e+00 0.000000000000000000e+00
2.725000000000000089e+00 2.252638458549624634e+00 0.000000000000000000e+00 2.859973645929664077e+00 0.000000000000000000e+00
2.775000000000000355e+00 1.081988842938709228e+00 0.000000000000000000e+00 2.964623165287481488e+00 1.218842753395886404e-03
2.825000000000000178e+00 5.150405257775473311e-01 0.000000000000000000e+00 2.721435698061684949e+00 3.528242419588014517e-03
2.875000000000000000e+00 2.456438412318374120e-01 0.000000000000000000e+00 2.333433220312480572e+00 2.327837288282013153e-02
2.925000000000000266e+00 1.221194576399785153e-01 1.664886948056966832e-04 1.946322841009743954e+00 8.008403521394734381e-02
2.975000000000000089e+00 6.495062192873291007e-02 4.437334524688654747e-03 1.624902966836744955e+00 1.500574910653051097e-01
3.025000000000000355e+00 3.678102978532925282e-02 4.094502484415809412e-02 1.381453018736335192e+00 2.620690067749357199e-01
3.075000000000000178e+00 2.242419878900689736e-02 2.173931383079178714e-01 1.207019542221275943e+00 2.466675317005963541e-01
3.125000000000000000e+00 1.507572656484523939e-02 7.004690990124101679e-01 1.084803140181945791e+00 2.474875343599140520e-01
3.175000000000000266e+00 1.158682592582847143e-02 1.549763200214413938e+00 9.987440663545643638e-01 2.048385297601818811e-01
3.225000000000000089e+00 8.716228276963564406e-03 2.530748565071549994e+00 9.428467023785926937e-01 1.439388252959677428e-01
3.275000000000000355e+00 7.968329249802206388e-03 3.327635954408024954e+00 9.070587031811432333e-01 1.028234629310414289e-01
3.325000000000000178e+00 7.592442200278480893e-03 3.661701430270791313e+00 8.839057736572830670e-01 7.046476583876637445e-02
3.375000000000000000e+00 7.654985165293502411e-03 3.579067323116829513e+00 8.734324203110406248e-01 3.666822751070652336e-02
3.425000000000000266e+00 8.144337391115741981e-03 3.183429803699024507e+00 8.693022842728617139e-01 3.200490412483182612e-02
3.475000000000000089e+00 9.504100459176940963e-03 2.662711081260303647e+00 8.706045734099097100e-01 1.982022013976627098e-02
3.525000000000000355e+00 1.128347113802640779e-02 2.136899465087628069e+00 8.742798835434710814e-01 1.661814562744890617e-02
3.575000000000000178e+00 1.479127348494870334e-02 1.696868746085599344e+00 8.815814911021857547e-01 1.064864219338240714e-02
3.625000000000000000e+00 1.735928087248992183e-02 1.335812922946231440e+00 8.912756858495128887e-01 6.785566357996589658e-03
3.675000000000000266e+00 2.253274261493770983e-02 1.065781398602630548e+00 9.011375566398783787e-01 8.339600827394197391e-03
3.725000000000000089e+00 2.861926694069018284e-02 8.814851539861976448e-01 9.126917673385347429e-01 7.779007126749857247e-03
3.775000000000000355e+00 3.721201394621538594e-02 7.456218070706225332e-01 9.245358984482786591e-01 5.269084092921518837e-03
3.825000000000000178e+00 4.974371207135480644e-02 6.600412694137323122e-01 9.375604853859924592e-01 4.490703490853818931e-03
3.875000000000000000e+00 6.498127028444967979e-02 6.078797944862780467e-01 9.503892407787402075e-01 3.750483118085807827e-03
3.925000000000000266e+00 8.906703377347111039e-02 5.782884876345028013e-01 9.647627644293880200e-01 3.960167590569302343e-03
3.975000000000000089e+00 1.220634770127048824e-01 5.701779735864883625e-01 9.791367280542095930e-01 4.752207535101086316e-03
4.025000000000000355e+00 1.667361780172107455e-01 5.755472357539358486e-01 9.935338729777328792e-01 5.214234502195533305e-03
4.075000000000000178e+00 2.271640034386582796e-01 5.944221769817860102e-01 1.007304288334430753e+00 9.043670103181649170e-03
4.125000000000000000e+00 3.106057966635347167e-01 6.190828867410222980e-01 1.019660501594590540e+00 1.020478617250755553e-02
4.175000000000000711e+00 4.158969613126332066e-01 6.481133944834378546e-01 1.032450600282646569e+00 1.642355210909834939e-02
4.224999999999999645e+00 5.434485782054992997e-01 6.830711737450861909e-01 1.043995737063503126e+00 2.445005618841853204e-02
4.275000000000000355e+00 7.020375965144501906e-01 7.258905404424615959e-01 1.053866295941568110e+00 3.697776953433341840e-02
4.325000000000000178e+00 8.711888291674918516e-01 7.681796134364755613e-01 1.062076992248455864e+00 6.121645466494472082e-02
4.375000000000000000e+00 1.052513716418204570e+00 8.108233930818508073e-01 1.067685566684676735e+00 7.453635484296150526e-02
4.425000000000000711e+00 1.229629233136258826e+00 8.583434450992695197e-01 1.071897236321248892e+00 1.279868924144832720e-01
4.474999999999999645e+00 1.404565134991681008e+00 9.049920733462376576e-01 1.076081879886284565e+00 1.759967903745729978e-01
4.525000000000000355e+00 1.568679210982437233e+00 9.527149605883066252e-01 1.077345290873395589e+00 2.443267549648804327e-01
4.575000000000000178e+00 1.686803476130766866e+00 9.965961523584510040e-01 1.079031595438358915e+00 3.630076164830309260e-01
4.625000000000000000e+00 1.789344464006754842e+00 1.039114139300547190e+00 1.081462211732247658e+00 5.331310510428807214e-01
4.675000000000000711e+00 1.858640925971680069e+00 1.078691789528241740e+00 1.084432136197667207e+00 7.386632295232461454e-01
4.724999999999999645e+00 1.888921379324559613e+00 1.117165614618389702e+00 1.085706493802759853e+00 1.060285464513439191e+00
4.775000000000000355e+00 1.883297093457990901e+00 1.145635918416071375e+00 1.082460515457863259e+00 1.431328683130162371e+00
4.825000000000001066e+00 1.839865591504697528e+00 1.172434445415945659e+00 1.073386277050035087e+00 1.899328068158477656e+00
4.875000000000000000e+00 1.781143792858597141e+00 1.192696503945994690e+00 1.059080259697167792e+00 2.389591264137505000e+00
4.925000000000000711e+00 1.688391005010281942e+00 1.204955981405727794e+00 1.038835855423665411e+00 2.845724346442539687e+00
4.974999999999999645e+00 1.589858242018791890e+00 1.212352774438863579e+00 1.018807763273429590e+00 3.285026109265306804e+00
5.025000000000000355e+00 1.473630026741394650e+00 1.218805021283205559e+00 9.987164846790184125e-01 3.645777376045665985e+00
5.075000000000001066e+00 1.368623486529996658e+00 1.217338149424634253e+00 9.824736936887371597e-01 3.929427357739266213e+00
5.125000000000000000e+00 1.254119623226678915e+00 1.215659427955603000e+00 9.678268240119771715e-01 4.017332706919813923e+00
5.175000000000000711e+00 1.156867619529612590e+00 1.208801117039177697e+00 9.554472299682602587e-01 4.039789831142986287e+00
5.224999999999999645e+00 1.080558450445632479e+00 1.197099238561230239e+00 9.449513727738448887e-01 4.089363259021443930e+00
5.275000000000000355e+00 1.006555255425749751e+00 1.184490018261197486e+00 9.352348923113728008e-01 3.944407212305377275e+00
5.325000000000001066e+00 9.517054011388741408e-01 1.171351667700278876e+00 9.278498821801413055e-01 3.929767681441477478e+00
5.375000000000000000e+00 9.085490222210677036e-01 1.151740191296637406e+00 9.212320115548474631e-01 3.865930553469167030e+00
5.425000000000000711e+00 8.752500456338646595e-01 1.135273347212564898e+00 9.156424736159427535e-01 3.717819222874598317e+00
5.474999999999999645e+00 8.590381541347146266e-01 1.115279197946009937e+00 9.124943048229597897e-01 3.686546587440502343e+00
5.525000000000000355e+00 8.434637511355543849e-01 1.096331220578556254e+00 9.093189240726441414e-01 3.488522394103664492e+00
5.575000000000001066e+00 8.354209129934959677e-01 1.074692030637403706e+00 9.080928402709284031e-01 3.308452870836867010e+00
5.625000000000000000e+00 8.350830849676539325e-01 1.057327502398184960e+00 9.097577129947678198e-01 3.045509104517789112e+00
5.675000000000000711e+00 8.338976224226281042e-01 1.039075346905824260e+00 9.128023010745233146e-01 2.817798698753460229e+00
5.724999999999999645e+00 8.356961632180633925e-01 1.018203289682411361e+00 9.157201889582187171e-01 2.503899973758700881e+00
5.775000000000000355e+00 8.387018790160034598e-01 9.999864777326866738e-01 9.219784881499015761e-01 2.210534298416055421e+00
5.825000000000001066e+00 8.416466160747424485e-01 9.808555349158755154e-01 9.280717460560276022e-01 1.995293602235928887e+00
5.875000000000000000e+00 8.477040208625271633e-01 9.653455414125905465e-01 9.353594260580239128e-01 1.750045479787732283e+00
5.925000000000000711e+00 8.527916319295294478e-01 9.543153423399055590e-01 9.430805406108376809e-01 1.538290062770922173e+00
5.974999999999999645e+00 8.608997547551658913e-01 9.380599112744223422e-01 9.512749249973735388e-01 1.382774969949101207e+00
6.025000000000000355e+00 8.670723996503374442e-01 9.272667635299652877e-01 9.598242850922020786e-01 1.254166851104859370e+00
6.075000000000001066e+00 8.731355585174213063e-01 9.179368713829005877e-01 9.686073585609827896e-01 1.145610482648864892e+00
6.125000000000000000e+00 8.810556586726812078e-01 9.057763780205935200e-01 9.778910902868002131e-01 1.069564365149423324e+00
6.175000000000000711e+00 8.869647502301858388e-01 8.993125380945494740e-01 9.860613109710173463e-01 1.005421128433573452e+00
6.224999999999999645e+00 8.943880273729576391e-01 8.965948920341687556e-01 9.945604260396723184e-01 9.945423986633389335e-01
6.275000000000000355e+00 9.035457103199956430e-01 8.939177981146937402e-01 1.003176164347125088e+00 9.758958788096222525e-01
6.325000000000001066e+00 9.093885769557359389e-01 8.937384482842334332e-01 1.010458770310598275e+00 9.655720556615259298e-01
6.375000000000000000e+00 9.154884766486210967e-01 8.954563141717181152e-01 1.018063203984858944e+00 9.847817582877784748e-01
6.425000000000000711e+00 9.223760383848507161e-01 8.983929156404781846e-01 1.024398052710818297e+00 1.002369383696906091e+00
6.474999999999999645e+00 9.285833306748069171e-01 9.034075139088623141e-01 1.030112571059325965e+00 1.021201348024604272e+00
6.525000000000000355e+00 9.318711932006568111e-01 9.084287569673148433e-01 1.034667010387253505e+00 1.043308796982857833e+00
6.575000000000001066e+00 9.379998884146416582e-01 9.174509490834539260e-01 1.039040683591072156e+00 1.083734432419803051e+00
6.625000000000000000e+00 9.426117959227373611e-01 9.273825808754463385e-01 1.041421437198477573e+00 1.100798761863092334e+00
6.675000000000000711e+00 9.479649949112132212e-01 9.379218510611357917e-01 1.044080645729027701e+00 1.149884308798536203e+00
6.724999999999999645e+00 9.507381390178006875e-01 9.500272209798269474e-01 1.045759092550459401e+00 1.159206698343801412e+00
6.775000000000000355e+00 9.569706430466415892e-01 9.627018092189973952e-01 1.046210110304687690e+00 1.189191766292653885e+00
6.825000000000001066e+00 9.568030940972953591e-01 9.770580841816128848e-01 1.046499906644575706e+00 1.209008628455707779e+00
6.875000000000000000e+00 9.604591289228981976e-01 9.922536439565983191e-01 1.045931148316563641e+00 1.258111058708980323e+00
6.925000000000000711e+00 9.633097648945690983e-01 1.005156499165346107e+00 1.044566424964894269e+00 1.284144805563920189e+00
6.974999999999999645e+00 9.629205867834886856e-01 1.016898581920365308e+00 1.042952016222613132e+00 1.304482245346172631e+00
7.025000000000000355e+00 9.638777292976475897e-01 1.030389059336997537e+00 1.040247285797558874e+00 1.352356067933931261e+00
7.075000000000001066e+00 9.642482798025570068e-01 1.041443552446317033e+00 1.037907347081139298e+00 1.360123433841343710e+00
7.125000000000000000e+00 9.598677271096928143e-01 1.053710775655473109e+00 1.033940491012699692e+00 1.389449827135178506e+00
7.175000000000000711e+00 9.656580557375993301e-01 1.064556796433612895e+00 1.029761576595249473e+00 1.370972675683932218e+00
7.224999999999999645e+00 9.649848252619572797e-01 1.070971884732384138e+00 1.025959912868195101e+00 1.396924997905806931e+00
7.275000000000000355e+00 9.623048435953346358e-01 1.079554062301518069e+00 1.021824103481295376e+00 1.400223418276495879e+00
7.325000000000001066e+00 9.598638594726053297e-01 1.084774558210511719e+00 1.016910864989886809e+00 1.399016086451326579e+00
7.375000000000000000e+00 9.589137434009290528e-01 1.088368567222934624e+00 1.012136533280517225e+00 1.409706126146716088e+00
7.425000000000000711e+00 9.575034425793671478e-01 1.092482860803005273e+00 1.007337764752225251e+00 1.416151649926776113e+00
7.474999999999999645e+00 9.540036708381933739e-01 1.090248027969186628e+00 1.002560797389654423e+00 1.393070372658157252e+00
7.525000000000000355e+00 9.561289177717436916e-01 1.090285741385927931e+00 9.985700690327856677e-01 1.399897260591172365e+00
7.575000000000001066e+00 9.527565668589341730e-01 1.087299058884617198e+00 9.949559775837762965e-01 1.398326115289623806e+00
7.625000000000000000e+00 9.521376537482506563e-01 1.082378697188142613e+00 9.922105656454889289e-01 1.390218160661585545e+00
7.675000000000000711e+00 9.569103970635767231e-01 1.076675980720635639e+00 9.888992819757701502e-01 1.369295499671570049e+00
7.724999999999999645e+00 9.559782124476374765e-01 1.070059604474649761e+00 9.864708092437165510e-01 1.368535539481752661e+00
7.775000000000000355e+00 9.621322872413531346e-01 1.062820275862310204e+00 9.846847854888944873e-01 1.343537570138099602e+00
7.825000000000001066e+00 9.661887594203006913e-01 1.054352812811838236e+00 9.834456706950683857e-01 1.316688728197220382e+00
7.875000000000000000e+00 9.754922424535107384e-01 1.047125565264865221e+00 9.828992744552735861e-01 1.289276146467627893e+00
7.925000000000000711e+00 9.791144101341695549e-01 1.036984587403022351e+00 9.818581185336885397e-01 1.264615330735209708e+00
7.974999999999999645e+00 9.868999003457893382e-01 1.028181039323023960e+00 9.817799626397689661e-01 1.234050013012240266e+00
8.025000000000000355e+00 9.916226975476409855e-01 1.019372719647587244e+00 9.821526077282510814e-01 1.187530949442966888e+00
8.074999999999999289e+00 9.997967140182805190e-01 1.012605158255874604e+00 9.826626228604387059e-01 1.167112429467448642e+00
8.125000000000000000e+00 1.006756422186677602e+00 1.003417320749825814e+00 9.832617956141282978e-01 1.138005533730379382e+00
8.175000000000000711e+00 1.013518778788565333e+00 9.974706660811982761e-01 9.841611960351511756e-01 1.100883822870720063e+00
8.225000000000001421e+00 1.020272904175372863e+00 9.921016071835735417e-01 9.851788486707391268e-01 1.065479744363690751e+00
8.275000000000000355e+00 1.023892823524186868e+00 9.859480837107572615e-01 9.864789229277503013e-01 1.046063349414608989e+00
8.324999999999999289e+00 1.028159875794529388e+00 9.838914407187548949e-01 9.881884225495224383e-01 1.029269743039912699e+00
8.375000000000000000e+00 1.030727762308035089e+00 9.795077503691262955e-01 9.889729897020853588e-01 9.988843405778651263e-01
8.425000000000000711e+00 1.033550906802745750e+00 9.770248400194042615e-01 9.908171201975782827e-01 1.001344673533745011e+00
8.475000000000001421e+00 1.033571303150493836e+00 9.767540557575542515e-01 9.923286591822704228e-01 9.802860985464139087e-01
8.525000000000000355e+00 1.036209521503202335e+00 9.743846829920637109e-01 9.936193317760452226e-01 9.692083463951021161e-01
8.574999999999999289e+00 1.035252643436666897e+00 9.747230113847457078e-01 9.947900124433467495e-01 9.930419632988682910e-01
8.625000000000000000e+00 1.034709167348170533e+00 9.745394116856217481e-01 9.962867528323458011e-01 9.782182569500040836e-01
8.675000000000000711e+00 1.032876372449753166e+00 9.766362716811525235e-01 9.972265485557119113e-01 9.922931858454838716e-01
8.725000000000001421e+00 1.031970473107845399e+00 9.766330693398891372e-01 9.984581535533340046e-01 9.934674859759740073e-01
8.775000000000000355e+00 1.029143072587608287e+00 9.799445984050609848e-01 9.992831225449861909e-01 9.937583388749028357e-01
8.824999999999999289e+00 1.024514350653273009e+00 9.830029713139006864e-01 1.000115388180608855e+00 9.931954654132869598e-01
8.875000000000000000e+00 1.021170861020506804e+00 9.849099224582968937e-01 1.000543565321331929e+00 1.012125164219566331e+00
8.925000000000000711e+00 1.017418814019413587e+00 9.867706757690657415e-01 1.001100667507017317e+00 1.012246445726194377e+00
8.975000000000001421e+00 1.011271648449153071e+00 9.887834647568445323e-01 1.001739295724612955e+00 1.023488510394784612e+00
9.025000000000000355e+00 1.010453156243465545e+00 9.925093731578039646e-01 1.001537549540816752e+00 1.033498104089695335e+00
9.074999999999999289e+00 1.005026273835252670e+00 9.940449894264704600e-01 1.002230895722777904e+00 1.033538109830800522e+00
9.125000000000000000e+00 1.003616440982234126e+00 9.960562579119829341e-01 1.002307872039629011e+00 1.031429776516987973e+00
9.175000000000000711e+00 9.994580664960326377e-01 9.980161296088346790e-01 1.002076410738945933e+00 1.043020303346038347e+00
9.225000000000001421e+00 9.956367087316372322e-01 1.000473500844023533e+00 1.002369047108742528e+00 1.052700364284469448e+00
9.275000000000000355e+00 9.937779540105667886e-01 1.001562764031248554e+00 1.002364291520867701e+00 1.057856420160558919e+00
9.324999999999999289e+00 9.893544167753254293e-01 1.003328250055248061e+00 1.001535358712743351e+00 1.047352114135811307e+00
9.375000000000000000e+00 9.865243367176805833e-01 1.004025615696229723e+00 1.001444048247108976e+00 1.053937774611422684e+00
9.425000000000000711e+00 9.855551497519737802e-01 1.007570214840947997e+00 1.001534552649653520e+00 1.055517452831968406e+00
9.475000000000001421e+00 9.824422801096256430e-01 1.008717029694530032e+00 1.001084384451750742e+00 1.046916057037921233e+00
9.525000000000000355e+00 9.793918735002384857e-01 1.009044689255491178e+00 1.000943501583964279e+00 1.056541370904008126e+00
9.575000000000001066e+00 9.779628508247283358e-01 1.009739443719384511e+00 1.000626949924282361e+00 1.049016685346365163e+00
9.625000000000000000e+00 9.786017272886277096e-01 1.009954030041465778e+00 1.000410017473152724e+00 1.040020511119216451e+00
9.675000000000000711e+00 9.767001703424231795e-01 1.010108625781549474e+00 1.000222181907521657e+00 1.051208319516142797e+00
9.725000000000001421e+00 9.757250722098474993e-01 1.010979093886392066e+00 9.998656114265933592e-01 1.030551990737800239e+00
9.775000000000000355e+00 9.757548547163217290e-01 1.009698774492509665e+00 9.997893979028751321e-01 1.028631505007634894e+00
9.825000000000001066e+00 9.764670978346977614e-01 1.008055850031133849e+00 9.996745047970276854e-01 1.012014259710098063e+00
9.875000000000000000e+00 9.782709904666249123e-01 1.008838470105707374e+00 1.000023890000398819e+00 9.932736689024588284e-01
9.925000000000000711e+00 9.771248365343283560e-01 1.007581874828973767e+00 9.994981054171651058e-01 1.010637830162663064e+00
9.975000000000001421e+00 9.780170118834927706e-01 1.007435278330951922e+00 1.000142130245167404e+00 1.012794686434620450e+00
1.002500000000000036e+01 9.792234798453627320e-01 1.007580116755825816e+00 1.000233427863291391e+00 9.994017486263715444e-01
1.007500000000000107e+01 9.811136690634700841e-01 1.004679386016865905e+00 9.999520029970524471e-01 9.844672229461669533e-01
1.012500000000000000e+01 9.831848423650801916e-01 1.004711054278887961e+00 1.000424174926051180e+00 9.893715564581558874e-01
1.017500000000000071e+01 9.847729508716118740e-01 1.002100557526901303e+00 1.000631355704629133e+00 9.757735335761946738e-01
1.022500000000000142e+01 9.879286938245862570e-01 1.001751690189770949e+00 1.000604167624756791e+00 9.604633469475180041e-01
1.027500000000000036e+01 9.908791859830641258e-01 1.000999776361921612e+00 1.001063725857256781e+00 9.720309536916481585e-01
1.032500000000000107e+01 9.915798453574869997e-01 1.000746541180275173e+00 1.001544758201266649e+00 9.520300076224079699e-01
1.037500000000000000e+01 9.934687199853841078e-01 9.994435804584923533e-01 1.001460624747739114e+00 9.524241650042131191e-01
1.042500000000000071e+01 9.933322855782169558e-01 9.967962050986832745e-01 1.001950572146764529e+00 9.490101480464614436e-01
1.047500000000000142e+01 9.959517055955807718e-01 9.981716100730776420e-01 1.002086793057247460e+00 9.411696048496578371e-01
1.052500000000000036e+01 9.999719337341126391e-01 9.971379356395381199e-01 1.002240402661893626e+00 9.295796185600336825e-01
1.057500000000000107e+01 1.002906456249560430e+00 9.965563384862911045e-01 1.002404894103894328e+00 9.398624652600432450e-01
1.062500000000000000e+01 1.002036414098528283e+00 9.976715088659088293e-01 1.002569017599297618e+00 9.396428517189464591e-01
1.067500000000000071e+01 1.002902917830831742e+00 9.966810358073249221e-01 1.002503280329763102e+00 9.246837447125016984e-01
1.072500000000000142e+01 1.004530608434088146e+00 9.956169723503833779e-01 1.002596470750631186e+00 9.242828950711025060e-01
1.077500000000000036e+01 1.004233212241646855e+00 9.968332088869635843e-01 1.002282835856322718e+00 9.221519131885620446e-01
1.082500000000000107e+01 1.004762379426730412e+00 9.968570759445664065e-01 1.002333731331600974e+00 9.333573100324975558e-01
1.087500000000000000e+01 1.005494895454622117e+00 9.970960269948578869e-01 1.001974827386141742e+00 9.237627211884926748e-01
1.092500000000000071e+01 1.008205064754469138e+00 9.974137395758926328e-01 1.001836348348578376e+00 9.236230774164299051e-01
1.097500000000000142e+01 1.006672454983054354e+00 9.995451883562851414e-01 1.001586950297948864e+00 9.311232175610305584e-01
1.102500000000000036e+01 1.007573700792175231e+00 9.979415515855124541e-01 1.001603942530221003e+00 9.321176102409014508e-01
1.107500000000000107e+01 1.008420989689915226e+00 1.000194150075410571e+00 1.001302966531367300e+00 9.343187739562676120e-01
1.112500000000000000e+01 1.006214221253394436e+00 9.999975925169031221e-01 1.000793845919466074e+00 9.351535593239109767e-01
1.117500000000000071e+01 1.006321182538653547e+00 1.000765824096689460e+00 1.000825047877444529e+00 9.396564738611445922e-01
1.122500000000000142e+01 1.005849322121958878e+00 1.000294086467939492e+00 1.000540160161204728e+00 9.378221124084845650e-01
1.127500000000000036e+01 1.003945603948350307e+00 1.000764574296053144e+00 1.000284372570809488e+00 9.379398389329632879e-01
1.132500000000000107e+01 1.006523169389540451e+00 1.002976288764224178e+00 9.997337095261370488e-01 9.445321884224866515e-01
1.137500000000000000e+01 1.003898371828752856e+00 1.001769331027875021e+00 9.999178310496390498e-01 9.271430106788028924e-01
1.142500000000000071e+01 1.004533644064904641e+00 1.002243137117635463e+00 9.993531538276120285e-01 9.345057884801794001e-01
1.147500000000000142e+01 1.004934299217599358e+00 1.002484828705267450e+00 9.991239553064276135e-01 9.420973637761053121e-01
1.152500000000000036e+01 1.003885333780863753e+00 1.001237607776299443e+00 9.987468647374851960e-01 9.447524352560300320e-01
1.157500000000000107e+01 1.002846567922835552e+00 1.002131963042773188e+00 9.985347651174344419e-01 9.371334852125786652e-01
1.162500000000000000e+01 1.003747516527551564e+00 1.002074591451812768e+00 9.983836843591428201e-01 9.407577841669113594e-01
1.167500000000000071e+01 1.003762485692250239e+00 1.002941383386193541e+00 9.986364141907830838e-01 9.482108091759786639e-01
1.172500000000000142e+01 1.002630537951484602e+00 1.001142559145187683e+00 9.982016842605893059e-01 9.409261365461882853e-01
1.177500000000000036e+01 1.002775323672791652e+00 1.003364590631478093e+00 9.979680927849292615e-01 9.487592469458603350e-01
1.182500000000000107e+01 1.003514860310967816e+00 1.002271324931425234e+00 9.981404699109381884e-01 9.467605495493344181e-01
1.187500000000000000e+01 1.001416998264342606e+00 1.002520209398102713e+00 9.980416279092000353e-01 9.532482856510952063e-01
1.192500000000000071e+01 1.002583013505463860e+00 1.001034700100938091e+00 9.978416512678065509e-01 9.505186499462299210e-01
1.197500000000000142e+01 1.002157139123381668e+00 1.001086111995402872e+00 9.980689497273401711e-01 9.515321275478646479e-01
1.202500000000000036e+01 1.001805693155096932e+00 1.001224137757298349e+00 9.983806071478460442e-01 9.496398573362334616e-01
1.207500000000000107e+01 1.003313296240858410e+00 1.000598074137565074e+00 9.982269780913712864e-01 9.608785302913440685e-01
1.212500000000000000e+01 1.001229646506539561e+00 1.000461786186543245e+00 9.984282412306924037e-01 9.477668094135822674e-01
1.217500000000000071e+01 1.003007340321427243e+00 9.999967677114236508e-01 9.985932479327976896e-01 9.551002994951253156e-01
1.222500000000000142e+01 1.003025955711297934e+00 9.984642433278517748e-01 9.990018433493207395e-01 9.643548823238488055e-01
1.227500000000000036e+01 1.001628038297790013e+00 9.993064708841205013e-01 9.988077817439893202e-01 9.443985823117592160e-01
1.232500000000000107e+01 1.004054344375254537e+00 9.981802060277470412e-01 9.990881486953375745e-01 9.518899697070273280e-01
1.237500000000000000e+01 1.003420353672384469e+00 9.983882066214812001e-01 9.992571287854676854e-01 9.480135012586792254e-01
1.242500000000000071e+01 1.002339593435812137e+00 9.974664960081303100e-01 9.992888444721812480e-01 9.594288697028170443e-01
1.247500000000000142e+01 1.003230750572452479e+00 9.975999963148074468e-01 9.994470261628135566e-01 9.528994078014998426e-01
1.252500000000000036e+01 1.004715906789064750e+00 9.979346874876801055e-01 1.000079000011316888e+00 9.517085868119414815e-01
1.257500000000000107e+01 1.002551558073463411e+00 9.985597076613751399e-01 1.000049567713939602e+00 9.463515771942352384e-01
1.262500000000000000e+01 1.003089473177335211e+00 9.976344931322560505e-01 1.000068086108988785e+00 9.568017763744822712e-01
1.267500000000000071e+01 1.003646614048616215e+00 9.989236374712021638e-01 1.000325885585749752e+00 9.525688810854326949e-01
1.272500000000000142e+01 1.001308182675195058e+00 9.981683085523558319e-01 1.000345685593840406e+00 9.548939532617541914e-01
1.277500000000000036e+01 1.002304101725499441e+00 9.975625070384117610e-01 1.000484898833221337e+00 9.448745714655849559e-01
1.282500000000000107e+01 1.000652905764206846e+00 9.977133604237391484e-01 1.000770669433577398e+00 9.474222832006352624e-01
1.287500000000000000e+01 1.002357609824372942e+00 9.979751068503948108e-01 1.000887907895030571e+00 9.476370884471848610e-01
1.292500000000000071e+01 1.001263456720199674e+00 9.984118554914804822e-01 1.000793880975715311e+00 9.523431474308855504e-01
1.297500000000000142e+01 1.000775847230670923e+00 9.979797238888591382e-01 1.000722321889992994e+00 9.476936228336113599e-01
1.302500000000000036e+01 1.000935510976512788e+00 9.995264217934165529e-01 1.000957438056851334e+00 9.537928715326187135e-01
1.307500000000000107e+01 1.002473405594290323e+00 9.984822500484424879e-01 1.001049412255582194e+00 9.490101629914531323e-01
1.312500000000000000e+01 1.001996174960366082e+00 9.996554846791539939e-01 1.000993204684262450e+00 9.466699024949213337e-01
1.317500000000000071e+01 1.000262842754874315e+00 9.992974348309888732e-01 1.000785681303148600e+00 9.534761677550993575e-01
1.322500000000000142e+01 1.001379288789297828e+00 9.993784022433821468e-01 1.001053050646992792e+00 9.573620390124335522e-01
1.327500000000000036e+01 1.001200573744040812e+00 9.994162313090139138e-01 1.000819279018407171e+00 9.488855790569029613e-01
1.332500000000000107e+01 9.990606117552104370e-01 1.000004979817815665e+00 1.000913041441910067e+00 9.497337120919678854e-01
1.337500000000000000e+01 9.992519818679660437e-01 9.994760742864103875e-01 1.000754723251647160e+00 9.540580438447530121e-01
1.342500000000000071e+01 9.994427104919134663e-01 1.000455766370110577e+00 1.000964139753325099e+00 9.428765663117109064e-01
1.347500000000000142e+01 9.992915416608738610e-01 1.001429284819415733e+00 1.000575546675525729e+00 9.500819129169978394e-01
1.352500000000000036e+01 9.991403155937357283e-01 1.000916315364205111e+00 1.000636699675904850e+00 9.553335959186509685e-01
1.357500000000000107e+01 9.990072660437007146e-01 1.001723454044729733e+00 1.000570260824230617e+00 9.458897651419827524e-01
1.362500000000000000e+01 9.976670425332694325e-01 1.000726984200996261e+00 1.000550565673602454e+00 9.555946258684442363e-01
1.367500000000000071e+01 9.994818747173144224e-01 1.000548818332323453e+00 1.000422566382672462e+00 9.558219951893400790e-01
1.372500000000000142e+01 9.988964478108406375e-01 1.000894098113605857e+00 1.000119468158335190e+00 9.595085469682641532e-01
1.377500000000000036e+01 9.977038732515501884e-01 1.001109882528323780e+00 1.000118510637326041e+00 9.588871909384829584e-01
1.382500000000000107e+01 9.988569240376112823e-01 1.000547898836732674e+00 1.000342044503740313e+00 9.641426992991232181e-01
1.387500000000000000e+01 9.988840280625784773e-01 1.000727996762051708e+00 1.000082608218532121e+00 9.641296575550322157e-01
1.392500000000000071e+01 9.993336234183149980e-01 1.000462822253916695e+00 1.000116372957222888e+00 9.570731471076666663e-01
1.397500000000000142e+01 9.998486449394843323e-01 1.000977853179761290e+00 1.000104602054535663e+00 9.675624714106972890e-01
1.402500000000000036e+01 9.992007095135081451e-01 1.000923200914962008e+00 9.999759210603473836e-01 9.542579087144010819e-01
1.407500000000000107e+01 1.000934709863282146e+00 1.001676342713538004e+00 1.000022180327642563e+00 9.551418987373970770e-01
1.412500000000000000e+01 1.000715965798081974e+00 1.001055603498423707e+00 9.998995702133330887e-01 9.608350542668118166e-01
1.417500000000000071e+01 1.000125996277303919e+00 1.000367537256492190e+00 9.999233295452363279e-01 9.642754536726206860e-01
1.422500000000000142e+01 1.001272416271058008e+00 1.000129753906100705e+00 9.996350284306799727e-01 9.556300314424179820e-01
1.427500000000000036e+01 1.001739650890250521e+00 1.000572773933690263e+00 9.998258981510119714e-01 9.609462041936995824e-01
1.432500000000000107e+01 1.002281587718036215e+00 1.000927982643594172e+00 9.998329891416997128e-01 9.618425741408220819e-01
1.437500000000000000e+01 1.000960587330960161e+00 1.000499224635995832e+00 9.997401571516004726e-01 9.578430553078176590e-01
1.442500000000000071e+01 1.000799992832596796e+00 1.000180461086616290e+00 1.000004570431459294e+00 9.541013205533207531e-01
1.447500000000000142e+01 1.002114355853655603e+00 1.000292130213374264e+00 1.000071073548159273e+00 9.533001359309929423e-01
1.452500000000000036e+01 1.002813037636329119e+00 1.000577977542461694e+00 9.999234862208365993e-01 9.623639115956690304e-01
1.457500000000000107e+01 1.001557922168084147e+00 1.000019973707450882e+00 9.999288436358355625e-01 9.621791254242890723e-01
1.462500000000000000e+01 1.002414284848706094e+00 1.000807393540365187e+00 9.999810063292984275e-01 9.721770904825018933e-01
1.467500000000000071e+01 1.001929398913364855e+00 1.000206820290661103e+00 9.997421478399137751e-01 9.670455282037292433e-01
1.472500000000000142e+01 1.003679922078298370e+00 1.000954963965792643e+00 9.998900841578312049e-01 9.679782548015406496e-01
1.477500000000000036e+01 1.001832751826578605e+00 1.000462233588953476e+00 9.998108049884718573e-01 9.664254446181661518e-01
1.482500000000000107e+01 1.002378272503215761e+00 1.000524872983920899e+00 1.000070295688562538e+00 9.653626527481717901e-01
1.487500000000000000e+01 1.002859344279003029e+00 9.998331516992949863e-01 9.999735143846866237e-01 9.707401335967317246e-01
1.492500000000000071e+01 1.002759255622631684e+00 1.000202530461509198e+00 9.998287042056936968e-01 9.721896039445969695e-01
1.497500000000000142e+01 1.003975244988930315e+00 1.000639518284565099e+00 1.000037765477046925e+00 9.721122378657062191e-01
1.502500000000000036e+01 1.003393324318814228e+00 1.000482013532821401e+00 9.999226182213961645e-01 9.666924761037901659e-01
1.507500000000000107e+01 1.002300951184041056e+00 9.994116068357292715e-01 9.997718221905986802e-01 9.658043705314767191e-01
1.512500000000000000e+01 1.001822845738973955e+00 1.000209693250686538e+00 1.000026330693788212e+00 9.723331662474937742e-01
1.517500000000000071e+01 1.002437393593712089e+00 1.000422178957166119e+00 1.000073894734483826e+00 9.691154926196801078e-01
1.522500000000000142e+01 1.001693165390332929e+00 9.999086594359402058e-01 1.000019137017480908e+00 9.730254097292052595e-01
1.527500000000000036e+01 1.002292925743279328e+00 9.994756955504880969e-01 1.000112949212580205e+00 9.739670726689176883e-01
1.532500000000000107e+01 1.001177851304888566e+00 1.000406920020569856e+00 9.999595146431479176e-01 9.711389871142607211e-01
1.537500000000000000e+01 1.002291208628078412e+00 1.000925713898982439e+00 9.998887070547449740e-01 9.655476177776620705e-01
1.542500000000000071e+01 1.001914316623993439e+00 9.998777281012866114e-01 1.000131367819175221e+00 9.699296136942328062e-01
1.547500000000000142e+01 1.001604210846273491e+00 9.996776322016975858e-01 9.999641871286619743e-01 9.761750297357141282e-01
1.552500000000000036e+01 1.000212674720174055e+00 1.000384063137935486e+00 9.999904534499772790e-01 9.710267257687250630e-01
1.557500000000000107e+01 1.001712421345166470e+00 1.000165972057318609e+00 9.998641997112944768e-01 9.773773410002679629e-01
1.562500000000000000e+01 9.994600829806218334e-01 1.000441119252428290e+00 9.997109659535859949e-01 9.701710033691718360e-01
1.567500000000000071e+01 1.000794276693430573e+00 1.000517244857940469e+00 9.999436770396838980e-01 9.724148186805451344e-01
1.572500000000000142e+01 1.000571763069394438e+00 9.995548168886586593e-01 1.000119899613434393e+00 9.721052936586112025e-01
1.577500000000000036e+01 9.999549842222531515e-01 1.000708317974731143e+00 9.999103913450007042e-01 9.669334118015503465e-01
1.582500000000000107e+01 9.995701885727809044e-01 1.000245231786934808e+00 9.999678395952391607e-01 9.783172462474133413e-01
1.587500000000000000e+01 9.997937533527549991e-01 1.001272213226328089e+00 1.000126471869724920e+00 9.746783052246343892e-01
1.592500000000000071e+01 1.000612654047355887e+00 1.000409446778042222e+00 9.999028385092064708e-01 9.765432745558079164e-01
1.597500000000000142e+01 1.000729935023267902e+00 1.000481151547869763e+00 9.999618153946971955e-01 9.736580867049703381e-01
1.602499999999999858e+01 9.999134104016752511e-01 1.000404311390174605e+00 1.000003664088841671e+00 9.804390730133810683e-01
1.607500000000000284e+01 9.997979840793350670e-01 1.000830781170787720e+00 1.000011985840165929e+00 9.798523609513783983e-01
1.612500000000000000e+01 9.996444112076093846e-01 9.999281098391575862e-01 9.994433613761620760e-01 9.735866429863553329e-01
1.617500000000000071e+01 9.974054943833420284e-01 9.982647534241922971e-01 9.975464380523950680e-01 9.649759031694989941e-01
1.622500000000000142e+01 9.922033498650784100e-01 9.929728709682706933e-01 9.924160619681293705e-01 9.613729854504192707e-01
1.627499999999999858e+01 9.840642166854169925e-01 9.851614801562541546e-01 9.845032007732789081e-01 9.591249045711394139e-01
1.632500000000000284e+01 9.755230786774133911e-01 9.756502111644729247e-01 9.756052181188682448e-01 9.575554500079733744e-01
1.637500000000000000e+01 9.678406931510304956e-01 9.674724356396752212e-01 9.666270988099439077e-01 9.509816233295953491e-01
1.642500000000000071e+01 9.571229413106386863e-01 9.585387422801660007e-01 9.577136438437520161e-01 9.383466540987890347e-01
1.647500000000000142e+01 9.501507798976753794e-01 9.492100714391018546e-01 9.487778728192284294e-01 9.301353284611898475e-01
1.652499999999999858e+01 9.388696061270274118e-01 9.400594848037450157e-01 9.397702575128240587e-01 9.167643541676396834e-01
1.657500000000000284e+01 9.304461613427830180e-01 9.311709350853224487e-01 9.309204143026857947e-01 9.028884174597578971e-01
1.662500000000000000e+01 9.225748012799104281e-01 9.232035588979198293e-01 9.220600237629007490e-01 9.005220389377778245e-01
1.667500000000000071e+01 9.134782996239239061e-01 9.139280162059699730e-01 9.133700118780472277e-01 8.909439402842801448e-01
1.672500000000000142e+01 9.056069599654918978e-01 9.042896895378179645e-01 9.046197189684747064e-01 8.862456490184664748e-01
1.677499999999999858e+01 8.962127820797095579e-01 8.964996887074279108e-01 8.959664757653987843e-01 8.742827295936329568e-01
1.682500000000000284e+01 8.881329228733716441e-01 8.873889126400481553e-01 8.875026049779294324e-01 8.654965912371217485e-01
1.687500000000000000e+01 8.796970429372049649e-01 8.789047335950948003e-01 8.788478238898754791e-01 8.581669521426731340e-01
1.692500000000000071e+01 8.711530409581295098e-01 8.703021820823667598e-01 8.702964292473922558e-01 8.494342066119540124e-01
1.697500000000000142e+01 8.632790273622723554e-01 8.624866683505701959e-01 8.619632011381730408e-01 8.433300474582485773e-01
1.702499999999999858e+01 8.543516814281394423e-01 8.535766067570359494e-01 8.534942002782740511e-01 8.377038111459433889e-01
1.707500000000000284e+01 8.466913936273079422e-01 8.450784201170734589e-01 8.450477848198107989e-01 8.177224748829582390e-01
1.712500000000000000e+01 8.365190685938329596e-01 8.365796100679586678e-01 8.367623937861575767e-01 8.158669232844182329e-01
1.717500000000000071e+01 8.285947309952319539e-01 8.290477905646269630e-01 8.284808747520475691e-01 8.133986094465757155e-01
1.722500000000000142e+01 8.206480381467363694e-01 8.207305118210787009e-01 8.203516265836779953e-01 8.002209293369105803e-01
1.727499999999999858e+01 8.127895598748277051e-01 8.135440681852276201e-01 8.121032181204012046e-01 8.009894147098853834e-01
1.732500000000000284e+01 8.041300441392811305e-01 8.035607296340057104e-01 8.039450233900033993e-01 7.887739760216975204e-01
1.737500000000000000e+01 7.953719084750690005e-01 7.962952033130618057e-01 7.960351213214065247e-01 7.758928561412549163e-01
1.742500000000000071e+01 7.889996896857516262e-01 7.878977165592886411e-01 7.879356921778756240e-01 7.708591461387135357e-01
1.747500000000000142e+01 7.789176274803881750e-01 7.802731872900227073e-01 7.799683233198574372e-01 7.685135768325753736e-01
1.752499999999999858e+01 7.722696868691178995e-01 7.722956927960396012e-01 7.721032638401859050e-01 7.594434643255913997e-01
1.757500000000000284e+01 7.644994887170197817e-01 7.643810681971378029e-01 7.640206227743355782e-01 7.499018126423909747e-01
1.762500000000000000e+01 7.566021621742993197e-01 7.572146565327925183e-01 7.562196361337031325e-01 7.416948847081550333e-01
1.767500000000000071e+01 7.484809006217250094e-01 7.490804896578571181e-01 7.485056042594798731e-01 7.380753764990174437e-01
1.772500000000000142e+01 7.419207267098761882e-01 7.407807685366044614e-01 7.406807878646863852e-01 7.278375879010104965e-01
1.777499999999999858e+01 7.344418289711397430e-01 7.333390291313962583e-01 7.327941560396069587e-01 7.193222080846285449e-01
1.782500000000000284e+01 7.262309597012402973e-01 7.257504571843094165e-01 7.252477270071024940e-01 7.127666419225833216e-01
1.787500000000000000e+01 7.174281133674592636e-01 7.186015621454217017e-01 7.176053149072258996e-01 7.041433039119849857e-01
1.792500000000000071e+01 7.107282550890222650e-01 7.106544720839025331e-01 7.099813172644284798e-01 6.959701103219485541e-01
1.797500000000000142e+01 7.025099643618822887e-01 7.031545769666621704e-01 7.024120687024010268e-01 6.857852273843496604e-01
1.802499999999999858e+01 6.957093094469972705e-01 6.955646288876065064e-01 6.951771693287920328e-01 6.786925112942001626e-01
1.807500000000000284e+01 6.878051812279717403e-01 6.886094523406671719e-01 6.876875344995668771e-01 6.796401165624307295e-01
1.812500000000000000e+01 6.807202593441978866e-01 6.807393068379076206e-01 6.801693840201379349e-01 6.717384369140276812e-01
1.817500000000000071e+01 6.731939442005553387e-01 6.733776743227990469e-01 6.728203028156066745e-01 6.596085416242892796e-01
1.822500000000000142e+01 6.659855352118247973e-01 6.654289410971442331e-01 6.654422608767178726e-01 6.541291922240920487e-01
1.827499999999999858e+01 6.584704967462162717e-01 6.581832099411607517e-01 6.582020446981455830e-01 6.452008852560248142e-01
1.832500000000000284e+01 6.513177157135628947e-01 6.513115043828395789e-01 6.507690477557783737e-01 6.340122665869679652e-01
1.837500000000000000e+01 6.441491571348537670e-01 6.439612684946749432e-01 6.436788595896959508e-01 6.267858812236634103e-01
1.842500000000000071e+01 6.368101429149670700e-01 6.368137394559658659e-01 6.365455274921992812e-01 6.202920543145589161e-01
1.847500000000000142e+01 6.302159127965031304e-01 6.298684869314042922e-01 6.293178764384439461e-01 6.172966189368853662e-01
1.852499999999999858e+01 6.226297944019187902e-01 6.234222980877706100e-01 6.223105872097368652e-01 6.109603036337608595e-01
1.857500000000000284e+01 6.154994721782623968e-01 6.151035813720581169e-01 6.152004929352452578e-01 5.971341566565904202e-01
1.862500000000000000e+01 6.092147901573075064e-01 6.081764743462955147e-01 6.081596603166611326e-01 5.958670057591077818e-01
1.867500000000000071e+01 6.010209979364163901e-01 6.014257886496846561e-01 6.012338044560379124e-01 5.835166440628467566e-01
1.872500000000000142e+01 5.950733109806020105e-01 5.940833444914335182e-01 5.942975683376846563e-01 5.852230863763536739e-01
1.877499999999999858e+01 5.881343349839076584e-01 5.873760735746167416e-01 5.873010494504996570e-01 5.760392067970411256e-01
1.882500000000000284e+01 5.814291197017903423e-01 5.810211359364405581e-01 5.805336817461609344e-01 5.696858051526022537e-01
1.887500000000000000e+01 5.740934748674014765e-01 5.737307740157511216e-01 5.737828189526292810e-01 5.603090932584543493e-01
1.892500000000000071e+01 5.676839317105165650e-01 5.673285424418800238e-01 5.667488044540963665e-01 5.555702640625668209e-01
1.897500000000000142e+01 5.609735839395284529e-01 5.601828999977541690e-01 5.601933243909187343e-01 5.509647771058092669e-01
1.902499999999999858e+01 5.537596972342798685e-01 5.535185086568765733e-01 5.534347856676182786e-01 5.392038400904838324e-01
1.907500000000000284e+01 5.464959138665517191e-01 5.466923566212653629e-01 5.466494964872117279e-01 5.447387648844422836e-01
1.912500000000000000e+01 5.402698573848021546e-01 5.401345259337199112e-01 5.400423701898647844e-01 5.239439537574193118e-01
1.917500000000000426e+01 5.338408258393009254e-01 5.330560343871096896e-01 5.334649151103023623e-01 5.175901290378680519e-01
1.922500000000000142e+01 5.273903459976032604e-01 5.266498233124891071e-01 5.269417650612420179e-01 5.140125215215898269e-01
1.927499999999999858e+01 5.208157652632551260e-01 5.198805303308670078e-01 5.202911865877911657e-01 5.072817998084797608e-01
1.932500000000000284e+01 5.144102386524417314e-01 5.142929508262167326e-01 5.137810170729333326e-01 5.025113137593728574e-01
1.937500000000000000e+01 5.068918289766332075e-01 5.080255944575449156e-01 5.072594071649746406e-01 4.982833222306249921e-01
1.942500000000000426e+01 5.010717760372663809e-01 5.010372611305572432e-01 5.007707717346201459e-01 4.877614595480720405e-01
1.947500000000000142e+01 4.944229467175444426e-01 4.944508462674503946e-01 4.944640137848544392e-01 4.762149358939614108e-01
1.952499999999999858e+01 4.886554585093774161e-01 4.878909443503216536e-01 4.880810055904902245e-01 4.803651371613588683e-01
1.957500000000000284e+01 4.819103757349846862e-01 4.819204659134568303e-01 4.816241570502653446e-01 4.707249482192896739e-01
1.962500000000000000e+01 4.751409502541463770e-01 4.753800328939477016e-01 4.752832149669589668e-01 4.655146047781998919e-01
1.967500000000000426e+01 4.695705397728576203e-01 4.689575999207135082e-01 4.690927980230393812e-01 4.621817167578357588e-01
1.972500000000000142e+01 4.625789275551039359e-01 4.625466313324689271e-01 4.628300466937039781e-01 4.546669414022480038e-01
1.977499999999999858e+01 4.568490545669121605e-01 4.559037947179721550e-01 4.564777809273523057e-01 4.478942265835686998e-01
1.982500000000000284e+01 4.506247992713878214e-01 4.502843768475617847e-01 4.504401544742293595e-01 4.409093309807592953e-01
1.987500000000000000e+01 4.447164374431826217e-01 4.445097331169500787e-01 4.441888083731344028e-01 4.371848658853991210e-01
1.992500000000000426e+01 4.382749969460255635e-01 4.381424979205693071e-01 4.380624073148731146e-01 4.277707650906249492e-01
1.997500000000000142e+01 4.328351437963697812e-01 4.320992052460356225e-01 4.319703029760562640e-01 4.239734720890587782e-01
