# r (Angstroms), cation-water g(r), anion-water g(r), water-water g(r), cation-anion g(r)
2.500000000000000139e-02 0.000000000000000000e+00 0.000000000000000000e+00 5.772845018003531004e+04 0.000000000000000000e+00
7.500000000000001110e-02 0.000000000000000000e+00 0.000000000000000000e+00 0.000000000000000000e+00 0.000000000000000000e+00
1.250000000000000000e-01 0.000000000000000000e+00 0.000000000000000000e+00 0.000000000000000000e+00 0.000000000000000000e+00
1.750000000000000167e-01 0.000000000000000000e+00 0.000000000000000000e+00 0.000000000000000000e+00 0.000000000000000000e+00
2.250000000000000056e-01 0.000000000000000000e+00 0.000000000000000000e+00 0.000000000000000000e+00 0.000000000000000000e+00
2.750000000000000222e-01 0.000000000000000000e+00 0.000000000000000000e+00 0.000000000000000000e+00 0.000000000000000000e+00
3.250000000000000666e-01 0.000000000000000000e+00 0.000000000000000000e+00 0.000000000000000000e+00 0.000000000000000000e+00
3.750000000000000000e-01 0.000000000000000000e+00 0.000000000000000000e+00 0.000000000000000000e+00 0.000000000000000000e+00
4.250000000000000444e-01 0.000000000000000000e+00 0.000000000000000000e+00 0.000000000000000000e+00 0.000000000000000000e+00
4.749999999999999778e-01 0.000000000000000000e+00 0.000000000000000000e+00 0.000000000000000000e+00 0.000000000000000000e+00
5.250000000000000222e-01 0.000000000000000000e+00 0.000000000000000000e+00 0.000000000000000000e+00 0.000000000000000000e+00
5.750000000000000666e-01 0.000000000000000000e+00 0.000000000000000000e+00 0.000000000000000000e+00 0.000000000000000000e+00
6.250000000000000000e-01 0.000000000000000000e+00 0.000000000000000000e+00 0.000000000000000000e+00 0.000000000000000000e+00
6.750000000000000444e-01 0.000000000000000000e+00 0.000000000000000000e+00 0.000000000000000000e+00 0.000000000000000000e+00
7.250000000000000888e-01 0.000000000000000000e+00 0.000000000000000000e+00 0.000000000000000000e+00 0.000000000000000000e+00
7.750000000000000222e-01 0.000000000000000000e+00 0.000000000000000000e+00 0.000000000000000000e+00 0.000000000000000000e+00
8.250000000000000666e-01 0.000000000000000000e+00 0.000000000000000000e+00 0.000000000000000000e+00 0.000000000000000000e+00
8.750000000000000000e-01 0.000000000000000000e+00 0.000000000000000000e+00 0.000000000000000000e+00 0.000000000000000000e+00
9.250000000000000444e-01 0.000000000000000000e+00 0.000000000000000000e+00 0.000000000000000000e+00 0.000000000000000000e+00
9.750000000000000888e-01 0.000000000000000000e+00 0.000000000000000000e+00 0.000000000000000000e+00 0.000000000000000000e+00
1.024999999999999911e+00 0.000000000000000000e+00 0.000000000000000000e+00 0.000000000000000000e+00 0.000000000000000000e+00
1.075000000000000178e+00 0.000000000000000000e+00 0.000000000000000000e+00 0.000000000000000000e+00 0.000000000000000000e+00
1.125000000000000000e+00 0.000000000000000000e+00 0.000000000000000000e+00 0.000000000000000000e+00 0.000000000000000000e+00
1.175000000000000266e+00 0.000000000000000000e+00 0.000000000000000000e+00 0.000000000000000000e+00 0.000000000000000000e+00
1.225000000000000089e+00 0.000000000000000000e+00 0.000000000000000000e+00 0.000000000000000000e+00 0.000000000000000000e+00
1.274999999999999911e+00 0.000000000000000000e+00 0.000000000000000000e+00 0.000000000000000000e+00 0.000000000000000000e+00
1.325000000000000178e+00 0.000000000000000000e+00 0.000000000000000000e+00 0.000000000000000000e+00 0.000000000000000000e+00
1.375000000000000000e+00 0.000000000000000000e+00 0.000000000000000000e+00 0.000000000000000000e+00 0.000000000000000000e+00
1.425000000000000266e+00 0.000000000000000000e+00 0.000000000000000000e+00 0.000000000000000000e+00 0.000000000000000000e+00
1.475000000000000089e+00 0.000000000000000000e+00 0.000000000000000000e+00 0.000000000000000000e+00 0.000000000000000000e+00
1.524999999999999911e+00 0.000000000000000000e+00 0.000000000000000000e+00 0.000000000000000000e+00 0.000000000000000000e+00
1.575000000000000178e+00 0.000000000000000000e+00 0.000000000000000000e+00 0.000000000000000000e+00 0.000000000000000000e+00
1.625000000000000000e+00 0.000000000000000000e+00 0.000000000000000000e+00 0.000000000000000000e+00 0.000000000000000000e+00
1.675000000000000266e+00 0.000000000000000000e+00 0.000000000000000000e+00 0.000000000000000000e+00 0.000000000000000000e+00
1.725000000000000089e+00 0.000000000000000000e+00 0.000000000000000000e+00 0.000000000000000000e+00 0.000000000000000000e+00
1.774999999999999911e+00 3.053531182484004597e-02 0.000000000000000000e+00 0.000000000000000000e+00 0.000000000000000000e+00
1.825000000000000178e+00 9.189093872114658668e-01 0.000000000000000000e+00 0.000000000000000000e+00 0.000000000000000000e+00
1.875000000000000000e+00 5.683250520752831214e+00 0.000000000000000000e+00 0.000000000000000000e+00 0.000000000000000000e+00
1.925000000000000266e+00 1.252872066803255890e+01 0.000000000000000000e+00 0.000000000000000000e+00 0.000000000000000000e+00
1.975000000000000089e+00 1.343353760397099350e+01 0.000000000000000000e+00 0.000000000000000000e+00 0.000000000000000000e+00
2.025000000000000355e+00 8.877976120476644084e+00 0.000000000000000000e+00 0.000000000000000000e+00 0.000000000000000000e+00
2.075000000000000178e+00 4.368279261681170311e+00 0.000000000000000000e+00 0.000000000000000000e+00 0.000000000000000000e+00
2.125000000000000000e+00 1.802570801404306478e+00 0.000000000000000000e+00 0.000000000000000000e+00 0.000000000000000000e+00
2.174999999999999822e+00 7.067795984906709572e-01 0.000000000000000000e+00 0.000000000000000000e+00 1.758845912078888657e-02
2.225000000000000089e+00 2.915014661076945068e-01 0.000000000000000000e+00 0.000000000000000000e+00 1.344550512421741062e-01
2.275000000000000355e+00 1.297719103695631759e-01 0.000000000000000000e+00 0.000000000000000000e+00 2.138143256000577086e+00
2.325000000000000178e+00 6.863257923924549753e-02 0.000000000000000000e+00 0.000000000000000000e+00 8.927519008579814397e+00
2.375000000000000000e+00 4.088179049040428087e-02 0.000000000000000000e+00 1.117055904028270392e-05 1.767172692415492108e+01
2.425000000000000266e+00 3.456094722906832839e-02 0.000000000000000000e+00 8.002759384675465441e-04 2.224227019667663896e+01
2.475000000000000089e+00 2.277354377827441392e-02 0.000000000000000000e+00 1.746659797865223601e-02 1.813349558459264799e+01
2.525000000000000355e+00 1.980569773725751256e-02 0.000000000000000000e+00 1.469167522950761418e-01 1.154972800279910849e+01
2.575000000000000178e+00 1.804649113039969235e-02 0.000000000000000000e+00 6.008035733247190091e-01 6.362170289224684083e+00
2.625000000000000000e+00 1.784552686614738690e-02 0.000000000000000000e+00 1.455577410913071246e+00 2.922194116307878176e+00
2.675000000000000266e+00 1.890732586481542674e-02 0.000000000000000000e+00 2.400654909824508465e+00 1.372104638009655542e+00
2.725000000000000089e+00 2.077064484449933288e-02 0.000000000000000000e+00 2.993273282298803739e+00 4.818243008006884986e-01
2.775000000000000355e+00 1.924806193417645875e-02 0.000000000000000000e+00 3.082494213813091299e+00 3.349572725127452633e-01
2.825000000000000178e+00 2.169961629085280855e-02 0.000000000000000000e+00 2.792708273031239141e+00 1.042598751474568680e-01
2.875000000000000000e+00 2.982668725677049132e-02 0.000000000000000000e+00 2.342450157353141105e+00 3.019952084748012133e-02
2.925000000000000266e+00 3.461399502032450060e-02 7.028222339152183590e-05 1.896280161614039450e+00 1.945060532360366745e-02
2.975000000000000089e+00 3.831799259808550684e-02 4.348141004038071772e-03 1.530082391434351985e+00 1.880231285730525614e-02
3.025000000000000355e+00 5.010568577680277191e-02 3.834317068952710489e-02 1.260688408046194642e+00 9.092949861462404360e-03
3.075000000000000178e+00 6.111268808018720244e-02 2.040057267026436638e-01 1.077506191267679547e+00 8.799654748278776251e-03
3.125000000000000000e+00 7.629038492941107863e-02 6.667865846655307571e-01 9.589812291425285906e-01 1.704064893399073050e-02
3.175000000000000266e+00 9.445597626704582694e-02 1.472970413609280715e+00 8.863758863434095803e-01 8.254086337829154296e-03
3.225000000000000089e+00 1.203994993265983943e-01 2.407614189775366231e+00 8.448970244574957045e-01 8.000134799192341536e-03
3.275000000000000355e+00 1.546779701717116984e-01 3.181045801568687104e+00 8.240497344424588810e-01 1.551545061436071689e-02
3.325000000000000178e+00 1.918051275746593121e-01 3.526924542788195449e+00 8.145224143187944632e-01 1.505233774458726061e-02
3.375000000000000000e+00 2.390334769533306869e-01 3.453131031627593384e+00 8.156266513425097786e-01 2.191448147532054289e-02
3.425000000000000266e+00 2.997687157814364345e-01 3.086853997948052708e+00 8.207189025870477161e-01 2.127932423713557036e-02
3.475000000000000089e+00 3.719480011928139040e-01 2.613943691092439625e+00 8.293118664626849545e-01 4.823323283424451463e-02
3.525000000000000355e+00 4.452153313365231346e-01 2.108917274381993945e+00 8.398774506426021080e-01 4.687464133867823984e-02
3.575000000000000178e+00 5.399791838322200999e-01 1.679713063656531169e+00 8.533725773225606659e-01 5.859341082731125278e-02
3.625000000000000000e+00 6.509114489985338148e-01 1.346484543342954643e+00 8.691011207742307398e-01 8.864833242450770312e-02
3.675000000000000266e+00 7.503718397578322818e-01 1.081513178838668710e+00 8.832314773094658289e-01 8.009168085230784773e-02
3.725000000000000089e+00 8.791789191423220462e-01 8.878677853549177268e-01 8.984807578275283424e-01 8.395264872993041250e-02
3.775000000000000355e+00 1.003876398787073798e+00 7.386768205273638310e-01 9.149723262816821245e-01 1.868422804350032551e-01
3.825000000000000178e+00 1.111459425323548134e+00 6.603079217264402612e-01 9.327747842559771518e-01 1.649279939871772238e-01
3.875000000000000000e+00 1.229149709683989400e+00 5.958033258076920191e-01 9.489309288731614389e-01 3.491053883683479797e-01
3.925000000000000266e+00 1.338315270649073518e+00 5.612434641389143497e-01 9.674331966546720896e-01 3.726742082318198479e-01
3.975000000000000089e+00 1.445515644328563942e+00 5.452341842193408894e-01 9.854786749155306502e-01 4.581468472811867643e-01
4.025000000000000355e+00 1.538917944635063373e+00 5.467489305366858288e-01 1.004526224087914921e+00 6.111883241097487707e-01
4.075000000000000178e+00 1.608951658076928304e+00 5.626007705192698216e-01 1.020962157528718661e+00 8.518314855664194107e-01
4.125000000000000000e+00 1.652505900177391407e+00 5.894549664779549225e-01 1.038246049424725204e+00 1.002457754928617328e+00
4.175000000000000711e+00 1.696284518236357952e+00 6.118160283687907874e-01 1.053969939309772341e+00 1.188629866842815019e+00
4.224999999999999645e+00 1.711854629786771165e+00 6.595043083546264784e-01 1.068206898044864017e+00 1.468309134262948401e+00
4.275000000000000355e+00 1.699651179181337568e+00 6.956438634810661048e-01 1.080242041611716219e+00 1.716443859177749998e+00
4.325000000000000178e+00 1.668568829960977329e+00 7.316493737640874517e-01 1.091002291046278883e+00 1.975019334358738776e+00
4.375000000000000000e+00 1.608296179963657702e+00 7.874506367714783073e-01 1.099547572930913653e+00 2.395279507955260456e+00
4.425000000000000711e+00 1.544133561047632108e+00 8.321581331202969611e-01 1.104730094271290097e+00 2.672913573973900281e+00
4.474999999999999645e+00 1.459600143304093933e+00 8.830897655681406722e-01 1.107946372654434963e+00 2.925145704707186489e+00
4.525000000000000355e+00 1.369037050307821746e+00 9.329451174811794756e-01 1.108865739995538169e+00 3.356633335481757907e+00
4.575000000000000178e+00 1.284533352510887960e+00 9.817866073695447060e-01 1.107188372351398664e+00 3.518213518709055521e+00
4.625000000000000000e+00 1.208024597773510234e+00 1.023080706754686098e+00 1.102779772851044449e+00 3.784866609651476921e+00
4.675000000000000711e+00 1.137187591522284436e+00 1.075778223487983576e+00 1.097282887826233289e+00 4.008911259291638274e+00
4.724999999999999645e+00 1.073668246908825230e+00 1.103511069013909607e+00 1.089917840136412464e+00 4.118319550734756973e+00
4.775000000000000355e+00 1.023952329031589281e+00 1.134784237102347326e+00 1.080525311517758880e+00 3.959537496259584177e+00
4.825000000000001066e+00 9.836625582872181583e-01 1.159726623527146838e+00 1.071266316651102279e+00 4.274625771727404100e+00
4.875000000000000000e+00 9.585281171625185115e-01 1.181097113760512185e+00 1.059150824582699046e+00 3.931806633032433940e+00
4.925000000000000711e+00 9.282937855571685715e-01 1.202232798253301871e+00 1.047224458251137191e+00 4.099370271835638846e+00
4.974999999999999645e+00 9.231515557839726771e-01 1.208533482226934463e+00 1.034338645681738278e+00 3.798866743357225406e+00
5.025000000000000355e+00 9.090631917675995322e-01 1.215394399733924713e+00 1.022011259823144558e+00 3.641262634359698769e+00
5.075000000000001066e+00 9.080488833207426280e-01 1.219825524349839929e+00 1.009547042604524991e+00 3.146652560441733470e+00
5.125000000000000000e+00 8.961866464310235258e-01 1.223647164171917101e+00 9.961654524355176843e-01 2.832120818911604943e+00
5.175000000000000711e+00 8.978923371493038319e-01 1.206335834996711487e+00 9.836268551619163913e-01 2.659592624046560605e+00
5.224999999999999645e+00 9.007124938773437561e-01 1.193402480669598864e+00 9.721300711671075900e-01 2.310248749457256334e+00
5.275000000000000355e+00 8.970843620982142941e-01 1.188282371812837468e+00 9.591400750790470831e-01 1.925764292297148517e+00
5.325000000000001066e+00 8.941964619531733716e-01 1.170875371492809069e+00 9.480953995112283428e-01 1.745982926649078726e+00
5.375000000000000000e+00 8.935393558446161899e-01 1.154011474005770976e+00 9.372430154214477227e-01 1.797173320128096385e+00
5.425000000000000711e+00 9.025923285693515652e-01 1.129701279769383948e+00 9.263402431397181891e-01 1.509746875921963660e+00
5.474999999999999645e+00 9.033736574080110104e-01 1.117737588371127133e+00 9.182529877936064233e-01 1.349057453514158400e+00
5.525000000000000355e+00 9.038312491129298909e-01 1.101981710287167626e+00 9.101880521969188953e-01 1.272960107401139407e+00
5.575000000000001066e+00 9.076676856158104600e-01 1.077428531985541449e+00 9.040080487999755388e-01 1.199363426765327256e+00
5.625000000000000000e+00 9.130119330980549508e-01 1.051413302805216166e+00 9.018888302835635917e-01 1.288586594065490143e+00
5.675000000000000711e+00 9.173182440256636427e-01 1.033696111214997382e+00 9.011998831671930166e-01 1.170385958553311623e+00
5.724999999999999645e+00 9.265550821128566428e-01 1.013444274218008534e+00 9.021856955627883812e-01 1.188112465399828732e+00
5.775000000000000355e+00 9.275919098334287627e-01 9.958543372216740464e-01 9.065991997108009404e-01 1.234991449544368569e+00
5.825000000000001066e+00 9.320631870318676349e-01 9.796734003084343056e-01 9.127223210811860055e-01 1.260474415314531971e+00
5.875000000000000000e+00 9.336004354523165238e-01 9.574071289601696622e-01 9.197240861080027141e-01 1.268039618472353691e+00
5.925000000000000711e+00 9.427725881108094397e-01 9.412995059418862720e-01 9.283108767877671363e-01 1.305983692601528690e+00
5.974999999999999645e+00 9.505650264416084516e-01 9.281801637197241162e-01 9.373622674867658766e-01 1.211965987323686988e+00
6.025000000000000355e+00 9.550794229286734272e-01 9.116046031689533091e-01 9.476451161691721303e-01 1.324880430747660709e+00
6.075000000000001066e+00 9.555939761747408445e-01 8.929701386425132892e-01 9.570627849200759041e-01 1.330216827352146858e+00
6.125000000000000000e+00 9.633055647306121294e-01 8.826981772310448227e-01 9.668048119087006009e-01 1.286408312238323415e+00
6.175000000000000711e+00 9.677571843836101362e-01 8.757077329643272456e-01 9.771792212204568617e-01 1.326761083914186790e+00
6.224999999999999645e+00 9.715541184788536455e-01 8.600052835466909240e-01 9.859910758716627921e-01 1.327005951290267882e+00
6.275000000000000355e+00 9.807045880884961431e-01 8.583961715729941933e-01 9.953922058107447235e-01 1.346093155850525802e+00
6.325000000000001066e+00 9.886713429165743250e-01 8.606007065549733381e-01 1.002729386731966654e+00 1.445529387130204180e+00
6.375000000000000000e+00 9.858076934654531609e-01 8.572597847380269975e-01 1.011057720142260141e+00 1.545787492745048786e+00
6.425000000000000711e+00 9.912961887574600617e-01 8.651709464760380941e-01 1.018008305500821775e+00 1.398867101470241403e+00
6.474999999999999645e+00 1.000757979683281729e+00 8.735898386185553255e-01 1.024309773213144314e+00 1.542072374771227494e+00
6.525000000000000355e+00 9.973221488718986283e-01 8.817489318863327430e-01 1.030131788509650148e+00 1.502894947988565377e+00
6.575000000000001066e+00 9.946814422627220376e-01 8.926963584684501907e-01 1.034892339951310358e+00 1.416607866058895882e+00
6.625000000000000000e+00 9.936437405157776404e-01 9.080503468062739447e-01 1.038409848447834793e+00 1.524220028340979693e+00
6.675000000000000711e+00 9.986458026286371137e-01 9.240874651965880204e-01 1.041771570538248870e+00 1.423035854091006192e+00
6.724999999999999645e+00 9.949800803363501034e-01 9.376211068009978611e-01 1.043978243712885279e+00 1.481067132632884809e+00
6.775000000000000355e+00 9.964880784264636970e-01 9.435883366176677223e-01 1.045299038258965085e+00 1.506419384148158125e+00
6.825000000000001066e+00 9.890476021031698872e-01 9.678829090104126287e-01 1.046228516688752830e+00 1.529086143424220889e+00
6.875000000000000000e+00 9.899740497194924327e-01 9.859411283834893514e-01 1.046503408986795502e+00 1.508686292801569184e+00
6.925000000000000711e+00 9.879682279093552344e-01 9.992534179071775879e-01 1.045577259540244164e+00 1.424515426937616347e+00
6.974999999999999645e+00 9.824571790898007917e-01 1.010403078191817849e+00 1.043155019395330063e+00 1.570065748609382750e+00
7.025000000000000355e+00 9.897658015121796327e-01 1.027550423673673885e+00 1.041550930575732448e+00 1.471923350842951672e+00
7.075000000000001066e+00 9.868116000495853468e-01 1.039885233855892155e+00 1.039058091741950296e+00 1.540956858365214011e+00
7.125000000000000000e+00 9.850388971477876954e-01 1.047628053448301788e+00 1.035025949109356302e+00 1.557103667284154058e+00
7.175000000000000711e+00 9.853688085634625393e-01 1.058611519731044170e+00 1.031521282545334151e+00 1.511233194730276841e+00
7.224999999999999645e+00 9.840747056456082831e-01 1.063506822151174758e+00 1.027747222006960115e+00 1.474448943129351930e+00
7.275000000000000355e+00 9.865347895906699804e-01 1.073320492659157965e+00 1.024149892521089678e+00 1.402369931608953069e+00
7.325000000000001066e+00 9.957453702575540522e-01 1.078610212887653796e+00 1.019683057797512005e+00 1.468582932268896357e+00
7.375000000000000000e+00 9.947492127342846269e-01 1.080452180127242645e+00 1.015571211271615537e+00 1.436498978084045364e+00
7.425000000000000711e+00 9.975070095799589698e-01 1.087807713018982714e+00 1.011170606988109455e+00 1.426273106324954076e+00
7.474999999999999645e+00 9.986601745369227956e-01 1.082505141721391784e+00 1.007284495453067974e+00 1.307482679936398551e+00
7.525000000000000355e+00 1.005020259718473863e+00 1.083485781704704110e+00 1.003487478293485502e+00 1.240204440991858670e+00
7.575000000000001066e+00 1.006514972114092243e+00 1.077309298729638432e+00 9.999628268136724341e-01 1.302191713565647779e+00
7.625000000000000000e+00 1.014948122001079645e+00 1.075694939291539365e+00 9.967384727297332603e-01 1.298050165013810320e+00
7.675000000000000711e+00 1.014782629027029204e+00 1.073510448728488331e+00 9.940319014571276091e-01 1.244466029392989448e+00
7.724999999999999645e+00 1.017937183993728567e+00 1.066007083680348799e+00 9.916115369249867140e-01 1.341349715775899787e+00
7.775000000000000355e+00 1.022404094576420786e+00 1.054434422693562690e+00 9.896228571134905172e-01 1.267718359504955039e+00
7.825000000000001066e+00 1.024768882430925121e+00 1.049467669571326978e+00 9.877431152017505100e-01 1.220314041414183315e+00
7.875000000000000000e+00 1.027582845334208406e+00 1.040857054976513263e+00 9.865674598908364956e-01 1.249144094131044991e+00
7.925000000000000711e+00 1.023963683071306585e+00 1.029593381765506077e+00 9.860102322332198188e-01 1.153941027179198553e+00
7.974999999999999645e+00 1.028244112091868390e+00 1.024627712251169331e+00 9.854118209277378249e-01 1.183998671374731915e+00
8.025000000000000355e+00 1.024882948813081729e+00 1.018407605688984141e+00 9.850623229128337988e-01 1.151202327143641124e+00
8.074999999999999289e+00 1.028986463555460196e+00 1.014494216007927996e+00 9.858177680348649830e-01 1.163787881643942868e+00
8.125000000000000000e+00 1.023101511362381588e+00 1.000853342581948580e+00 9.856088175763244585e-01 1.162112715374820748e+00
8.175000000000000711e+00 1.022942654163960130e+00 9.963004998842818205e-01 9.867199575463480032e-01 1.151675951052582914e+00
8.225000000000001421e+00 1.022618701096202232e+00 9.907396421687847399e-01 9.873797533975574581e-01 1.174615325253794973e+00
8.275000000000000355e+00 1.022899647829987657e+00 9.892883191204825399e-01 9.883747022442918029e-01 1.149527200320878961e+00
8.324999999999999289e+00 1.022015543443254959e+00 9.893446756596381286e-01 9.897256952336555003e-01 1.186185461055180745e+00
8.375000000000000000e+00 1.015828559729431868e+00 9.771511083960393584e-01 9.906899691200682367e-01 1.231379371989800298e+00
8.425000000000000711e+00 1.019915855707674401e+00 9.788538901899065392e-01 9.922772371180067497e-01 1.235563183486952044e+00
8.475000000000001421e+00 1.015397330940605025e+00 9.772923558877242289e-01 9.933471429582901857e-01 1.210601085241080010e+00
8.525000000000000355e+00 1.011468693501399674e+00 9.757041414697602555e-01 9.948965247880393603e-01 1.243383920808011966e+00
8.574999999999999289e+00 1.010072968212730959e+00 9.724017733387135820e-01 9.962448446659899481e-01 1.192714680688056417e+00
8.625000000000000000e+00 1.001257441017378458e+00 9.741056558890971440e-01 9.968094057684898646e-01 1.218074630217362397e+00
8.675000000000000711e+00 1.003452370412554640e+00 9.722259506202087787e-01 9.979709851880974592e-01 1.189700225821917146e+00
8.725000000000001421e+00 9.989593442290340963e-01 9.763127217121844170e-01 9.986619304759181137e-01 1.250430063146078075e+00
8.775000000000000355e+00 9.965297872690861425e-01 9.785957184296446565e-01 9.993908287836174020e-01 1.209205470046154085e+00
8.824999999999999289e+00 9.957124248117400489e-01 9.823009346120432639e-01 1.000076134401088002e+00 1.180584644100896252e+00
8.875000000000000000e+00 9.907390935357095474e-01 9.811580312901426737e-01 1.000785907465981506e+00 1.189504146412217578e+00
8.925000000000000711e+00 9.950845850973518703e-01 9.843385638717383479e-01 1.000704860010699582e+00 1.227398881163163535e+00
8.975000000000001421e+00 9.854652429243343503e-01 9.900189763681438437e-01 1.001097853034414120e+00 1.196200455741807556e+00
9.025000000000000355e+00 9.893415355012437074e-01 9.908475960885345657e-01 1.001371326823079722e+00 1.214651706118669017e+00
9.074999999999999289e+00 9.844022477291067830e-01 9.936094679008627972e-01 1.001265134278263913e+00 1.141693475917061606e+00
9.125000000000000000e+00 9.860724504299720472e-01 9.999201090249111301e-01 1.001123964789979004e+00 1.150201507975998183e+00
9.175000000000000711e+00 9.864335262660743897e-01 9.949518271279708115e-01 1.001099895477919333e+00 1.234566987274114958e+00
9.225000000000001421e+00 9.843935446523277566e-01 1.004298483246335527e+00 1.000860044779114721e+00 1.173310278145190066e+00
9.275000000000000355e+00 9.799040748398260003e-01 1.001604616979128393e+00 1.000989977559802346e+00 1.204220191839209031e+00
9.324999999999999289e+00 9.820650297550933550e-01 1.004733281952321811e+00 1.000389893242636719e+00 1.216220364427386569e+00
9.375000000000000000e+00 9.817365074273398662e-01 1.005856931816927480e+00 1.000149631889914570e+00 1.191921324538548932e+00
9.425000000000000711e+00 9.838609187637508136e-01 1.007878412320469153e+00 1.000200146389441436e+00 1.115612744942190870e+00
9.475000000000001421e+00 9.840841536049541594e-01 1.007688080594995483e+00 9.999417770911295245e-01 1.140016424124224548e+00
9.525000000000000355e+00 9.858458189523910953e-01 1.008241539193481362e+00 9.995582089275146798e-01 1.195030230314948039e+00
9.575000000000001066e+00 9.851985524611437395e-01 1.008607172038157085e+00 9.991658750594000216e-01 1.085470610766938515e+00
9.625000000000000000e+00 9.870721553703499795e-01 1.012088109120579116e+00 9.988210479926038499e-01 1.148771184649812760e+00
9.675000000000000711e+00 9.884433673916516172e-01 1.010487290996080478e+00 9.990449915911753243e-01 1.104038259514336762e+00
9.725000000000001421e+00 9.885516607163645775e-01 1.007943878090961309e+00 9.988979156971263818e-01 1.094474495258034308e+00
9.775000000000000355e+00 9.926682979520584649e-01 1.011019344997933889e+00 9.986699776183930455e-01 1.185193028017237804e+00
9.825000000000001066e+00 9.901529480457907928e-01 1.009167996009991963e+00 9.985644873327793603e-01 1.066274654595026794e+00
9.875000000000000000e+00 9.940413358836142077e-01 1.010422414395267809e+00 9.990462385982505911e-01 1.137418937757846304e+00
9.925000000000000711e+00 9.924171907967553885e-01 1.006835879045492543e+00 9.987799091431945886e-01 1.087976100976997040e+00
9.975000000000001421e+00 9.942172912486907377e-01 1.006189259749439291e+00 9.992372792372348211e-01 1.098002805913781188e+00
1.002500000000000036e+01 9.964198315157805075e-01 1.005412676882765810e+00 9.994782494612227675e-01 1.062239471945050751e+00
1.007500000000000107e+01 1.001702098910796090e+00 1.005999978300119446e+00 9.992870530762287817e-01 1.040246020360429791e+00
1.012500000000000000e+01 1.000646346599635805e+00 1.004450226898883525e+00 9.997382237910880098e-01 1.114410082789106804e+00
1.017500000000000071e+01 9.983490140364613685e-01 1.003561831955726680e+00 9.999730803117817812e-01 1.136436415513959020e+00
1.022500000000000142e+01 9.997152269504556710e-01 1.002496071982661885e+00 1.000414157582795616e+00 1.133307942535918267e+00
1.027500000000000036e+01 1.000184609116696377e+00 1.001050347908790883e+00 1.000841152397286438e+00 1.078169448204568726e+00
1.032500000000000107e+01 1.005429223756732160e+00 1.001432844526493060e+00 1.001055139545219408e+00 1.081021286857147823e+00
1.037500000000000000e+01 9.992448201068124813e-01 1.000621863672480183e+00 1.001413636409007379e+00 1.103866612795756375e+00
1.042500000000000071e+01 1.006184693316591661e+00 9.974897003796915351e-01 1.001650942920674359e+00 1.121631265541072064e+00
1.047500000000000142e+01 1.003139971141985942e+00 9.987914072917116748e-01 1.001950909379855315e+00 1.049524652211578646e+00
1.052500000000000036e+01 1.003787931457349236e+00 9.996108647939826453e-01 1.002148294639137571e+00 1.083893837740174781e+00
1.057500000000000107e+01 1.003545368501616908e+00 9.990474436821756843e-01 1.002424964427665266e+00 1.034233690588594268e+00
1.062500000000000000e+01 1.004834245882089805e+00 9.999391112537368009e-01 1.002720976114412244e+00 1.025996781114349110e+00
1.067500000000000071e+01 1.004965339328470098e+00 9.980157839245672458e-01 1.003009819794343338e+00 1.141268573614679704e+00
1.072500000000000142e+01 1.006263146533907582e+00 1.000013405816757794e+00 1.002929069336320422e+00 1.066994237398581902e+00
1.077500000000000036e+01 1.005103385919031922e+00 9.984971674169128564e-01 1.002920516793718519e+00 1.090799065873117479e+00
1.082500000000000107e+01 1.003144632302764849e+00 9.991984461742440260e-01 1.003208800248658550e+00 1.023229000617152940e+00
1.087500000000000000e+01 1.006848546364791597e+00 1.000640368147557080e+00 1.003044231163236599e+00 1.001177418781623807e+00
1.092500000000000071e+01 1.003104837923595838e+00 9.993313238300030044e-01 1.003126687762722957e+00 1.060354311506077396e+00
1.097500000000000142e+01 1.004534431018202723e+00 9.997218834752318317e-01 1.002533203004306372e+00 1.061076872378877267e+00
1.102500000000000036e+01 1.001857587025108742e+00 1.001741330395113927e+00 1.002571632748412656e+00 1.022723178563863522e+00
1.107500000000000107e+01 1.003806201062763748e+00 1.003710601872906949e+00 1.002334580707753720e+00 1.001976947333775403e+00
1.112500000000000000e+01 1.000262100946374799e+00 1.003616932511431914e+00 1.002060207029648708e+00 1.045430255904374439e+00
1.117500000000000071e+01 1.001351626818656193e+00 1.001392555800914463e+00 1.001844329641745635e+00 1.060749210424063893e+00
1.122500000000000142e+01 1.002274712397151379e+00 1.006273961068627987e+00 1.001388766810072717e+00 1.054622276563430772e+00
1.127500000000000036e+01 1.003239043884972537e+00 1.004922973725954405e+00 1.001084608257068131e+00 1.078670586508955642e+00
1.132500000000000107e+01 1.000799745565278620e+00 1.005821091613720464e+00 1.000885010405394793e+00 1.008831672221895737e+00
1.137500000000000000e+01 9.983133531759647017e-01 1.006927194918642687e+00 1.000563093176380924e+00 1.012200762179233049e+00
1.142500000000000071e+01 1.003776396525589698e+00 1.007687527751539358e+00 1.000191048290617557e+00 1.039695806490410046e+00
1.147500000000000142e+01 1.000929860803125848e+00 1.006750109901898727e+00 1.000005625436217738e+00 9.971634814824409387e-01
1.152500000000000036e+01 9.993262158588178679e-01 1.006442901792437006e+00 9.997376368167268934e-01 1.043030793732493189e+00
1.157500000000000107e+01 1.000740107952972524e+00 1.006935967215351946e+00 9.993863031754885995e-01 9.973975754026959128e-01
1.162500000000000000e+01 9.990180785338909075e-01 1.008444561426721675e+00 9.988734423356067094e-01 1.046713367714090959e+00
1.167500000000000071e+01 1.001762109917909260e+00 1.007625089026581655e+00 9.988265614782786406e-01 1.032273092903588152e+00
1.172500000000000142e+01 1.000888886636966735e+00 1.004961105657395048e+00 9.987023453732053468e-01 1.037408730521296674e+00
1.177500000000000036e+01 9.997948381893946301e-01 1.004333465859515107e+00 9.984250995786856375e-01 1.035218577779538185e+00
1.182500000000000107e+01 1.000541221035098349e+00 1.001805527016390363e+00 9.982828539030224047e-01 9.979196137771215724e-01
1.187500000000000000e+01 9.986192448053297088e-01 1.005307678911955271e+00 9.982188296233422964e-01 1.030838116304770402e+00
1.192500000000000071e+01 1.000489370262715338e+00 1.002455641150663990e+00 9.980491324234065376e-01 9.262515443263573678e-01
1.197500000000000142e+01 9.974712107789271975e-01 1.006222631884333030e+00 9.978978233763950989e-01 9.719156563949995498e-01
1.202500000000000036e+01 1.001434042484930842e+00 1.001521371046538711e+00 9.982341665129601527e-01 9.724815054346903631e-01
1.207500000000000107e+01 9.985665788812386756e-01 1.002981465759814395e+00 9.982151649228888646e-01 1.004391920045170083e+00
1.212500000000000000e+01 9.971090579209597182e-01 1.001213565622042001e+00 9.982944912674114324e-01 9.819758586877342932e-01
1.217500000000000071e+01 9.998444538209135812e-01 9.997836038301143313e-01 9.978733740210842251e-01 1.008730073727384768e+00
1.222500000000000142e+01 9.997456991863539200e-01 1.001409437358084631e+00 9.979475373513277958e-01 9.765549594346888407e-01
1.227500000000000036e+01 9.982664680724595563e-01 1.002833983289804110e+00 9.983334849661323895e-01 9.907048259072667173e-01
1.232500000000000107e+01 9.995888377486880083e-01 9.990188101953860755e-01 9.985848868759998886e-01 9.963769897899357186e-01
1.237500000000000000e+01 1.000672735652528678e+00 1.001010423361174961e+00 9.991040761831551098e-01 1.009532129752915619e+00
1.242500000000000071e+01 9.989394056288929402e-01 9.999657545891064148e-01 9.986425892019918926e-01 9.399798450567848906e-01
1.247500000000000142e+01 9.985037938006849911e-01 9.999913961225515013e-01 9.991758562257784249e-01 9.174893577420477619e-01
1.252500000000000036e+01 9.971808347171604581e-01 1.000916204537655174e+00 9.991007609577768900e-01 9.467768199651620531e-01
1.257500000000000107e+01 1.000477081343339458e+00 9.991974751985637226e-01 9.993620266839784438e-01 9.313697934665379208e-01
1.262500000000000000e+01 9.973255021586812097e-01 9.998456204658329183e-01 9.993448589214201094e-01 9.537633897666276672e-01
1.267500000000000071e+01 9.995410586964885713e-01 9.986128129033849943e-01 9.998224104643285148e-01 9.560941026283503730e-01
1.272500000000000142e+01 9.982745810217232840e-01 9.975578619250214940e-01 9.999379855036870657e-01 9.213605024661428722e-01
1.277500000000000036e+01 9.985982095152701188e-01 1.000654193062427755e+00 1.000030455917607419e+00 9.676967399559083249e-01
1.282500000000000107e+01 1.002269976232026849e+00 9.993891389561645466e-01 1.000102213189983935e+00 9.399307414367414903e-01
1.287500000000000000e+01 9.998166475214605997e-01 9.981062601399892653e-01 1.000449190408660538e+00 9.321425317346921924e-01
1.292500000000000071e+01 9.993527527465436711e-01 1.000877154983979223e+00 1.000318214487882607e+00 9.204617873678582196e-01
1.297500000000000142e+01 1.000452199277522380e+00 9.985287610413912107e-01 1.000717432120747041e+00 9.647837606034155300e-01
1.302500000000000036e+01 9.991801678850139590e-01 9.997774117756716983e-01 1.000863527340554171e+00 9.451291527212259957e-01
1.307500000000000107e+01 1.001983776263400738e+00 1.000145925773262112e+00 1.000961728257657057e+00 9.286667320213891630e-01
1.312500000000000000e+01 9.955632094071942273e-01 9.989177422350712376e-01 1.000917974355429507e+00 9.612124092761531458e-01
1.317500000000000071e+01 9.971857062191272769e-01 9.990875655141283618e-01 1.000725582017109927e+00 9.946763085382233083e-01
1.322500000000000142e+01 9.985077101067991734e-01 9.996766571757128572e-01 1.000902744071859418e+00 9.229438773005688157e-01
1.327500000000000036e+01 1.000416216184685236e+00 1.000979234054499623e+00 1.000808482329075932e+00 9.400850126758679703e-01
1.332500000000000107e+01 9.968510339675177301e-01 1.000987851204374834e+00 1.000824088737291229e+00 9.396040366155989920e-01
1.337500000000000000e+01 9.997616210839411766e-01 1.003336466074931321e+00 1.000959767574608916e+00 9.600349586241219146e-01
1.342500000000000071e+01 1.002205909502326797e+00 9.994266844324483090e-01 1.000733349487300083e+00 9.325834855579226979e-01
1.347500000000000142e+01 9.998292126470723629e-01 1.000181907701366502e+00 1.000796779761299105e+00 9.852486666349233868e-01
1.352500000000000036e+01 9.984299410719732482e-01 1.001058097639319966e+00 1.000614742012360114e+00 9.747933791233373002e-01
1.357500000000000107e+01 9.998646296702696779e-01 1.002452251628312307e+00 1.000715717120621351e+00 9.563375978873945860e-01
1.362500000000000000e+01 9.997937774723707482e-01 1.005447755961690781e+00 1.000464064140338616e+00 9.502279345370665542e-01
1.367500000000000071e+01 9.990074947686425899e-01 1.002633005581472503e+00 1.000537744602576051e+00 9.205995933505515261e-01
1.372500000000000142e+01 9.992978252620431379e-01 1.002432511730958042e+00 1.000486805587481376e+00 9.165546316521314685e-01
1.377500000000000036e+01 1.000164490015746921e+00 1.004054454327413692e+00 1.000437928376807895e+00 9.581493103093394748e-01
1.382500000000000107e+01 9.990607725296739572e-01 1.002132971238468784e+00 1.000219345181048825e+00 9.425243723024520071e-01
1.387500000000000000e+01 1.001378123158902511e+00 1.003244413739190488e+00 1.000242430817119388e+00 9.500067179683545637e-01
1.392500000000000071e+01 1.000507470495268780e+00 1.002547999758248487e+00 1.000235886803676477e+00 9.564992549373614317e-01
1.397500000000000142e+01 1.001526414673753917e+00 1.003772514259971604e+00 1.000393205293961474e+00 9.552058064490016598e-01
1.402500000000000036e+01 1.001686134519381044e+00 1.002294486161360965e+00 1.000000471936732360e+00 1.002130552207586289e+00
1.407500000000000107e+01 1.002404136220266917e+00 1.003782190731334678e+00 1.000170027264768224e+00 9.227801313939666406e-01
1.412500000000000000e+01 1.000891252351941985e+00 1.002563973026141753e+00 9.999504124851137377e-01 9.170928441801129427e-01
1.417500000000000071e+01 1.000687025633171690e+00 1.002457199689924972e+00 1.000140143942958471e+00 9.706808545764740170e-01
1.422500000000000142e+01 1.001229114301214196e+00 1.003777334415344891e+00 9.998711024555180238e-01 9.762052956119232627e-01
1.427500000000000036e+01 1.002580075451862562e+00 1.001832021203335144e+00 9.999389960808559019e-01 9.497788064875133385e-01
1.432500000000000107e+01 1.002443154297280037e+00 1.000409497904442224e+00 1.000027333309878363e+00 9.845197258725062461e-01
1.437500000000000000e+01 1.001809547263564859e+00 1.000401111562410961e+00 9.999072687201313592e-01 9.273490582828605167e-01
1.442500000000000071e+01 9.982953329093935402e-01 1.002906093134598997e+00 9.999488991407234906e-01 9.645187327763925511e-01
1.447500000000000142e+01 1.000861221040066251e+00 1.001745157296807465e+00 1.000028076196803672e+00 9.292738639356684649e-01
1.452500000000000036e+01 1.002350659532072585e+00 1.000676167952500251e+00 9.999195496934175642e-01 9.575939935337302034e-01
1.457500000000000107e+01 1.001544334256112334e+00 1.000870633224641537e+00 9.999253866907679145e-01 9.827624411618347544e-01
1.462500000000000000e+01 1.000437421578082020e+00 9.994843723505434374e-01 1.000036131811587126e+00 9.468776012354729321e-01
1.467500000000000071e+01 1.000610929717575592e+00 1.001000445783871706e+00 1.000010868925562901e+00 9.562776490501251336e-01
1.472500000000000142e+01 9.990007432183531932e-01 1.000078170100018315e+00 9.999548609840989144e-01 9.179427434826744614e-01
1.477500000000000036e+01 1.001183805700765816e+00 1.002866842549761106e+00 9.999048034985461575e-01 9.494755285326307304e-01
1.482500000000000107e+01 1.001627988200005870e+00 1.000504855288455008e+00 1.000047034229456289e+00 9.392958216164124519e-01
1.487500000000000000e+01 1.001167142561009360e+00 1.000542083167372809e+00 1.000042385485398810e+00 9.578114603698956175e-01
1.492500000000000071e+01 9.999921660712243199e-01 1.002634948520700009e+00 9.998070023328509137e-01 9.103153904640900462e-01
1.497500000000000142e+01 1.001482623168883812e+00 1.001087105615380946e+00 1.000051403481792667e+00 9.502567314872643056e-01
1.502500000000000036e+01 9.999877834871956361e-01 1.000536497013677639e+00 1.000192355782246523e+00 9.479971768530220944e-01
1.507500000000000107e+01 1.002221593835265434e+00 1.002726983243033221e+00 9.998976635311934702e-01 9.541679253163282137e-01
1.512500000000000000e+01 1.001153853808260941e+00 1.000948826717860118e+00 9.999691637983963988e-01 9.238638978320374839e-01
1.517500000000000071e+01 9.998890857794102693e-01 1.002414173614811332e+00 1.000140003746928574e+00 9.177858678676410475e-01
1.522500000000000142e+01 1.001476750975823116e+00 1.001440433065599045e+00 1.000038212096659551e+00 9.171520759753666319e-01
1.527500000000000036e+01 1.000762047512346653e+00 1.002009403292994483e+00 9.999711589754397556e-01 9.172201363853142997e-01
1.532500000000000107e+01 1.000177436771493067e+00 9.997485711166181899e-01 9.998972982031661960e-01 9.746634508453951851e-01
1.537500000000000000e+01 9.989827376685120885e-01 1.003079472982439935e+00 1.000005405175711903e+00 9.289112025966705932e-01
1.542500000000000071e+01 1.000268086813496105e+00 9.993784766297894029e-01 1.000020144137803380e+00 9.242977148789790487e-01
1.547500000000000142e+01 9.987965839157650905e-01 1.001218440081496297e+00 1.000157451042203771e+00 9.412668282443401591e-01
1.552500000000000036e+01 9.992829604717303749e-01 1.001475932488788967e+00 1.000004966758910152e+00 9.552367183333135836e-01
1.557500000000000107e+01 1.001698332069832942e+00 1.002032977649556234e+00 9.999108080778029706e-01 9.134402082730987971e-01
1.562500000000000000e+01 1.000085830380558205e+00 9.988444698812201095e-01 9.998614689013123336e-01 9.266894672258605414e-01
1.567500000000000071e+01 9.997938198945804933e-01 1.001976837283613309e+00 1.000077211518347831e+00 9.316237789816461667e-01
1.572500000000000142e+01 9.985368971527360804e-01 1.000644043506239367e+00 1.000122657326756981e+00 9.384956890035239807e-01
1.577500000000000036e+01 1.000626134242834864e+00 1.001567321786091869e+00 9.998455302967849123e-01 9.465993716305991512e-01
1.582500000000000107e+01 1.000170671721000160e+00 9.996652288103444750e-01 9.998410162730179129e-01 9.509272058185971321e-01
1.587500000000000000e+01 1.001388024885526695e+00 1.001961870493138562e+00 9.998597011902244924e-01 9.558421614751411166e-01
1.592500000000000071e+01 1.002429314456627418e+00 9.995140557418044081e-01 9.998215556468456056e-01 9.347568412905076229e-01
1.597500000000000142e+01 9.990187771819649676e-01 1.000605727460412986e+00 9.999615005436591764e-01 8.891366080411242656e-01
1.602499999999999858e+01 9.990698501031349821e-01 9.996388571604111206e-01 9.995846123751489509e-01 9.172946964596334629e-01
1.607500000000000284e+01 9.981817738738362200e-01 1.000340111654725472e+00 9.981272395793266972e-01 8.719905704430425120e-01
1.612500000000000000e+01 9.956839806178432450e-01 9.948699313746196538e-01 9.940913885701173625e-01 9.152330202523878411e-01
1.617500000000000071e+01 9.869429493913804974e-01 9.887735966248939468e-01 9.873263319349324663e-01 8.974980771693672477e-01
1.622500000000000142e+01 9.786126635418535002e-01 9.833992479139622711e-01 9.787925515924840170e-01 9.065146650550700569e-01
1.627499999999999858e+01 9.694703624834754008e-01 9.715487370565044634e-01 9.697349585013181894e-01 8.755079107155180340e-01
1.632500000000000284e+01 9.591794281519007148e-01 9.621555169429296672e-01 9.606773763133295008e-01 8.698409204501607039e-01
1.637500000000000000e+01 9.496014072855645249e-01 9.508023003272769724e-01 9.517611291431171683e-01 8.757083616316212460e-01
1.642500000000000071e+01 9.429048800904372696e-01 9.449064605512113024e-01 9.427877393721827426e-01 8.645247835363626399e-01
1.647500000000000142e+01 9.335736448235686380e-01 9.365101877935997354e-01 9.336509414666879225e-01 8.611246102903170607e-01
1.652499999999999858e+01 9.254884730033293705e-01 9.269440192202765827e-01 9.249918699794776877e-01 8.284978425519228251e-01
1.657500000000000284e+01 9.151680017626495633e-01 9.149108211236046673e-01 9.159888948397185704e-01 8.347131427838373474e-01
1.662500000000000000e+01 9.077341191681573829e-01 9.089470304745054241e-01 9.073965552223466347e-01 8.507735198151131772e-01
1.667500000000000071e+01 8.981669583278008018e-01 8.993347612489251963e-01 8.986259692653510989e-01 8.028864045778099090e-01
1.672500000000000142e+01 8.907518324139647170e-01 8.899607475951321067e-01 8.899368184911101709e-01 8.257571205797418212e-01
1.677499999999999858e+01 8.834175702584862178e-01 8.809377079169146141e-01 8.812788152213422155e-01 8.019176049190891442e-01
1.682500000000000284e+01 8.728865319482380647e-01 8.741302565984905293e-01 8.728999852749417254e-01 8.080341510126461957e-01
1.687500000000000000e+01 8.636006720905137213e-01 8.660681236986031983e-01 8.644359993868551140e-01 7.743252743807107485e-01
1.692500000000000071e+01 8.564747389072582262e-01 8.571055431617302656e-01 8.559569330433695056e-01 7.746950607202635064e-01
1.697500000000000142e+01 8.468070252909541962e-01 8.481154702818605173e-01 8.473037775838463403e-01 7.372187576544632082e-01
1.702499999999999858e+01 8.380242125829455713e-01 8.403353110288205308e-01 8.390754342450345016e-01 7.802617922473220613e-01
1.707500000000000284e+01 8.304464238014936939e-01 8.320097704199830302e-01 8.309217180183740004e-01 7.497280845013702955e-01
1.712500000000000000e+01 8.246158739339169985e-01 8.228494228281694189e-01 8.225643964007347542e-01 7.311700465698146578e-01
1.717500000000000071e+01 8.169146860929229481e-01 8.147018775593254380e-01 8.142508122783526092e-01 7.255086720512412546e-01
1.722500000000000142e+01 8.067818652723079964e-01 8.057583827752973216e-01 8.061580175984793817e-01 7.358859420486839609e-01
1.727499999999999858e+01 8.000862889198128158e-01 7.979876840949274852e-01 7.981494561064161886e-01 7.227099331079938072e-01
1.732500000000000284e+01 7.897572373141285018e-01 7.894647453924770186e-01 7.899616723767031168e-01 7.457116601466750039e-01
1.737500000000000000e+01 7.813014308304716549e-01 7.826359741771717893e-01 7.818781153517911919e-01 7.083512081955751771e-01
1.742500000000000071e+01 7.749584954812657189e-01 7.741425537371108279e-01 7.739322047698280471e-01 6.941522890790164935e-01
1.747500000000000142e+01 7.672633960073192982e-01 7.660287550392210765e-01 7.660088681284311640e-01 6.999949083489297452e-01
1.752499999999999858e+01 7.583756304000545123e-01 7.611460649841376158e-01 7.581034242210136220e-01 7.163257197552808098e-01
1.757500000000000284e+01 7.501108328768842926e-01 7.510871429834294899e-01 7.501731975392718077e-01 6.979782579927175101e-01
1.762500000000000000e+01 7.418829583179251674e-01 7.424956231893682368e-01 7.423341428203872328e-01 6.814343255438657376e-01
1.767500000000000071e+01 7.358312080329583171e-01 7.359640201697933426e-01 7.346754765852248070e-01 6.530805851236025639e-01
1.772500000000000142e+01 7.280788154114198329e-01 7.280826433505916961e-01 7.268607570407766838e-01 6.501958042669885307e-01
1.777499999999999858e+01 7.187394233559128986e-01 7.198823051501008763e-01 7.192829602897482522e-01 6.504933932202902058e-01
1.782500000000000284e+01 7.114169984731389951e-01 7.130266162660308105e-01 7.116139592248151846e-01 6.282555416311275120e-01
1.787500000000000000e+01 7.069909365624388320e-01 7.056349686609068028e-01 7.040087808113976164e-01 6.557356321818001987e-01
1.792500000000000071e+01 6.973030389967543874e-01 6.973039747453889659e-01 6.964717408732881143e-01 6.285163908075983574e-01
1.797500000000000142e+01 6.895850409824024752e-01 6.895878326325358687e-01 6.889141228064141753e-01 6.157535719939449814e-01
1.802499999999999858e+01 6.817752586808502047e-01 6.816503304023233678e-01 6.815430356150959934e-01 6.125983065845499453e-01
1.807500000000000284e+01 6.732083632865240030e-01 6.740881528700536363e-01 6.739886327275756983e-01 5.918950073953881397e-01
1.812500000000000000e+01 6.664708005899603327e-01 6.675937651983848697e-01 6.666774705768698794e-01 6.083901009179681907e-01
1.817500000000000071e+01 6.603158912318418672e-01 6.604688019686918432e-01 6.592968448016857108e-01 6.163824976049032678e-01
1.822500000000000142e+01 6.526035310447310112e-01 6.515779443550665517e-01 6.520903259871455582e-01 6.027340388114206249e-01
1.827499999999999858e+01 6.452707575502253379e-01 6.463465554087718390e-01 6.447347823243039233e-01 5.849900675014606533e-01
1.832500000000000284e+01 6.380332577288277962e-01 6.393386682248034525e-01 6.374838364341439689e-01 5.743685310950239487e-01
1.837500000000000000e+01 6.304686082154129512e-01 6.307811657447820464e-01 6.303580088443349050e-01 5.852940273520603753e-01
1.842500000000000071e+01 6.239897475236607649e-01 6.241863620164260773e-01 6.232447055313710127e-01 5.644742305858019282e-01
1.847500000000000142e+01 6.168890235421424784e-01 6.175769779965676332e-01 6.162348570093519884e-01 5.514280871741773504e-01
1.852499999999999858e+01 6.091075634368243730e-01 6.100169708056027984e-01 6.090891333645772621e-01 5.625183961444046865e-01
1.857500000000000284e+01 6.042241863967868776e-01 6.024944480384902823e-01 6.020597107599903186e-01 5.286254703897241836e-01
1.862500000000000000e+01 5.957137870059645568e-01 5.948583222116579083e-01 5.950741041078773108e-01 5.495379729074021391e-01
1.867500000000000071e+01 5.879857682279524544e-01 5.891564964880622313e-01 5.881047867306821164e-01 5.332384887903907078e-01
1.872500000000000142e+01 5.818228781671692662e-01 5.821007080218453256e-01 5.812325551810069157e-01 5.152065248870405512e-01
1.877499999999999858e+01 5.739746572678943171e-01 5.747892134345706783e-01 5.744147226267223294e-01 5.268651638669861192e-01
1.882500000000000284e+01 5.686695323824063619e-01 5.670762117675322012e-01 5.674573341481266020e-01 5.097474246226320060e-01
1.887500000000000000e+01 5.613119625396610912e-01 5.620833096084820735e-01 5.608126008523989237e-01 5.072839107388773527e-01
1.892500000000000071e+01 5.549701901156893769e-01 5.548728114604984940e-01 5.539196749892636440e-01 5.008897786957983156e-01
1.897500000000000142e+01 5.469847052614214000e-01 5.463275186241060011e-01 5.472841520654243563e-01 5.169726950431539070e-01
1.902499999999999858e+01 5.416338528150030918e-01 5.408629915777996011e-01 5.405321952961560372e-01 5.011553311674555866e-01
1.907500000000000284e+01 5.341120170328284011e-01 5.348193472883462363e-01 5.340134661962713247e-01 4.859538580092949700e-01
1.912500000000000000e+01 5.279354423864700552e-01 5.279896947437148214e-01 5.272304758419178450e-01 4.957007056249059795e-01
1.917500000000000426e+01 5.202647209555653074e-01 5.215052084824847167e-01 5.207046336459739688e-01 4.695832006463640518e-01
1.922500000000000142e+01 5.142471375114532339e-01 5.147205806809540540e-01 5.141137009541956182e-01 4.597145377996927906e-01
1.927499999999999858e+01 5.078972743916954080e-01 5.061007142103880474e-01 5.076405667515729858e-01 4.732339809745864101e-01
1.932500000000000284e+01 5.014016677090965546e-01 5.014556080103442781e-01 5.011435173064821003e-01 4.511814358193944607e-01
1.937500000000000000e+01 4.945890233100574407e-01 4.949790758499015841e-01 4.946525094329262684e-01 4.639284508441282040e-01
1.942500000000000426e+01 4.879609029228312855e-01 4.881505440267249196e-01 4.882501792771299365e-01 4.322143864917102341e-01
1.947500000000000142e+01 4.823201459166461258e-01 4.819832377245944488e-01 4.818408365014931749e-01 4.517171893822773399e-01
1.952499999999999858e+01 4.751501995511428489e-01 4.749206964919541751e-01 4.754445039518558902e-01 4.439500078912378411e-01
1.957500000000000284e+01 4.690451924401116135e-01 4.697898219564138889e-01 4.691812651676365298e-01 4.373419434501897851e-01
1.962500000000000000e+01 4.630312835485181910e-01 4.635418308615841254e-01 4.628538622607973885e-01 4.279867773288382748e-01
1.967500000000000426e+01 4.570902349652119501e-01 4.571306228808262873e-01 4.565658165018910419e-01 4.344122261750928971e-01
1.972500000000000142e+01 4.498951189382188742e-01 4.504561413059333108e-01 4.503493540969086273e-01 4.369176128944110560e-01
1.977499999999999858e+01 4.448650423493099026e-01 4.449219376394357717e-01 4.442521327350363314e-01 3.996021480607426790e-01
1.982500000000000284e+01 4.380646209414164605e-01 4.387875288878295699e-01 4.380343277942511659e-01 3.893324017971674378e-01
1.987500000000000000e+01 4.314114006550928138e-01 4.324640542761464812e-01 4.318799521537139419e-01 3.970656268591186144e-01
1.992500000000000426e+01 4.259561033145395359e-01 4.259863962190333919e-01 4.258688545502730127e-01 3.862725877582127154e-01
1.997500000000000142e+01 4.199930895775577655e-01 4.197361337991046826e-01 4.197312967377975212e-01 3.816301946833178804e-01
