# r (Angstroms), cation-water g(r), anion-water g(r), water-water g(r), cation-anion g(r)
2.500000000000000139e-02 0.000000000000000000e+00 0.000000000000000000e+00 5.714320585379436670e+04 0.000000000000000000e+00
7.500000000000001110e-02 0.000000000000000000e+00 0.000000000000000000e+00 0.000000000000000000e+00 0.000000000000000000e+00
1.250000000000000000e-01 0.000000000000000000e+00 0.000000000000000000e+00 0.000000000000000000e+00 0.000000000000000000e+00
1.750000000000000167e-01 0.000000000000000000e+00 0.000000000000000000e+00 0.000000000000000000e+00 0.000000000000000000e+00
2.250000000000000056e-01 0.000000000000000000e+00 0.000000000000000000e+00 0.000000000000000000e+00 0.000000000000000000e+00
2.750000000000000222e-01 0.000000000000000000e+00 0.000000000000000000e+00 0.000000000000000000e+00 0.000000000000000000e+00
3.250000000000000666e-01 0.000000000000000000e+00 0.000000000000000000e+00 0.000000000000000000e+00 0.000000000000000000e+00
3.750000000000000000e-01 0.000000000000000000e+00 0.000000000000000000e+00 0.000000000000000000e+00 0.000000000000000000e+00
4.250000000000000444e-01 0.000000000000000000e+00 0.000000000000000000e+00 0.000000000000000000e+00 0.000000000000000000e+00
4.749999999999999778e-01 0.000000000000000000e+00 0.000000000000000000e+00 0.000000000000000000e+00 0.000000000000000000e+00
5.250000000000000222e-01 0.000000000000000000e+00 0.000000000000000000e+00 0.000000000000000000e+00 0.000000000000000000e+00
5.750000000000000666e-01 0.000000000000000000e+00 0.000000000000000000e+00 0.000000000000000000e+00 0.000000000000000000e+00
6.250000000000000000e-01 0.000000000000000000e+00 0.000000000000000000e+00 0.000000000000000000e+00 0.000000000000000000e+00
6.750000000000000444e-01 0.000000000000000000e+00 0.000000000000000000e+00 0.000000000000000000e+00 0.000000000000000000e+00
7.250000000000000888e-01 0.000000000000000000e+00 0.000000000000000000e+00 0.000000000000000000e+00 0.000000000000000000e+00
7.750000000000000222e-01 0.000000000000000000e+00 0.000000000000000000e+00 0.000000000000000000e+00 0.000000000000000000e+00
8.250000000000000666e-01 0.000000000000000000e+00 0.000000000000000000e+00 0.000000000000000000e+00 0.000000000000000000e+00
8.750000000000000000e-01 0.000000000000000000e+00 0.000000000000000000e+00 0.000000000000000000e+00 0.000000000000000000e+00
9.250000000000000444e-01 0.000000000000000000e+00 0.000000000000000000e+00 0.000000000000000000e+00 0.000000000000000000e+00
9.750000000000000888e-01 0.000000000000000000e+00 0.000000000000000000e+00 0.000000000000000000e+00 0.000000000000000000e+00
1.024999999999999911e+00 0.000000000000000000e+00 0.000000000000000000e+00 0.000000000000000000e+00 0.000000000000000000e+00
1.075000000000000178e+00 0.000000000000000000e+00 0.000000000000000000e+00 0.000000000000000000e+00 0.000000000000000000e+00
1.125000000000000000e+00 0.000000000000000000e+00 0.000000000000000000e+00 0.000000000000000000e+00 0.000000000000000000e+00
1.175000000000000266e+00 0.000000000000000000e+00 0.000000000000000000e+00 0.000000000000000000e+00 0.000000000000000000e+00
1.225000000000000089e+00 0.000000000000000000e+00 0.000000000000000000e+00 0.000000000000000000e+00 0.000000000000000000e+00
1.274999999999999911e+00 0.000000000000000000e+00 0.000000000000000000e+00 0.000000000000000000e+00 0.000000000000000000e+00
1.325000000000000178e+00 0.000000000000000000e+00 0.000000000000000000e+00 0.000000000000000000e+00 0.000000000000000000e+00
1.375000000000000000e+00 0.000000000000000000e+00 0.000000000000000000e+00 0.000000000000000000e+00 0.000000000000000000e+00
1.425000000000000266e+00 0.000000000000000000e+00 0.000000000000000000e+00 0.000000000000000000e+00 0.000000000000000000e+00
1.475000000000000089e+00 0.000000000000000000e+00 0.000000000000000000e+00 0.000000000000000000e+00 0.000000000000000000e+00
1.524999999999999911e+00 0.000000000000000000e+00 0.000000000000000000e+00 0.000000000000000000e+00 0.000000000000000000e+00
1.575000000000000178e+00 0.000000000000000000e+00 0.000000000000000000e+00 0.000000000000000000e+00 0.000000000000000000e+00
1.625000000000000000e+00 0.000000000000000000e+00 0.000000000000000000e+00 0.000000000000000000e+00 0.000000000000000000e+00
1.675000000000000266e+00 0.000000000000000000e+00 0.000000000000000000e+00 0.000000000000000000e+00 0.000000000000000000e+00
1.725000000000000089e+00 0.000000000000000000e+00 0.000000000000000000e+00 0.000000000000000000e+00 0.000000000000000000e+00
1.774999999999999911e+00 1.133465564189927799e-03 0.000000000000000000e+00 0.000000000000000000e+00 0.000000000000000000e+00
1.825000000000000178e+00 2.072944135566034130e-01 0.000000000000000000e+00 0.000000000000000000e+00 0.000000000000000000e+00
1.875000000000000000e+00 3.618934083209623953e+00 0.000000000000000000e+00 0.000000000000000000e+00 0.000000000000000000e+00
1.925000000000000266e+00 1.531597514366844592e+01 0.000000000000000000e+00 0.000000000000000000e+00 0.000000000000000000e+00
1.975000000000000089e+00 2.337460024276838411e+01 0.000000000000000000e+00 0.000000000000000000e+00 0.000000000000000000e+00
2.025000000000000355e+00 1.739363884903986701e+01 0.000000000000000000e+00 0.000000000000000000e+00 0.000000000000000000e+00
2.075000000000000178e+00 8.170931326692850050e+00 0.000000000000000000e+00 0.000000000000000000e+00 0.000000000000000000e+00
2.125000000000000000e+00 2.812273852815426967e+00 0.000000000000000000e+00 0.000000000000000000e+00 0.000000000000000000e+00
2.174999999999999822e+00 8.004579602830644847e-01 0.000000000000000000e+00 0.000000000000000000e+00 0.000000000000000000e+00
2.225000000000000089e+00 2.051082984551662047e-01 0.000000000000000000e+00 0.000000000000000000e+00 0.000000000000000000e+00
2.275000000000000355e+00 5.152052051721522918e-02 0.000000000000000000e+00 0.000000000000000000e+00 0.000000000000000000e+00
2.325000000000000178e+00 1.167147447740163671e-02 0.000000000000000000e+00 0.000000000000000000e+00 0.000000000000000000e+00
2.375000000000000000e+00 2.110421676368785544e-03 0.000000000000000000e+00 1.097419271711768554e-05 0.000000000000000000e+00
2.425000000000000266e+00 6.072882667142043148e-04 0.000000000000000000e+00 8.291509134871269393e-04 0.000000000000000000e+00
2.475000000000000089e+00 0.000000000000000000e+00 0.000000000000000000e+00 1.782503190696473061e-02 0.000000000000000000e+00
2.525000000000000355e+00 1.867134273603495006e-04 0.000000000000000000e+00 1.482373913842022772e-01 0.000000000000000000e+00
2.575000000000000178e+00 0.000000000000000000e+00 0.000000000000000000e+00 6.076565180662679699e-01 0.000000000000000000e+00
2.625000000000000000e+00 0.000000000000000000e+00 0.000000000000000000e+00 1.467834673784681687e+00 0.000000000000000000e+00
2.675000000000000266e+00 0.000000000000000000e+00 0.000000000000000000e+00 2.420541524419772106e+00 0.000000000000000000e+00
2.725000000000000089e+00 0.000000000000000000e+00 0.000000000000000000e+00 3.018581557292558948e+00 0.000000000000000000e+00
2.775000000000000355e+00 0.000000000000000000e+00 0.000000000000000000e+00 3.107848267928590147e+00 0.000000000000000000e+00
2.825000000000000178e+00 0.000000000000000000e+00 0.000000000000000000e+00 2.811995369553821789e+00 0.000000000000000000e+00
2.875000000000000000e+00 0.000000000000000000e+00 0.000000000000000000e+00 2.349833894091089004e+00 0.000000000000000000e+00
2.925000000000000266e+00 0.000000000000000000e+00 2.087091311094836318e-04 1.893296812773278104e+00 0.000000000000000000e+00
2.975000000000000089e+00 0.000000000000000000e+00 3.833303486763992105e-03 1.519377585145146980e+00 0.000000000000000000e+00
3.025000000000000355e+00 0.000000000000000000e+00 4.136937707034177292e-02 1.246152313110888032e+00 0.000000000000000000e+00
3.075000000000000178e+00 0.000000000000000000e+00 2.187446859853177938e-01 1.062920653045635877e+00 0.000000000000000000e+00
3.125000000000000000e+00 0.000000000000000000e+00 6.765442103996838208e-01 9.442263021857113525e-01 0.000000000000000000e+00
3.175000000000000266e+00 0.000000000000000000e+00 1.500225549595212815e+00 8.725292429554216689e-01 0.000000000000000000e+00
3.225000000000000089e+00 0.000000000000000000e+00 2.453969444581202808e+00 8.339664073469534866e-01 0.000000000000000000e+00
3.275000000000000355e+00 1.109893895372566895e-04 3.231400581682459805e+00 8.164239647729785165e-01 0.000000000000000000e+00
3.325000000000000178e+00 4.307060926310538073e-04 3.543903568429889628e+00 8.107609334156493652e-01 0.000000000000000000e+00
3.375000000000000000e+00 1.149607781115985451e-03 3.465022362081863427e+00 8.143089952837659906e-01 0.000000000000000000e+00
3.425000000000000266e+00 4.668114222189806602e-03 3.057665555906303734e+00 8.219447064396836478e-01 0.000000000000000000e+00
3.475000000000000089e+00 1.301275723696738301e-02 2.580617064929648929e+00 8.327180788346816298e-01 0.000000000000000000e+00
3.525000000000000355e+00 3.860930899281177914e-02 2.053143415311297293e+00 8.449397222713403988e-01 0.000000000000000000e+00
3.575000000000000178e+00 7.274520453578191270e-02 1.620839534864800147e+00 8.591542110006492594e-01 0.000000000000000000e+00
3.625000000000000000e+00 1.384244970015603982e-01 1.293245357948805907e+00 8.739497656235258871e-01 0.000000000000000000e+00
3.675000000000000266e+00 2.523553224481752122e-01 1.029209543334306032e+00 8.885391238749498211e-01 0.000000000000000000e+00
3.725000000000000089e+00 4.031427715703128078e-01 8.406457644672717944e-01 9.050077353007480729e-01 0.000000000000000000e+00
3.775000000000000355e+00 6.160759716632644434e-01 7.095106800436523642e-01 9.207698553528458341e-01 0.000000000000000000e+00
3.825000000000000178e+00 8.475905539551512602e-01 6.276986971764437762e-01 9.380073190155140406e-01 0.000000000000000000e+00
3.875000000000000000e+00 1.139965613978724868e+00 5.752549200243151084e-01 9.559731501732188219e-01 0.000000000000000000e+00
3.925000000000000266e+00 1.438589912057649967e+00 5.516513607014859044e-01 9.737923837713682307e-01 0.000000000000000000e+00
3.975000000000000089e+00 1.724258630217358812e+00 5.441894645661095042e-01 9.934657468960064186e-01 0.000000000000000000e+00
4.025000000000000355e+00 1.974140976793010260e+00 5.538631583628867983e-01 1.009335677141169230e+00 3.674050801743859035e-02
4.075000000000000178e+00 2.190167158350837529e+00 5.687796220862016972e-01 1.024449666751978016e+00 1.792222151771495076e-01
4.125000000000000000e+00 2.320064179358749978e+00 5.950227925169220278e-01 1.039187822845358600e+00 3.847884019803728406e-01
4.175000000000000711e+00 2.388852472542501104e+00 6.316000819393060572e-01 1.054042463906608385e+00 5.805147811942151792e-01
4.224999999999999645e+00 2.366391422022074753e+00 6.588536820501377234e-01 1.067988780909580271e+00 7.669231584165780991e-01
4.275000000000000355e+00 2.292797204313787862e+00 7.040455292146248212e-01 1.079655724341068046e+00 1.400469896665997416e+00
4.325000000000000178e+00 2.115864781712831988e+00 7.531567287027554070e-01 1.090361692299789631e+00 2.418349376036562859e+00
4.375000000000000000e+00 1.924980571098063864e+00 7.965243828649446467e-01 1.097720932550742434e+00 3.358500560217616560e+00
4.425000000000000711e+00 1.731860097495942608e+00 8.398785830533489483e-01 1.102333633416397340e+00 3.556617836955439316e+00
4.474999999999999645e+00 1.510639221199181481e+00 8.966819617727236347e-01 1.105834039936518520e+00 3.596476974758006762e+00
4.525000000000000355e+00 1.312439950532674926e+00 9.413939788706066070e-01 1.105691065358140657e+00 4.360458770707478671e+00
4.575000000000000178e+00 1.146043329999226756e+00 9.962614387062757038e-01 1.103724357681316937e+00 6.142564746397841446e+00
4.625000000000000000e+00 9.966809087161151437e-01 1.033328090490059026e+00 1.099706515876902158e+00 5.565251598169162150e+00
4.675000000000000711e+00 8.991109524970808398e-01 1.080736049189485071e+00 1.094169933534312911e+00 6.645152735484574080e+00
4.724999999999999645e+00 8.157169471824646800e-01 1.113225948803889809e+00 1.086347920760998065e+00 7.091799841500052715e+00
4.775000000000000355e+00 7.662482400060102172e-01 1.153940820148053659e+00 1.077398176218982373e+00 6.917953924829405743e+00
4.825000000000001066e+00 7.386378040177291604e-01 1.169727177972140097e+00 1.067487331347898527e+00 7.516771006618634843e+00
4.875000000000000000e+00 7.236642736319215397e-01 1.190161496607908598e+00 1.056704420242442710e+00 6.111098593693807146e+00
4.925000000000000711e+00 7.273517879932178687e-01 1.201357426889202884e+00 1.043846992324938938e+00 6.478436978077244390e+00
4.974999999999999645e+00 7.410865836021067743e-01 1.225476704542969753e+00 1.032284647682675915e+00 5.891946163762854738e+00
5.025000000000000355e+00 7.214618479300601850e-01 1.216014209217803232e+00 1.018779090026000533e+00 5.138818625392181261e+00
5.075000000000001066e+00 7.527972037382917314e-01 1.208510596644148505e+00 1.007837242210165574e+00 4.414080736600163313e+00
5.125000000000000000e+00 7.631533728346642231e-01 1.214369277529728786e+00 9.941693894863526948e-01 4.079095115519644210e+00
5.175000000000000711e+00 7.760823117000293925e-01 1.209597561419631706e+00 9.826150665499865378e-01 3.378329554338863616e+00
5.224999999999999645e+00 7.911260841578015013e-01 1.198767719926373765e+00 9.703406700496896020e-01 2.463684272442032253e+00
5.275000000000000355e+00 8.141047590816579138e-01 1.186717371369308216e+00 9.582526830049138411e-01 2.203289457812043217e+00
5.325000000000001066e+00 8.260510846820214859e-01 1.172051288707579575e+00 9.482109247192770374e-01 2.036159666958631931e+00
5.375000000000000000e+00 8.488279244951212332e-01 1.151274379145324600e+00 9.368122352881650405e-01 1.895440996445416637e+00
5.425000000000000711e+00 8.800532667835467837e-01 1.131323703574436790e+00 9.261301651514810551e-01 1.456171237036709476e+00
5.474999999999999645e+00 8.849024783903729485e-01 1.108093930170011010e+00 9.176402164229229275e-01 1.250984115846725864e+00
5.525000000000000355e+00 8.941125879526324871e-01 1.090566208653613200e+00 9.094273517568524090e-01 1.462433900999856595e+00
5.575000000000001066e+00 9.190531051680698171e-01 1.077527046515554199e+00 9.029267968965498659e-01 1.417168780630072344e+00
5.625000000000000000e+00 9.420665293062187029e-01 1.052116635070054818e+00 9.000071472097666003e-01 1.335650856279035459e+00
5.675000000000000711e+00 9.591766368674332632e-01 1.036542111489327622e+00 8.996844720428743836e-01 1.552484440573131952e+00
5.724999999999999645e+00 9.738408209927336134e-01 1.015192371593219400e+00 9.007437739829029510e-01 1.271237831371985205e+00
5.775000000000000355e+00 9.943877166263782597e-01 9.992957613904003278e-01 9.055621723512038423e-01 1.499184582464925031e+00
5.825000000000001066e+00 1.003142235939087579e+00 9.711274314380238248e-01 9.116388373910443432e-01 1.841947656225591423e+00
5.875000000000000000e+00 1.018422946226874126e+00 9.596173676805174191e-01 9.191832726933997222e-01 1.776238882778516048e+00
5.925000000000000711e+00 1.025993789180369653e+00 9.354868674682330631e-01 9.287844043396278337e-01 1.915938957188355385e+00
5.974999999999999645e+00 1.045740807987030507e+00 9.205293436207380164e-01 9.381169693904737317e-01 1.850662123123630876e+00
6.025000000000000355e+00 1.049706819113043643e+00 9.085609492182471492e-01 9.484732889307055936e-01 1.869264540892982884e+00
6.075000000000001066e+00 1.066626295689858006e+00 8.864413836106387334e-01 9.584209013562956514e-01 2.193443254813268073e+00
6.125000000000000000e+00 1.052329439186987736e+00 8.685216330026670484e-01 9.688734920076179646e-01 1.888056015186375447e+00
6.175000000000000711e+00 1.073445445083696770e+00 8.636298352275183499e-01 9.784566844288946630e-01 2.122976187816402849e+00
6.224999999999999645e+00 1.067330148308188287e+00 8.595198041171068226e-01 9.880682201774283469e-01 2.196531836745112543e+00
6.275000000000000355e+00 1.078959042462842133e+00 8.436547881620043432e-01 9.970451056449388672e-01 2.494231142209831997e+00
6.325000000000001066e+00 1.066193409812332460e+00 8.542045219668661371e-01 1.005092998908380997e+00 2.410317225643284988e+00
6.375000000000000000e+00 1.062071480696161530e+00 8.561336588352105315e-01 1.012866328229638846e+00 2.489825027833132420e+00
6.425000000000000711e+00 1.065446082964089269e+00 8.625135845659325229e-01 1.020173189302692185e+00 2.883792786672682684e+00
6.474999999999999645e+00 1.065154485205072721e+00 8.655569202609451063e-01 1.026496245967555065e+00 2.569682001201159416e+00
6.525000000000000355e+00 1.055911059829862220e+00 8.858116282952003262e-01 1.031418307492793840e+00 2.656274512335475180e+00
6.575000000000001066e+00 1.051037722084795512e+00 8.867098137180741135e-01 1.035998365821926948e+00 2.767482998048678144e+00
6.625000000000000000e+00 1.037619772896278381e+00 8.991701145224533231e-01 1.039976929524868199e+00 2.590252203878988357e+00
6.675000000000000711e+00 1.029320408309402746e+00 9.288197278199590290e-01 1.042863299157502643e+00 2.564951569051334701e+00
6.724999999999999645e+00 1.010281068577426389e+00 9.363018876484027198e-01 1.045595131277178735e+00 2.684887548393670720e+00
6.775000000000000355e+00 9.944387208714576820e-01 9.541611386918323889e-01 1.046998605499978030e+00 2.386051230216052144e+00
6.825000000000001066e+00 9.821450623462667506e-01 9.723312787412454750e-01 1.047123299204606672e+00 2.619564634152805827e+00
6.875000000000000000e+00 9.736790004242890095e-01 9.929087765908722885e-01 1.047575793786840181e+00 2.367516646573453620e+00
6.925000000000000711e+00 9.644853223454935565e-01 1.002503217261513591e+00 1.046304350165509600e+00 2.618927792125436138e+00
6.974999999999999645e+00 9.432685177962811807e-01 1.017948937945033494e+00 1.044769975287237918e+00 2.446933818766455548e+00
7.025000000000000355e+00 9.378493946449052432e-01 1.030261777444993587e+00 1.042320399348473536e+00 2.472531776823034821e+00
7.075000000000001066e+00 9.396710187250090218e-01 1.040354303323534069e+00 1.039638544699871270e+00 2.461490482094566890e+00
7.125000000000000000e+00 9.285691237118580688e-01 1.051528672178526413e+00 1.035865733849845371e+00 2.321540058777562976e+00
7.175000000000000711e+00 9.171293644344135076e-01 1.064349658896774242e+00 1.032286505526740505e+00 1.884623262182110626e+00
7.224999999999999645e+00 9.385961785098462240e-01 1.071060544301192685e+00 1.028482846013367258e+00 2.155097282823832394e+00
7.275000000000000355e+00 9.254239989289388957e-01 1.077981864732004524e+00 1.023834697672781013e+00 2.204300899181780515e+00
7.325000000000001066e+00 9.327349923453391867e-01 1.082829003363803055e+00 1.020058512053060307e+00 2.030096379628890002e+00
7.375000000000000000e+00 9.371149922925263720e-01 1.086340749426552010e+00 1.014894661171684698e+00 1.915114952952075456e+00
7.425000000000000711e+00 9.545726640850408229e-01 1.084196925005313616e+00 1.011164375023807516e+00 1.651883385040957553e+00
7.474999999999999645e+00 9.490038130269862204e-01 1.083579000710459761e+00 1.006978032627675157e+00 1.736385307718370408e+00
7.525000000000000355e+00 9.623769848459229337e-01 1.084857888219065591e+00 1.003243139798640104e+00 1.681852432174975043e+00
7.575000000000001066e+00 9.707513041819793020e-01 1.080261910049017393e+00 9.994775844134231590e-01 1.348525031989669998e+00
7.625000000000000000e+00 9.914981669611635517e-01 1.074249278843154798e+00 9.964375166391892247e-01 1.197807755807617669e+00
7.675000000000000711e+00 9.993364218918069364e-01 1.075071284902981095e+00 9.936823874436783166e-01 1.475288859190315494e+00
7.724999999999999645e+00 9.962965829835687126e-01 1.073168794955760674e+00 9.908141689372549354e-01 1.386432783720601858e+00
7.775000000000000355e+00 1.011723993765047069e+00 1.055708140530482231e+00 9.887883929859446752e-01 1.191421929397281421e+00
7.825000000000001066e+00 1.014856224999446832e+00 1.054508311646439545e+00 9.871760161160196834e-01 1.224849943005903441e+00
7.875000000000000000e+00 1.017808394528614047e+00 1.048627514467803223e+00 9.861100226618668696e-01 1.094169938669439235e+00
7.925000000000000711e+00 1.024168951051769527e+00 1.036366177191384574e+00 9.852996989065282429e-01 1.051975214838583916e+00
7.974999999999999645e+00 1.026022872141996167e+00 1.023851632847474935e+00 9.846164029164714560e-01 1.403818509388676805e+00
8.025000000000000355e+00 1.035367065926495300e+00 1.025838014088729322e+00 9.842014736822092269e-01 1.367894929184636066e+00
8.074999999999999289e+00 1.038285818421399442e+00 1.013109610097242763e+00 9.844865068263125574e-01 1.159310535593867764e+00
8.125000000000000000e+00 1.031479083962006271e+00 1.000038808037395199e+00 9.847275108756416984e-01 1.397545961661809111e+00
8.175000000000000711e+00 1.031387099264718721e+00 9.942827430745250217e-01 9.857870033481386240e-01 1.300344696055758531e+00
8.225000000000001421e+00 1.039667683014424471e+00 9.923228757778667086e-01 9.868097968973669198e-01 1.179000960731973136e+00
8.275000000000000355e+00 1.039867553024214297e+00 9.892249913838034869e-01 9.876500824723702943e-01 1.312568968023007487e+00
8.324999999999999289e+00 1.035693425470838758e+00 9.841629711054992180e-01 9.885352614511259128e-01 1.253907722889930243e+00
8.375000000000000000e+00 1.025485430149136956e+00 9.802711307181890543e-01 9.899288303983672099e-01 1.230494260038933696e+00
8.425000000000000711e+00 1.024620085574970307e+00 9.728800668494406167e-01 9.917014588281363174e-01 1.257861071123087315e+00
8.475000000000001421e+00 1.018714889182944505e+00 9.765004738707460108e-01 9.931524778780113083e-01 1.259637048970190243e+00
8.525000000000000355e+00 1.030813786700668810e+00 9.716398664010316155e-01 9.943216354649004884e-01 1.294045592711788206e+00
8.574999999999999289e+00 1.020220043441754543e+00 9.746536902573758043e-01 9.955693991973673107e-01 1.521846579972148783e+00
8.625000000000000000e+00 1.017659278258462807e+00 9.740119321441111921e-01 9.963867699656758781e-01 1.408237014871836834e+00
8.675000000000000711e+00 1.010771076643066424e+00 9.709078105563874184e-01 9.976661544671217019e-01 1.384141183565242628e+00
8.725000000000001421e+00 9.987816704173204663e-01 9.744255281311570149e-01 9.986734556470987512e-01 1.282313751181641592e+00
8.775000000000000355e+00 1.001392625588983343e+00 9.786273776241254385e-01 9.993227736853969034e-01 1.406884594093088081e+00
8.824999999999999289e+00 9.956568123843010376e-01 9.797139526376620333e-01 1.000145361754542161e+00 1.490344031924548895e+00
8.875000000000000000e+00 9.986767790789798926e-01 9.819684360962201986e-01 1.000272678990545394e+00 1.337574268633408447e+00
8.925000000000000711e+00 9.961716311665698154e-01 9.770047127050490721e-01 1.000613454300905536e+00 1.442189186383430854e+00
8.975000000000001421e+00 9.937636145488267791e-01 9.888422367842635285e-01 1.001375375049175842e+00 1.381828291251231411e+00
9.025000000000000355e+00 9.873868309328922566e-01 9.903318765452340244e-01 1.001317905156426935e+00 1.476176708915761582e+00
9.074999999999999289e+00 9.833159316904119818e-01 9.925815876486272504e-01 1.001633107214697560e+00 1.481637653224755713e+00
9.125000000000000000e+00 9.809617706660306302e-01 9.925423608492245364e-01 1.001349871485365917e+00 1.322474804870910958e+00
9.175000000000000711e+00 9.805519256849067888e-01 9.970622717179208339e-01 1.001330581526709285e+00 1.350525093064532944e+00
9.225000000000001421e+00 9.782048265511277263e-01 9.969427479154630012e-01 1.001241796418285146e+00 1.265981249326121771e+00
9.275000000000000355e+00 9.800857388183217278e-01 1.001431359683102817e+00 1.001253343432338294e+00 1.252368679586836508e+00
9.324999999999999289e+00 9.826915903825842458e-01 1.000981865734369203e+00 1.000894466694065565e+00 1.245819653452426179e+00
9.375000000000000000e+00 9.770594316785202738e-01 1.000566233326491750e+00 1.000425151882547548e+00 1.219021693066801637e+00
9.425000000000000711e+00 9.766640821860832489e-01 1.005765128516485918e+00 1.000296007996324565e+00 1.554557390894174551e+00
9.475000000000001421e+00 9.849876916386123282e-01 1.005991992920980183e+00 1.000030563800074823e+00 1.266357810900330616e+00
9.525000000000000355e+00 9.816019001239909558e-01 1.005213933693121842e+00 9.999096960304085790e-01 1.377751333569744663e+00
9.575000000000001066e+00 9.804792906164124799e-01 1.009883281526237297e+00 9.995356217391024867e-01 1.194597996778041793e+00
9.625000000000000000e+00 9.838245402455157995e-01 1.009717703195251559e+00 9.996161570936200613e-01 1.246469878969906464e+00
9.675000000000000711e+00 9.872900803686943672e-01 1.010601679051125634e+00 9.991532041407453768e-01 1.246337518209633233e+00
9.725000000000001421e+00 9.840367792851577589e-01 1.006964532888748654e+00 9.995946982033820927e-01 1.265022913621120626e+00
9.775000000000000355e+00 9.890335096341149601e-01 1.008861772641555854e+00 9.989082462477134605e-01 1.301950037246359715e+00
9.825000000000001066e+00 9.955180191823111979e-01 1.006173184542966226e+00 9.988449712425025995e-01 1.233236731557295629e+00
9.875000000000000000e+00 9.955948407283814472e-01 1.012191343486924744e+00 9.991330027008000769e-01 1.263507197873648069e+00
9.925000000000000711e+00 9.962359277574807104e-01 1.007795334137052912e+00 9.990468515080821454e-01 1.220595968987754576e+00
9.975000000000001421e+00 9.976516617780725182e-01 1.006906015750985706e+00 9.993966728131823407e-01 1.274193533439243353e+00
1.002500000000000036e+01 9.926880057816671599e-01 1.008933714270773496e+00 9.995231907018063966e-01 1.208211641187638685e+00
1.007500000000000107e+01 9.992434158776110076e-01 1.006145304920637917e+00 9.997765442924249069e-01 1.207977181702236225e+00
1.012500000000000000e+01 9.993969997674454486e-01 1.002137523476183345e+00 1.000240175303426238e+00 1.056727362267612547e+00
1.017500000000000071e+01 1.004949623156456973e+00 1.002299209095064647e+00 1.000407882819689176e+00 1.247591868377715629e+00
1.022500000000000142e+01 1.010858495064324458e+00 1.001834802738089669e+00 1.000280131567314212e+00 1.155715799511465969e+00
1.027500000000000036e+01 1.002431337778425080e+00 1.003107886751627875e+00 1.000983658285565570e+00 1.195236519325013624e+00
1.032500000000000107e+01 1.006749344025389181e+00 1.002863272573768727e+00 1.001052519613521596e+00 1.032935658835876902e+00
1.037500000000000000e+01 1.005761903067069030e+00 9.996294108440816339e-01 1.001503907456991582e+00 1.100420155432349834e+00
1.042500000000000071e+01 1.003662630504854381e+00 1.002167454913725830e+00 1.002034674558300198e+00 1.106320400761670042e+00
1.047500000000000142e+01 1.001199484636451142e+00 1.002414611554802271e+00 1.001903585589550838e+00 1.160880180924776850e+00
1.052500000000000036e+01 1.001961684861986557e+00 1.003691873107543930e+00 1.002301210125527975e+00 1.090770850460033081e+00
1.057500000000000107e+01 1.002419902063865109e+00 1.000668778274326431e+00 1.002536338489457668e+00 1.069835506678756154e+00
1.062500000000000000e+01 1.010048582336677603e+00 9.976105473736246454e-01 1.002919157639805547e+00 1.096698292630367222e+00
1.067500000000000071e+01 1.004672681557160274e+00 1.001449898187152687e+00 1.002577381375347798e+00 1.123012033309016555e+00
1.072500000000000142e+01 9.955649941451836238e-01 9.941315958220992011e-01 1.003119841612995167e+00 1.174662163682918425e+00
1.077500000000000036e+01 1.007079683248308433e+00 9.963646515430589767e-01 1.002786739119861492e+00 1.158658930806875098e+00
1.082500000000000107e+01 1.001780282380288600e+00 1.003715594002893452e+00 1.003163649223596243e+00 1.107343658078384863e+00
1.087500000000000000e+01 9.993841942204249040e-01 1.002504627524968717e+00 1.002875596715309792e+00 1.132415312132849294e+00
1.092500000000000071e+01 1.000730149440653749e+00 9.965161393529597955e-01 1.003043057500477842e+00 1.147008662922590405e+00
1.097500000000000142e+01 1.001179949190616814e+00 1.006951805955940804e+00 1.002716132822034423e+00 1.176114649098552789e+00
1.102500000000000036e+01 1.000444353211479953e+00 1.000796932719219878e+00 1.002320565886416270e+00 9.842844591067425597e-01
1.107500000000000107e+01 9.989532753514200891e-01 1.004174911126392677e+00 1.002418092740467337e+00 1.218058159403480278e+00
1.112500000000000000e+01 9.928027438476754174e-01 1.002406913119519238e+00 1.001979674270528919e+00 1.067664285603068919e+00
1.117500000000000071e+01 9.952919592204165777e-01 1.005930471848663244e+00 1.001728793192681044e+00 1.124860654241141900e+00
1.122500000000000142e+01 9.964031518640760199e-01 1.005095295951187406e+00 1.001467421760811938e+00 1.171549855219371938e+00
1.127500000000000036e+01 9.911158511982018915e-01 1.004773788905215071e+00 1.001235198445941332e+00 9.317550921136923403e-01
1.132500000000000107e+01 9.952204329017296791e-01 1.002789796120391541e+00 1.000626471184311139e+00 1.081337602665978004e+00
1.137500000000000000e+01 9.948536929842273224e-01 1.003014490772807799e+00 1.000508693430635976e+00 1.191458076235838215e+00
1.142500000000000071e+01 9.968720622840832046e-01 1.007984898914549898e+00 1.000239639387182411e+00 1.007770576665213857e+00
1.147500000000000142e+01 9.942700352150299903e-01 1.004653383722381221e+00 9.995070942397173974e-01 1.021609387314490469e+00
1.152500000000000036e+01 9.947048695784964645e-01 1.002022764122901810e+00 9.993645714187681106e-01 1.057576921298036376e+00
1.157500000000000107e+01 9.940466419733539061e-01 1.005242061624453509e+00 9.992028080019659253e-01 1.044017308733500515e+00
1.162500000000000000e+01 9.929576984640566817e-01 1.006285694115054419e+00 9.988134189802673202e-01 9.513704760791521498e-01
1.167500000000000071e+01 9.958684055275761615e-01 1.004200351389689327e+00 9.987507697088986447e-01 9.956413294348981369e-01
1.172500000000000142e+01 9.970654940462249094e-01 1.003611975495370290e+00 9.982693712022419064e-01 1.082420874528005283e+00
1.177500000000000036e+01 9.998548889641337700e-01 1.005551688665536014e+00 9.982325846536883596e-01 9.659230842618851121e-01
1.182500000000000107e+01 9.941161335775904329e-01 1.003110675751666792e+00 9.981782782561886558e-01 9.620286471089735114e-01
1.187500000000000000e+01 9.914015125192328082e-01 1.005985043373026411e+00 9.979345291264033468e-01 1.029922294739701982e+00
1.192500000000000071e+01 1.001513895670988141e+00 1.008336539565567014e+00 9.981111292354289954e-01 1.109202841756711244e+00
1.197500000000000142e+01 1.001901258696831443e+00 1.003810622423964904e+00 9.979920938145500076e-01 1.037697677789870765e+00
1.202500000000000036e+01 1.000444603306060554e+00 1.004029939377519831e+00 9.981064537607495790e-01 1.016737094891405402e+00
1.207500000000000107e+01 1.001867953682273438e+00 1.003194709415178965e+00 9.980490199806781870e-01 1.061404586324408594e+00
1.212500000000000000e+01 1.000229694698663296e+00 1.006760289957677523e+00 9.979108596807552134e-01 9.028659285555920011e-01
1.217500000000000071e+01 9.998052222598988736e-01 1.000078278982875712e+00 9.978505216152286916e-01 9.958539308568217230e-01
1.222500000000000142e+01 9.986293540653687906e-01 1.000258303031272389e+00 9.983863419624260382e-01 1.023569399113017475e+00
1.227500000000000036e+01 1.002069273951919692e+00 9.980477867843159379e-01 9.983776751442298147e-01 9.875950804528035309e-01
1.232500000000000107e+01 1.001024179293355854e+00 9.989356754981119080e-01 9.985196361379546914e-01 1.014863945531256917e+00
1.237500000000000000e+01 9.969626188211513362e-01 1.002796696368327023e+00 9.988473562463651145e-01 1.026113572587851630e+00
1.242500000000000071e+01 9.934659526565192689e-01 1.002194973950478074e+00 9.988479340647135052e-01 1.060283063532979186e+00
1.247500000000000142e+01 1.001650980181791439e+00 9.968930156345569005e-01 9.989633268705375713e-01 1.032677192727744941e+00
1.252500000000000036e+01 1.002191635624164689e+00 1.001406224928933497e+00 9.993679058448438068e-01 1.164836151864653724e+00
1.257500000000000107e+01 1.004581636769446895e+00 1.000155006255433632e+00 9.994146598302482420e-01 1.110421770096847505e+00
1.262500000000000000e+01 1.001457679015313795e+00 9.991946412877238393e-01 9.995873642243315871e-01 9.560027364076799650e-01
1.267500000000000071e+01 9.990111388278232196e-01 9.993779319695823560e-01 9.998848771413060277e-01 1.130019275116770805e+00
1.272500000000000142e+01 1.000725844853511681e+00 9.980865323526675326e-01 1.000197908834888905e+00 9.851472844376653049e-01
1.277500000000000036e+01 9.957233561427705215e-01 1.003553904641501404e+00 1.000106829354352689e+00 9.482732229483180619e-01
1.282500000000000107e+01 1.000553600543384825e+00 9.954003981129767586e-01 1.000598835817527954e+00 9.879383872902931518e-01
1.287500000000000000e+01 1.000531926907477720e+00 9.963594531095073537e-01 1.000571813171632574e+00 9.766892194905035796e-01
1.292500000000000071e+01 9.991551899218927835e-01 1.000252606666998112e+00 1.000595613534588590e+00 1.086727620964750729e+00
1.297500000000000142e+01 1.001135840816663070e+00 9.996897667130097975e-01 1.000536989356075379e+00 9.722992139477260043e-01
1.302500000000000036e+01 9.983973476593109853e-01 1.000716493036426735e+00 1.000722204940623250e+00 1.070104901694849620e+00
1.307500000000000107e+01 9.933664589918679289e-01 9.980389782798151366e-01 1.000773077524323762e+00 9.574834606449343921e-01
1.312500000000000000e+01 9.981131780488589067e-01 1.002435734478965168e+00 1.001087304189627103e+00 9.260152863857088468e-01
1.317500000000000071e+01 9.943786316967381245e-01 1.000911076101502095e+00 1.000991673777769542e+00 1.035589611673879418e+00
1.322500000000000142e+01 9.951641785850908750e-01 9.995985804505587158e-01 1.001005596083445415e+00 9.529029334850296351e-01
1.327500000000000036e+01 9.940925310433802453e-01 1.005694713201788382e+00 1.000805989355372905e+00 1.033556838565603986e+00
1.332500000000000107e+01 9.950538391722704157e-01 1.001973061081723682e+00 1.000696504867464087e+00 9.721774969677601241e-01
1.337500000000000000e+01 9.987546531751739787e-01 1.004713881286887212e+00 1.000857225902437531e+00 9.848863880888417688e-01
1.342500000000000071e+01 9.929142410256760476e-01 1.001940193703635629e+00 1.000817289891660744e+00 1.030405135573863484e+00
1.347500000000000142e+01 9.918795642751265795e-01 1.001399216377920398e+00 1.000821612142206884e+00 9.867132517014339799e-01
1.352500000000000036e+01 9.972172194611345075e-01 1.001177245552394846e+00 1.000688089593276597e+00 9.176067031515402483e-01
1.357500000000000107e+01 1.000492088703754723e+00 1.001118708446155026e+00 1.000554711918010486e+00 1.020679580404799003e+00
1.362500000000000000e+01 9.983375351907330941e-01 9.980970600068990173e-01 1.000617599043087669e+00 9.362500490605658587e-01
1.367500000000000071e+01 9.990141281789267635e-01 1.003540257451515760e+00 1.000599393816389071e+00 1.050367552710538277e+00
1.372500000000000142e+01 1.001063644735503910e+00 1.000864578376004843e+00 1.000303034294342419e+00 9.605741791700910248e-01
1.377500000000000036e+01 9.964696720505221705e-01 1.001927854739568691e+00 1.000448222971619838e+00 9.755717335020001046e-01
1.382500000000000107e+01 9.984432923371049373e-01 1.003123991601568621e+00 1.000422913587965423e+00 8.906719824595047408e-01
1.387500000000000000e+01 9.966215169477509184e-01 9.988259940265612480e-01 1.000258638230131947e+00 9.522846287147335165e-01
1.392500000000000071e+01 9.993984796187079800e-01 1.002198018318019468e+00 1.000311681775216233e+00 9.577369234486897698e-01
1.397500000000000142e+01 9.934302830169483567e-01 1.000013408995045427e+00 1.000308077028409404e+00 9.722301791726688514e-01
1.402500000000000036e+01 9.959159053614029533e-01 1.002246405048490274e+00 1.000097412228327265e+00 9.562322663095562669e-01
1.407500000000000107e+01 9.992906480840292316e-01 1.004079964875512765e+00 1.000153410153063804e+00 9.133954232189523958e-01
1.412500000000000000e+01 9.978014626961678735e-01 1.004054577801925197e+00 1.000048180700129796e+00 9.755575570527867946e-01
1.417500000000000071e+01 9.968179088103905627e-01 1.003142519609063310e+00 9.998210650806648170e-01 9.894238907525513271e-01
1.422500000000000142e+01 9.976413871524464350e-01 1.002630270646701405e+00 9.999935868888144563e-01 1.011896180438507598e+00
1.427500000000000036e+01 9.965010373246711017e-01 1.004028424451774759e+00 1.000044161211567362e+00 8.354026846533391115e-01
1.432500000000000107e+01 9.983399246658766213e-01 1.002879415577905498e+00 9.999570276585003636e-01 8.875937502113959710e-01
1.437500000000000000e+01 9.987810907940242178e-01 1.002522847259795125e+00 1.000004527058242942e+00 1.065781287402056243e+00
1.442500000000000071e+01 1.002058438578742328e+00 1.003437226502862156e+00 1.000000600462549905e+00 9.983339948501039895e-01
1.447500000000000142e+01 1.005783778117595118e+00 1.001494127888648666e+00 9.999965115647444502e-01 1.014175583929719071e+00
1.452500000000000036e+01 1.002442972306451852e+00 1.001071818828547899e+00 9.997269598988213213e-01 9.789922980094641902e-01
1.457500000000000107e+01 9.965856641168930885e-01 1.003604622844633365e+00 9.999602337702548915e-01 9.610789794869833980e-01
1.462500000000000000e+01 9.984822580368483136e-01 1.002127796077830313e+00 1.000077367380960425e+00 8.960788161803164842e-01
1.467500000000000071e+01 1.000479161759793234e+00 1.002798092790730067e+00 1.000002783122405869e+00 8.816912978174751281e-01
1.472500000000000142e+01 9.998400004471158509e-01 1.000471392807975368e+00 9.999795985529178477e-01 9.114011469799307985e-01
1.477500000000000036e+01 9.996119164391280565e-01 1.000667124457627066e+00 9.999228401620363638e-01 9.243295045767010443e-01
1.482500000000000107e+01 9.954750756457698690e-01 1.001081204053538620e+00 9.998220296973094889e-01 9.668540297456247323e-01
1.487500000000000000e+01 1.001733432960825620e+00 9.996217057780321102e-01 9.999884522624710170e-01 1.006096772439158071e+00
1.492500000000000071e+01 9.976194970268542628e-01 1.000451927712728617e+00 9.999490055955119194e-01 9.539412781671343655e-01
1.497500000000000142e+01 1.001400086592353578e+00 1.005116093232662822e+00 1.000061931366854617e+00 9.210387887052096101e-01
1.502500000000000036e+01 1.002039275058231205e+00 1.001865255891523754e+00 9.999295194141506471e-01 1.001928535588508140e+00
1.507500000000000107e+01 9.967600195837700294e-01 9.976557835282141573e-01 9.999241407083712119e-01 9.219558726442269592e-01
1.512500000000000000e+01 9.994227342121166924e-01 1.000192897938651626e+00 9.999347994217012703e-01 9.392875178348348841e-01
1.517500000000000071e+01 9.997903456515921938e-01 1.000022976459167712e+00 1.000017476032962094e+00 9.072601495450050013e-01
1.522500000000000142e+01 9.976767256396582573e-01 1.001153577466337596e+00 1.000062616343977417e+00 1.009160094449783829e+00
1.527500000000000036e+01 9.983805715090546817e-01 1.001747963052370016e+00 9.998859077753013969e-01 9.821558668003527170e-01
1.532500000000000107e+01 9.993530699176401688e-01 9.992086071219076215e-01 1.000072342574287676e+00 9.022588645752831482e-01
1.537500000000000000e+01 9.955328435078718563e-01 1.001774910227794857e+00 1.000014884102680357e+00 9.593495039494628340e-01
1.542500000000000071e+01 9.979802591158981606e-01 1.000454420801496491e+00 9.997265519534195288e-01 8.280561354226926296e-01
1.547500000000000142e+01 9.938333674083054126e-01 1.001066289831333611e+00 9.984928309464623508e-01 8.102861546072926968e-01
1.552500000000000036e+01 9.958287910779506369e-01 9.954756445378477592e-01 9.949497969918535967e-01 8.001362167364908240e-01
1.557500000000000107e+01 9.846310851151089949e-01 9.896563155335592610e-01 9.885747720946321815e-01 8.538965750101124019e-01
1.562500000000000000e+01 9.805289004436025246e-01 9.778860574037523401e-01 9.798413614135197403e-01 9.069535155205410426e-01
1.567500000000000071e+01 9.698503063558350235e-01 9.705552591447824673e-01 9.705663252078062797e-01 8.333462522265809858e-01
1.572500000000000142e+01 9.599325991424754179e-01 9.606402974672608730e-01 9.612026624789264950e-01 8.906407488796393990e-01
1.577500000000000036e+01 9.491641846609043531e-01 9.540412731750154141e-01 9.516737684122555940e-01 8.802199966615245064e-01
1.582500000000000107e+01 9.417116712277102675e-01 9.459471490528116311e-01 9.422302439279800490e-01 7.795941226898219778e-01
1.587500000000000000e+01 9.315848599367756444e-01 9.333066579909045091e-01 9.331469393741524954e-01 8.290138779138608305e-01
1.592500000000000071e+01 9.220030159805659986e-01 9.246481470003099501e-01 9.239324642038695412e-01 7.674869950809887209e-01
1.597500000000000142e+01 9.108527043228021869e-01 9.151326326048856430e-01 9.147730439928393187e-01 7.393663571773522181e-01
1.602499999999999858e+01 9.007458910985296496e-01 9.081398454607323423e-01 9.058050525514276252e-01 7.393954362202683761e-01
1.607500000000000284e+01 8.923824582866997090e-01 8.969479109913904846e-01 8.966836030675020552e-01 7.969962844717433104e-01
1.612500000000000000e+01 8.849660132620822406e-01 8.907920135718518928e-01 8.877585651528024924e-01 7.577234194631675690e-01
1.617500000000000071e+01 8.738975202047324364e-01 8.787957326409523429e-01 8.785348101198722226e-01 7.848970229892550110e-01
1.622500000000000142e+01 8.690668836985516732e-01 8.711267125345172335e-01 8.700550136633087295e-01 7.823279662393755052e-01
1.627499999999999858e+01 8.592767729218613315e-01 8.596812674773167684e-01 8.612449625297964317e-01 7.280901998197675251e-01
1.632500000000000284e+01 8.477229513419869411e-01 8.530631248508016018e-01 8.523709436658757355e-01 6.834350036375151927e-01
1.637500000000000000e+01 8.414617690622180346e-01 8.410133635672630836e-01 8.436578105556385987e-01 6.837073883470506930e-01
1.642500000000000071e+01 8.338357067223290953e-01 8.343806714234373034e-01 8.351170400830497664e-01 7.457411699375204872e-01
1.647500000000000142e+01 8.258304441174013633e-01 8.263633341597308446e-01 8.264751928234309597e-01 6.754326462448009272e-01
1.652499999999999858e+01 8.146850387862341059e-01 8.211609650546588535e-01 8.179281634799899781e-01 6.713514946734520095e-01
1.657500000000000284e+01 8.112895866315404936e-01 8.126956982754288683e-01 8.093365950543642828e-01 7.214717679735482836e-01
1.662500000000000000e+01 8.012742674149325728e-01 7.998270687638718845e-01 8.010922218846179277e-01 6.073065767843806029e-01
1.667500000000000071e+01 7.905508471150913818e-01 7.952282194436764984e-01 7.924882682504371667e-01 6.272174335356668351e-01
1.672500000000000142e+01 7.796219607204080138e-01 7.858992472249993755e-01 7.842712978707925275e-01 6.851817811791282020e-01
1.677499999999999858e+01 7.744737128978250729e-01 7.783509253338244394e-01 7.760659125003207537e-01 6.387987755983829397e-01
1.682500000000000284e+01 7.663028966320694080e-01 7.703190049087423885e-01 7.676478933966016660e-01 6.329050216118145000e-01
1.687500000000000000e+01 7.573038362603961016e-01 7.605520578232425333e-01 7.593236197245480934e-01 5.789944484610514142e-01
1.692500000000000071e+01 7.487051129375563718e-01 7.520900135780330675e-01 7.514710650675481274e-01 5.818122647842066675e-01
1.697500000000000142e+01 7.417932448175595939e-01 7.439807978558488077e-01 7.432197524917518727e-01 5.618644253207321082e-01
1.702499999999999858e+01 7.342800773186631824e-01 7.344135588912648061e-01 7.352007469568374587e-01 5.010692879197956584e-01
1.707500000000000284e+01 7.263929198016597644e-01 7.289224046518421041e-01 7.271428069197308774e-01 6.145076189708367220e-01
1.712500000000000000e+01 7.195269788781887277e-01 7.203733427125512678e-01 7.191275438599571412e-01 5.987465974507363287e-01
1.717500000000000071e+01 7.121837424155390561e-01 7.119173863173732242e-01 7.113260515652544136e-01 5.771048793593399617e-01
1.722500000000000142e+01 7.041311201063690239e-01 7.028150846668079765e-01 7.033215015236361500e-01 5.175871088517581819e-01
1.727499999999999858e+01 6.971489585572522296e-01 6.951623814135690083e-01 6.954991341631985291e-01 5.883938327174214056e-01
1.732500000000000284e+01 6.866700125683932177e-01 6.889326833446143272e-01 6.877987699792827980e-01 5.671549886058209200e-01
1.737500000000000000e+01 6.767258466354613144e-01 6.819724406519314108e-01 6.800041299391760274e-01 4.791139969944500088e-01
1.742500000000000071e+01 6.715186456472834742e-01 6.716695936478989104e-01 6.724284660975388128e-01 5.841883660184572502e-01
1.747500000000000142e+01 6.658413981673791948e-01 6.655197865038809946e-01 6.648630126054626555e-01 5.340702775666029689e-01
1.752499999999999858e+01 6.536013954131389969e-01 6.597450306926075925e-01 6.572432571323750805e-01 4.612571597834432269e-01
1.757500000000000284e+01 6.493790216177951491e-01 6.513465331794564550e-01 6.494818563748729900e-01 5.569156134379367185e-01
1.762500000000000000e+01 6.435231115731143703e-01 6.420189529927384786e-01 6.420531903246037286e-01 5.460957903275238667e-01
1.767500000000000071e+01 6.346668753655503314e-01 6.349926816725142142e-01 6.345271254181633624e-01 4.801356102625551348e-01
1.772500000000000142e+01 6.253393944905024648e-01 6.274044714135631473e-01 6.271909159357949015e-01 4.546958362702474554e-01
1.777499999999999858e+01 6.205791044730732953e-01 6.215983064824960325e-01 6.197338789279133175e-01 5.030072763694584115e-01
1.782500000000000284e+01 6.108304431387814315e-01 6.138353257701824051e-01 6.123470171443643473e-01 4.571018466719703466e-01
1.787500000000000000e+01 6.046459925321269191e-01 6.062331854681700660e-01 6.051706156845644280e-01 5.122981894505221900e-01
1.792500000000000071e+01 5.948899963136224933e-01 5.974853827837567355e-01 5.977345250646955988e-01 4.427532950478810791e-01
1.797500000000000142e+01 5.897907259856924878e-01 5.901849637347506006e-01 5.904674737688326847e-01 4.458202582806108372e-01
1.802499999999999858e+01 5.850502466340693486e-01 5.838814139029484540e-01 5.833768372402442504e-01 4.799908707737882141e-01
1.807500000000000284e+01 5.756781147127315590e-01 5.762920965488780300e-01 5.761527354254045719e-01 4.445447122246832250e-01
1.812500000000000000e+01 5.681614865441162454e-01 5.685564734502979167e-01 5.690111939726401058e-01 4.149174381449036719e-01
1.817500000000000071e+01 5.622864076099027830e-01 5.619422425598995519e-01 5.618471881372933963e-01 4.198453227787448672e-01
1.822500000000000142e+01 5.565603461428616505e-01 5.555818935067942110e-01 5.549591603730333889e-01 4.085846172589220338e-01
1.827499999999999858e+01 5.482471588761489434e-01 5.493681911466845591e-01 5.479859530103783349e-01 4.277388631614601477e-01
1.832500000000000284e+01 5.410904462575344409e-01 5.430154168555600958e-01 5.410683604991077811e-01 4.130001375137766773e-01
1.837500000000000000e+01 5.343559849036808584e-01 5.338359295592979281e-01 5.340995041852280023e-01 3.508169950243885671e-01
1.842500000000000071e+01 5.267187101245165426e-01 5.277303898925048697e-01 5.272290105168812024e-01 4.190493319743796574e-01
1.847500000000000142e+01 5.189364453859125481e-01 5.211354616358759850e-01 5.204558766774218803e-01 4.342228756866845507e-01
1.852499999999999858e+01 5.132805510039505359e-01 5.141616597793704502e-01 5.136810253491754796e-01 4.180063284964420367e-01
1.857500000000000284e+01 5.077676597313010021e-01 5.069188903448631489e-01 5.068778664911852694e-01 3.916070136613687414e-01
1.862500000000000000e+01 5.005185311070261545e-01 5.004481795774358144e-01 5.000107715160442279e-01 4.032343769203250439e-01
1.867500000000000071e+01 4.923838929276321275e-01 4.946896650277688434e-01 4.933268188860951975e-01 3.993713334063526132e-01
1.872500000000000142e+01 4.868549341236579342e-01 4.875390720180323156e-01 4.867469184265283411e-01 3.463129787899990042e-01
1.877499999999999858e+01 4.796216836188423871e-01 4.796368808641143788e-01 4.801354112980172339e-01 3.849968802241110488e-01
1.882500000000000284e+01 4.731100036387279051e-01 4.739229420564885498e-01 4.735688905793054571e-01 3.460027149972945693e-01
1.887500000000000000e+01 4.686119208527600999e-01 4.656313243552974157e-01 4.670318104149493443e-01 3.959648934409485399e-01
1.892500000000000071e+01 4.592221235787650735e-01 4.626772581869014744e-01 4.604432436005124196e-01 3.157650676026540482e-01
1.897500000000000142e+01 4.522556344754308233e-01 4.560893460804011923e-01 4.540493353923085174e-01 3.355944182013702037e-01
1.902499999999999858e+01 4.472898682696205830e-01 4.492698419504517204e-01 4.476019147529138320e-01 3.075208291656336690e-01
1.907500000000000284e+01 4.417973244562804491e-01 4.408174284406793930e-01 4.411672856718656388e-01 3.222696411909949932e-01
1.912500000000000000e+01 4.340191634309499835e-01 4.347498409025308264e-01 4.347941046602746828e-01 3.596430316689661066e-01
1.917500000000000426e+01 4.283266512741958354e-01 4.289709608590804857e-01 4.284446084942788446e-01 3.512944219094899512e-01
1.922500000000000142e+01 4.214344737052634349e-01 4.233638031286903747e-01 4.220548030391123029e-01 2.850511752475548000e-01
1.927499999999999858e+01 4.149604182230193783e-01 4.167131312571186741e-01 4.158539558137231973e-01 3.027996009549923651e-01
1.932500000000000284e+01 4.084647561315940534e-01 4.101319071742650646e-01 4.096300723967359891e-01 3.028285832767652619e-01
1.937500000000000000e+01 4.044216459239193262e-01 4.047562115380979320e-01 4.034098307119777238e-01 3.646923756449620413e-01
1.942500000000000426e+01 3.952027472938807184e-01 3.974474824928556638e-01 3.971663589866857857e-01 2.697468158993078791e-01
1.947500000000000142e+01 3.911955169597003956e-01 3.918326841046433362e-01 3.910378008281777396e-01 3.091673092457153382e-01
1.952499999999999858e+01 3.844011776159053095e-01 3.851240825348573593e-01 3.848431457575854919e-01 2.872883479204809132e-01
1.957500000000000284e+01 3.761145731020762994e-01 3.774023281597802537e-01 3.788837590927490728e-01 2.718421412523370773e-01
1.962500000000000000e+01 3.722099319629829650e-01 3.736750455061152998e-01 3.727410201675842583e-01 3.060047273630848164e-01
1.967500000000000426e+01 3.647973664484665535e-01 3.677388590848689187e-01 3.667625049487885924e-01 2.844621734105793331e-01
1.972500000000000142e+01 3.607197768917292935e-01 3.607855603514742437e-01 3.607450928147957758e-01 2.876114053965643236e-01
1.977499999999999858e+01 3.538780072990650449e-01 3.546421122483709443e-01 3.546844333121368376e-01 2.983357969401554399e-01
1.982500000000000284e+01 3.479002146647285354e-01 3.492692804581157273e-01 3.488333541591869258e-01 2.816883158960452604e-01
1.987500000000000000e+01 3.416826797028912899e-01 3.434818502558484865e-01 3.429237638242256248e-01 2.636975266059516376e-01
1.992500000000000426e+01 3.364466568325459317e-01 3.367255247590127398e-01 3.370233676987986482e-01 2.938608257391980283e-01
1.997500000000000142e+01 3.313899901800799741e-01 3.303173906584250252e-01 3.310870844948602953e-01 2.342115784420441271e-01
