# r (Angstroms), cation-water g(r), anion-water g(r), water-water g(r), cation-anion g(r)
2.500000000000000139e-02 0.000000000000000000e+00 0.000000000000000000e+00 5.749721330899153691e+04 0.000000000000000000e+00
7.500000000000001110e-02 0.000000000000000000e+00 0.000000000000000000e+00 0.000000000000000000e+00 0.000000000000000000e+00
1.250000000000000000e-01 0.000000000000000000e+00 0.000000000000000000e+00 0.000000000000000000e+00 0.000000000000000000e+00
1.750000000000000167e-01 0.000000000000000000e+00 0.000000000000000000e+00 0.000000000000000000e+00 0.000000000000000000e+00
2.250000000000000056e-01 0.000000000000000000e+00 0.000000000000000000e+00 0.000000000000000000e+00 0.000000000000000000e+00
2.750000000000000222e-01 0.000000000000000000e+00 0.000000000000000000e+00 0.000000000000000000e+00 0.000000000000000000e+00
3.250000000000000666e-01 0.000000000000000000e+00 0.000000000000000000e+00 0.000000000000000000e+00 0.000000000000000000e+00
3.750000000000000000e-01 0.000000000000000000e+00 0.000000000000000000e+00 0.000000000000000000e+00 0.000000000000000000e+00
4.250000000000000444e-01 0.000000000000000000e+00 0.000000000000000000e+00 0.000000000000000000e+00 0.000000000000000000e+00
4.749999999999999778e-01 0.000000000000000000e+00 0.000000000000000000e+00 0.000000000000000000e+00 0.000000000000000000e+00
5.250000000000000222e-01 0.000000000000000000e+00 0.000000000000000000e+00 0.000000000000000000e+00 0.000000000000000000e+00
5.750000000000000666e-01 0.000000000000000000e+00 0.000000000000000000e+00 0.000000000000000000e+00 0.000000000000000000e+00
6.250000000000000000e-01 0.000000000000000000e+00 0.000000000000000000e+00 0.000000000000000000e+00 0.000000000000000000e+00
6.750000000000000444e-01 0.000000000000000000e+00 0.000000000000000000e+00 0.000000000000000000e+00 0.000000000000000000e+00
7.250000000000000888e-01 0.000000000000000000e+00 0.000000000000000000e+00 0.000000000000000000e+00 0.000000000000000000e+00
7.750000000000000222e-01 0.000000000000000000e+00 0.000000000000000000e+00 0.000000000000000000e+00 0.000000000000000000e+00
8.250000000000000666e-01 0.000000000000000000e+00 0.000000000000000000e+00 0.000000000000000000e+00 0.000000000000000000e+00
8.750000000000000000e-01 0.000000000000000000e+00 0.000000000000000000e+00 0.000000000000000000e+00 0.000000000000000000e+00
9.250000000000000444e-01 0.000000000000000000e+00 0.000000000000000000e+00 0.000000000000000000e+00 0.000000000000000000e+00
9.750000000000000888e-01 0.000000000000000000e+00 0.000000000000000000e+00 0.000000000000000000e+00 0.000000000000000000e+00
1.024999999999999911e+00 0.000000000000000000e+00 0.000000000000000000e+00 0.000000000000000000e+00 0.000000000000000000e+00
1.075000000000000178e+00 0.000000000000000000e+00 0.000000000000000000e+00 0.000000000000000000e+00 0.000000000000000000e+00
1.125000000000000000e+00 0.000000000000000000e+00 0.000000000000000000e+00 0.000000000000000000e+00 0.000000000000000000e+00
1.175000000000000266e+00 0.000000000000000000e+00 0.000000000000000000e+00 0.000000000000000000e+00 0.000000000000000000e+00
1.225000000000000089e+00 0.000000000000000000e+00 0.000000000000000000e+00 0.000000000000000000e+00 0.000000000000000000e+00
1.274999999999999911e+00 0.000000000000000000e+00 0.000000000000000000e+00 0.000000000000000000e+00 0.000000000000000000e+00
1.325000000000000178e+00 0.000000000000000000e+00 0.000000000000000000e+00 0.000000000000000000e+00 0.000000000000000000e+00
1.375000000000000000e+00 0.000000000000000000e+00 0.000000000000000000e+00 0.000000000000000000e+00 0.000000000000000000e+00
1.425000000000000266e+00 0.000000000000000000e+00 0.000000000000000000e+00 0.000000000000000000e+00 0.000000000000000000e+00
1.475000000000000089e+00 0.000000000000000000e+00 0.000000000000000000e+00 0.000000000000000000e+00 0.000000000000000000e+00
1.524999999999999911e+00 0.000000000000000000e+00 0.000000000000000000e+00 0.000000000000000000e+00 0.000000000000000000e+00
1.575000000000000178e+00 0.000000000000000000e+00 0.000000000000000000e+00 0.000000000000000000e+00 0.000000000000000000e+00
1.625000000000000000e+00 0.000000000000000000e+00 0.000000000000000000e+00 0.000000000000000000e+00 0.000000000000000000e+00
1.675000000000000266e+00 0.000000000000000000e+00 0.000000000000000000e+00 0.000000000000000000e+00 0.000000000000000000e+00
1.725000000000000089e+00 0.000000000000000000e+00 0.000000000000000000e+00 0.000000000000000000e+00 0.000000000000000000e+00
1.774999999999999911e+00 0.000000000000000000e+00 0.000000000000000000e+00 0.000000000000000000e+00 0.000000000000000000e+00
1.825000000000000178e+00 0.000000000000000000e+00 0.000000000000000000e+00 0.000000000000000000e+00 0.000000000000000000e+00
1.875000000000000000e+00 0.000000000000000000e+00 0.000000000000000000e+00 0.000000000000000000e+00 0.000000000000000000e+00
1.925000000000000266e+00 0.000000000000000000e+00 0.000000000000000000e+00 0.000000000000000000e+00 0.000000000000000000e+00
1.975000000000000089e+00 0.000000000000000000e+00 0.000000000000000000e+00 0.000000000000000000e+00 0.000000000000000000e+00
2.025000000000000355e+00 0.000000000000000000e+00 0.000000000000000000e+00 0.000000000000000000e+00 0.000000000000000000e+00
2.075000000000000178e+00 1.669124518519271051e-03 0.000000000000000000e+00 0.000000000000000000e+00 0.000000000000000000e+00
2.125000000000000000e+00 8.408452189022999623e-02 0.000000000000000000e+00 0.000000000000000000e+00 0.000000000000000000e+00
2.174999999999999822e+00 7.654118838727128615e-01 0.000000000000000000e+00 0.000000000000000000e+00 0.000000000000000000e+00
2.225000000000000089e+00 2.816480085094209329e+00 0.000000000000000000e+00 0.000000000000000000e+00 0.000000000000000000e+00
2.275000000000000355e+00 5.874085430140921105e+00 0.000000000000000000e+00 0.000000000000000000e+00 0.000000000000000000e+00
2.325000000000000178e+00 7.867224926189512857e+00 0.000000000000000000e+00 0.000000000000000000e+00 0.000000000000000000e+00
2.375000000000000000e+00 7.841221086653386685e+00 0.000000000000000000e+00 1.189157723156013938e-05 0.000000000000000000e+00
2.425000000000000266e+00 6.489763398720387322e+00 0.000000000000000000e+00 8.171781669595817952e-04 0.000000000000000000e+00
2.475000000000000089e+00 4.649289429741869206e+00 0.000000000000000000e+00 1.773562055164432105e-02 0.000000000000000000e+00
2.525000000000000355e+00 3.170120646918209495e+00 0.000000000000000000e+00 1.469242143038805293e-01 0.000000000000000000e+00
2.575000000000000178e+00 2.039304431003678975e+00 0.000000000000000000e+00 6.020671945220330556e-01 0.000000000000000000e+00
2.625000000000000000e+00 1.366124389021611707e+00 0.000000000000000000e+00 1.459188071251928287e+00 1.738292898615106108e-01
2.675000000000000266e+00 8.972206792308827783e-01 0.000000000000000000e+00 2.408089750696523534e+00 1.171743424368690167e+00
2.725000000000000089e+00 6.024764982634049915e-01 0.000000000000000000e+00 3.006865516432525975e+00 2.580889952400128529e+00
2.775000000000000355e+00 4.156171227242550503e-01 0.000000000000000000e+00 3.096692563838440826e+00 4.355269250104469414e+00
2.825000000000000178e+00 3.030280139176282361e-01 0.000000000000000000e+00 2.805946054035901582e+00 4.202468741799697760e+00
2.875000000000000000e+00 2.450482837775412315e-01 0.000000000000000000e+00 2.350591245242275473e+00 5.796529480249349220e+00
2.925000000000000266e+00 1.922219254181780634e-01 0.000000000000000000e+00 1.897629407874097840e+00 5.460054691412196348e+00
2.975000000000000089e+00 1.500866573045962771e-01 3.518713336266458824e-03 1.524726968179185738e+00 2.571367438040873754e+00
3.025000000000000355e+00 1.387522139820349387e-01 4.057847767399135053e-02 1.251469049095210284e+00 2.356169671393046450e+00
3.075000000000000178e+00 1.252827231416525355e-01 2.055954091596582933e-01 1.065937077529407695e+00 2.153494735498577395e+00
3.125000000000000000e+00 1.162769766341722327e-01 6.720269567285123147e-01 9.456399294928932164e-01 1.103895347792774428e+00
3.175000000000000266e+00 1.213176556352819901e-01 1.464723546538806209e+00 8.710892848338541716e-01 7.129343132337826461e-01
3.225000000000000089e+00 1.194277694564416931e-01 2.401454048896549676e+00 8.302450389368426498e-01 3.454998152066779959e-01
3.275000000000000355e+00 1.207228143960751288e-01 3.235282084231541511e+00 8.113991425050689488e-01 2.233539581796024354e-01
3.325000000000000178e+00 1.446386915768125836e-01 3.553128007686568779e+00 8.042611151256988666e-01 3.250307675883429837e-01
3.375000000000000000e+00 1.659381344524628044e-01 3.449578303281742642e+00 8.063192639870739864e-01 1.051572461675936709e-01
3.425000000000000266e+00 1.909446276910744533e-01 3.107598288315593482e+00 8.137661805429960982e-01 2.042188531455342015e-01
3.475000000000000089e+00 2.059230398155701414e-01 2.605581122290653084e+00 8.249084542113260810e-01 9.919221571077560529e-02
3.525000000000000355e+00 2.618176637784787042e-01 2.087118644502151010e+00 8.374237975954641477e-01 0.000000000000000000e+00
3.575000000000000178e+00 3.002811273885999110e-01 1.638331581735366749e+00 8.510461995496484411e-01 0.000000000000000000e+00
3.625000000000000000e+00 3.468378263603083544e-01 1.300664637144609559e+00 8.668650422091085384e-01 0.000000000000000000e+00
3.675000000000000266e+00 4.205666832032521341e-01 1.028978207196147521e+00 8.824601182774911567e-01 0.000000000000000000e+00
3.725000000000000089e+00 4.838505555241404132e-01 8.383865468778682883e-01 8.972707710235149348e-01 8.632480919253175677e-02
3.775000000000000355e+00 5.654261221236610568e-01 7.206724499908235826e-01 9.148142449548316568e-01 8.405323652797103140e-02
3.825000000000000178e+00 6.640488671801445530e-01 6.283534774513142018e-01 9.323509717124200957e-01 8.187015992851000290e-02
3.875000000000000000e+00 7.388393869262488423e-01 5.825679165107314761e-01 9.498143277176025467e-01 7.977104155973320510e-02
3.925000000000000266e+00 8.406506317798857486e-01 5.478379903367623927e-01 9.673523567178758942e-01 7.775163076025581876e-02
3.975000000000000089e+00 9.429749968377624247e-01 5.298975181201028839e-01 9.869393582467245185e-01 7.580794250645248034e-02
4.025000000000000355e+00 1.026604660992408879e+00 5.422483675706392114e-01 1.004456617360558468e+00 7.393623773802007748e-02
4.075000000000000178e+00 1.125419149670647156e+00 5.476337767144950908e-01 1.022066691054783538e+00 7.213300536281548603e-02
4.125000000000000000e+00 1.213397680395528866e+00 5.801951431119075631e-01 1.039120913130041401e+00 1.407898915583371824e-01
4.175000000000000711e+00 1.290885584160786248e+00 6.109802357611685553e-01 1.054896856081747991e+00 6.871895577113582010e-02
4.224999999999999645e+00 1.345531602912370950e+00 6.427711562087373709e-01 1.069699234766086526e+00 4.697148025327447241e-01
4.275000000000000355e+00 1.404951270467870161e+00 6.850415506125293597e-01 1.083057901102274956e+00 4.587917005633089795e-01
4.325000000000000178e+00 1.434448786321995462e+00 7.357625353707302196e-01 1.093944800736043943e+00 1.921051006189896382e-01
4.375000000000000000e+00 1.457044441006887681e+00 7.891307134431496673e-01 1.101657265206209990e+00 9.386963284414946429e-01
4.425000000000000711e+00 1.469632847355202498e+00 8.416254043420278164e-01 1.107471978439330540e+00 8.564293982256424576e-01
4.474999999999999645e+00 1.488236445144821785e+00 8.887189864539914996e-01 1.112045610025779174e+00 1.076655118870093464e+00
4.525000000000000355e+00 1.468516200789599768e+00 9.330105918174452784e-01 1.112426498686794440e+00 9.944937024826991934e-01
4.575000000000000178e+00 1.479571396360917834e+00 1.011561228516886679e+00 1.110552074685945412e+00 1.316242829593142982e+00
4.625000000000000000e+00 1.452681657618518640e+00 1.029734137766823654e+00 1.106766135689999597e+00 1.679918654250079468e+00
4.675000000000000711e+00 1.429392736138831888e+00 1.078306126434243950e+00 1.101288323864825225e+00 1.644177066989952696e+00
4.724999999999999645e+00 1.395974948230577883e+00 1.112208796526379828e+00 1.093388378055646593e+00 2.360694020605919707e+00
4.775000000000000355e+00 1.332062876073986546e+00 1.151974867745321651e+00 1.084508478272760978e+00 2.416583542333309076e+00
4.825000000000001066e+00 1.305216060601905870e+00 1.163827944292617156e+00 1.074206503915739352e+00 2.006599903952788200e+00
4.875000000000000000e+00 1.238712511530009941e+00 1.184127914142737215e+00 1.062586714639979890e+00 2.318459353476032714e+00
4.925000000000000711e+00 1.169787284729534083e+00 1.203071505850257905e+00 1.049955792331206839e+00 2.518538986879695685e+00
4.974999999999999645e+00 1.135890505783839322e+00 1.222808802762569425e+00 1.037440822226985748e+00 2.564960879661858595e+00
5.025000000000000355e+00 1.075733235219319850e+00 1.208699688379779813e+00 1.024206481352954112e+00 3.083417572397398221e+00
5.075000000000001066e+00 1.026829873829809614e+00 1.221787563539242116e+00 1.011578620247468807e+00 2.883439113068897441e+00
5.125000000000000000e+00 9.862790267020823398e-01 1.235368407746460839e+00 9.971848730517189896e-01 2.873055841412641698e+00
5.175000000000000711e+00 9.474986129498422782e-01 1.229055626191876582e+00 9.849412677294108187e-01 2.773079399683262114e+00
5.224999999999999645e+00 9.105852487191162803e-01 1.213718788441597418e+00 9.722397763627785849e-01 2.281508766184545234e+00
5.275000000000000355e+00 8.988288768655453564e-01 1.188193230806646739e+00 9.587274703207934179e-01 2.884173120210322683e+00
5.325000000000001066e+00 8.764105437594275072e-01 1.189006968486846727e+00 9.475059538600683062e-01 3.041478727077591149e+00
5.375000000000000000e+00 8.693439595728207347e-01 1.159152919769979029e+00 9.363717553447949982e-01 2.694933106268282863e+00
5.425000000000000711e+00 8.697137607377126711e-01 1.135035675953639966e+00 9.248570889303427967e-01 2.319887891901803112e+00
5.474999999999999645e+00 8.716833392183664930e-01 1.110083577678840250e+00 9.163048628991029565e-01 2.357628908677162904e+00
5.525000000000000355e+00 8.656700011273460449e-01 1.094438239492443898e+00 9.076691029027242896e-01 2.315150268188813865e+00
5.575000000000001066e+00 8.798871624434241312e-01 1.081909347434376167e+00 9.014905870855756120e-01 2.466505120072670643e+00
5.625000000000000000e+00 8.852871551547180085e-01 1.052501752730873319e+00 8.986298730437187743e-01 1.854995535710121102e+00
5.675000000000000711e+00 8.910305480282577628e-01 1.031954484517762616e+00 8.981311952731662052e-01 1.524909315405041266e+00
5.724999999999999645e+00 9.005322864353222378e-01 1.000376213489471811e+00 8.986964299815747292e-01 1.352205454247267680e+00
5.775000000000000355e+00 9.137749749000955157e-01 9.987522404693757183e-01 9.042180853838954757e-01 1.364808153690890480e+00
5.825000000000001066e+00 9.290798870989276370e-01 9.739135164254584254e-01 9.096685494957752471e-01 1.482686954105743471e+00
5.875000000000000000e+00 9.283945757183991176e-01 9.497373786515187488e-01 9.175475733041296156e-01 8.675936151674633612e-01
5.925000000000000711e+00 9.470486601736848309e-01 9.335710617888812735e-01 9.265190363859162614e-01 1.125976573920291157e+00
5.974999999999999645e+00 9.536439618709298127e-01 9.203940879584613377e-01 9.361872747892767688e-01 1.174314416686575990e+00
6.025000000000000355e+00 9.589008792716358087e-01 8.894086132101745035e-01 9.461725755080956368e-01 1.385885647949370636e+00
6.075000000000001066e+00 9.627202707220433586e-01 8.746012789139944177e-01 9.564884566737574811e-01 1.071059568937611450e+00
6.125000000000000000e+00 9.833694675545717745e-01 8.632859399246894938e-01 9.669709299872472075e-01 8.301440357290453820e-01
6.175000000000000711e+00 9.849121786012317026e-01 8.529120199407406178e-01 9.763214876471897341e-01 1.036650460684484631e+00
6.224999999999999645e+00 1.001950538964565096e+00 8.538557332577954018e-01 9.864705978771318717e-01 1.112797538184869151e+00
6.275000000000000355e+00 1.006519829043901026e+00 8.434664762565431406e-01 9.954762497959347423e-01 1.095134459019567741e+00
6.325000000000001066e+00 1.010640333816522851e+00 8.432981276868628528e-01 1.003000798319299447e+00 8.682991550832247496e-01
6.375000000000000000e+00 1.017278755814251978e+00 8.464207245972384941e-01 1.011189112677824076e+00 1.178941046865712883e+00
6.425000000000000711e+00 1.011518031159912567e+00 8.494604234712117563e-01 1.018592737995405839e+00 1.189679841582226727e+00
6.474999999999999645e+00 1.014641423262751863e+00 8.634480231414903839e-01 1.025026855633212941e+00 1.342798527154061450e+00
6.525000000000000355e+00 1.023093055104698612e+00 8.749393900921497158e-01 1.030368283464540236e+00 1.181628167589642509e+00
6.575000000000001066e+00 1.029619596828220240e+00 8.937685504544643500e-01 1.035284610398971461e+00 1.025186358521101848e+00
6.625000000000000000e+00 1.011435071470305092e+00 8.991868199671787520e-01 1.039550788628230027e+00 7.368594190577221203e-01
6.675000000000000711e+00 1.017846321984788416e+00 9.128652098284640859e-01 1.042831504072783577e+00 1.263537073328360627e+00
6.724999999999999645e+00 1.030471224737478320e+00 9.374806454059110283e-01 1.045132589327606665e+00 1.191847356855746387e+00
6.775000000000000355e+00 1.011977221815147043e+00 9.510430354529828545e-01 1.046955532467932493e+00 1.043840451600244412e+00
6.825000000000001066e+00 1.013378865253193650e+00 9.553142723344535403e-01 1.047365115519742540e+00 1.182892504101880515e+00
6.875000000000000000e+00 1.013137630032980185e+00 9.831322532267606773e-01 1.047846501707849320e+00 1.495200364499120527e+00
6.925000000000000711e+00 1.003805690329516942e+00 9.935398363749674555e-01 1.046538418925063718e+00 1.373776076642864385e+00
6.974999999999999645e+00 1.004533862607452699e+00 1.011600068944912056e+00 1.044508302832796165e+00 1.304909184269485101e+00
7.025000000000000355e+00 9.947513889007577603e-01 1.028440509723377527e+00 1.042707366957739579e+00 1.237856744923351737e+00
7.075000000000001066e+00 9.934477904233499634e-01 1.032979905316265157e+00 1.039817333962828716e+00 1.794738872257045648e+00
7.125000000000000000e+00 9.812996866790500983e-01 1.054468320894629496e+00 1.036287059657991394e+00 1.415710433065065388e+00
7.175000000000000711e+00 9.773732793225716753e-01 1.056645544300241601e+00 1.032221682677975760e+00 1.349513169564089843e+00
7.224999999999999645e+00 9.891336810453577044e-01 1.068276307731327979e+00 1.028525414743099553e+00 1.285006406034891580e+00
7.275000000000000355e+00 9.782320867079908888e-01 1.078968061025767700e+00 1.024566606360484133e+00 1.810576936738293785e+00
7.325000000000001066e+00 9.718212205546551408e-01 1.084983073145658228e+00 1.019750723417132132e+00 1.250160533654798511e+00
7.375000000000000000e+00 9.785531059879362115e-01 1.085428881820844627e+00 1.015565598808827241e+00 9.689952888209298898e-01
7.425000000000000711e+00 9.745654385209090442e-01 1.080050115904010566e+00 1.011601010978530502e+00 1.607799408104944261e+00
7.474999999999999645e+00 9.756557521233801822e-01 1.087687237459045164e+00 1.007208028685468548e+00 1.393426434523196367e+00
7.525000000000000355e+00 9.784291692372369953e-01 1.089209503030971860e+00 1.003035179990508174e+00 1.269203747875518262e+00
7.575000000000001066e+00 9.849899743417894760e-01 1.084710163118534743e+00 9.994343925421902419e-01 1.607380057736946144e+00
7.625000000000000000e+00 9.804789632757515694e-01 1.076340966934470122e+00 9.962157423160860059e-01 1.339142539827359313e+00
7.675000000000000711e+00 9.792753888604072143e-01 1.074970184740158707e+00 9.934538763201445910e-01 1.484428410374386997e+00
7.724999999999999645e+00 9.798272267078017572e-01 1.073925967644115742e+00 9.913718656251405692e-01 1.364913477745171022e+00
7.775000000000000355e+00 9.856141319280687929e-01 1.071214603368716434e+00 9.888267651770538125e-01 1.228525284564851328e+00
7.825000000000001066e+00 9.912714036856080657e-01 1.059270681377650458e+00 9.871421886290255854e-01 1.252000509864992894e+00
7.875000000000000000e+00 9.998736316568331839e-01 1.041593782416559755e+00 9.866229254778520197e-01 1.004373999771192683e+00
7.925000000000000711e+00 1.004003785301247786e+00 1.033412706467110809e+00 9.850263343476763911e-01 1.315963398472467460e+00
7.974999999999999645e+00 1.003356697976304668e+00 1.033772860664840199e+00 9.849274414188660121e-01 9.793439379590398453e-01
8.025000000000000355e+00 1.013342497955143529e+00 1.015369852536053052e+00 9.844930190738019338e-01 1.078775832043580074e+00
8.074999999999999289e+00 1.009190589230288149e+00 1.013893299440946860e+00 9.852002641894659352e-01 1.028717858581577937e+00
8.125000000000000000e+00 1.023625707917849015e+00 1.005154539422584259e+00 9.853792483689415294e-01 9.798065802989249784e-01
8.175000000000000711e+00 1.017595009024967911e+00 1.002879984764122545e+00 9.860610884231475470e-01 9.857811624196081146e-01
8.225000000000001421e+00 1.027393231619576408e+00 9.824552907001367075e-01 9.870936369393092935e-01 9.915384915242788644e-01
8.275000000000000355e+00 1.028572009522234154e+00 9.820238782749779460e-01 9.879966629895921004e-01 1.329446815028737960e+00
8.324999999999999289e+00 1.024947394718821458e+00 9.813072387121266615e-01 9.894651307188719880e-01 1.261675797421276668e+00
8.375000000000000000e+00 1.028269214131533937e+00 9.718281433698132687e-01 9.906606416214807087e-01 1.110036187446849398e+00
8.425000000000000711e+00 1.024656309143945121e+00 9.719882424623750294e-01 9.926446548398104586e-01 1.063149055090969020e+00
8.475000000000001421e+00 1.022641132733951963e+00 9.742282365266711208e-01 9.934264597388171580e-01 9.672573131320301165e-01
8.525000000000000355e+00 1.022613379224214247e+00 9.671191532938744340e-01 9.948362034529568687e-01 8.570536823218494193e-01
8.574999999999999289e+00 1.021148359873515599e+00 9.714959677399195304e-01 9.960638345303217678e-01 1.091440378264745270e+00
8.625000000000000000e+00 1.022595116105246227e+00 9.722929944400577895e-01 9.972724097486600492e-01 1.223739195439924377e+00
8.675000000000000711e+00 1.025834862661670011e+00 9.761586701656719267e-01 9.980238349063328407e-01 1.161923118297935043e+00
8.725000000000001421e+00 1.019775710453335149e+00 9.757968011690106858e-01 9.990645551279022651e-01 1.195848696103278375e+00
8.775000000000000355e+00 1.020772318410962720e+00 9.713351976393869158e-01 9.997546663097955921e-01 1.228927797657173526e+00
8.824999999999999289e+00 1.009376713815725690e+00 9.840915410615193037e-01 1.000368886402315249e+00 1.153520654845179294e+00
8.875000000000000000e+00 1.006034649079545984e+00 9.825847378288180556e-01 1.000820435090986171e+00 1.429501723455533169e+00
8.925000000000000711e+00 1.006658783895977072e+00 9.848543347877930509e-01 1.001199882167456590e+00 1.548867764236524280e+00
8.975000000000001421e+00 1.003771523678385957e+00 9.872504326900052307e-01 1.001871553603315590e+00 1.219378452787776013e+00
9.025000000000000355e+00 1.002856899086313369e+00 9.865771843459654189e-01 1.001775584844734057e+00 1.426497136236452246e+00
9.074999999999999289e+00 1.001843256593144327e+00 9.998506530282532667e-01 1.001431791229270285e+00 1.076296816072541018e+00
9.125000000000000000e+00 9.990365070558953065e-01 9.986768671481037751e-01 1.001319386105785414e+00 1.251546879114474153e+00
9.175000000000000711e+00 9.967862078583522578e-01 1.001382250014725361e+00 1.001147894552448570e+00 1.380235570180154303e+00
9.225000000000001421e+00 9.915981819134357389e-01 9.994381823013160915e-01 1.001318205949087048e+00 1.294937227441639749e+00
9.275000000000000355e+00 9.889561963784991860e-01 1.004634685320733523e+00 1.001166230401965507e+00 1.239241133089565849e+00
9.324999999999999289e+00 9.932288256418559946e-01 1.004097410075671881e+00 1.000320597647629262e+00 1.184661928147228593e+00
9.375000000000000000e+00 9.872009842108747657e-01 1.006976077094109412e+00 1.000006385811771814e+00 1.294716625711429314e+00
9.425000000000000711e+00 9.788311053876502799e-01 9.987879869963253165e-01 1.000133026879232334e+00 1.227078531344209633e+00
9.475000000000001421e+00 9.864466125566772048e-01 9.997356827432847259e-01 9.998672658860360274e-01 1.254189354960946412e+00
9.525000000000000355e+00 9.783618876007065257e-01 1.004661725395405769e+00 9.994798915915207305e-01 1.214651143128685939e+00
9.575000000000001066e+00 9.851293435869487025e-01 1.008868816767642507e+00 9.992306167866863431e-01 1.110542223642798643e+00
9.625000000000000000e+00 9.877860052648247402e-01 1.012869842772204265e+00 9.988809744887332531e-01 1.137823557035768651e+00
9.675000000000000711e+00 9.846408195545693909e-01 1.003362124352847884e+00 9.987623650261493458e-01 1.126093521700960887e+00
9.725000000000001421e+00 9.850035431069177339e-01 1.009700823735659281e+00 9.989053510715777406e-01 1.266527211730337221e+00
9.775000000000000355e+00 9.817220335213340254e-01 1.002017875439188854e+00 9.988616275682647982e-01 1.128243219646032136e+00
9.825000000000001066e+00 9.914605211581751787e-01 1.003534251910201514e+00 9.986080953107699942e-01 1.166424142539029818e+00
9.875000000000000000e+00 9.875384340213495538e-01 1.007155067673920490e+00 9.988581528959424860e-01 1.130075326259567303e+00
9.925000000000000711e+00 9.913421225978927831e-01 1.007964811117872062e+00 9.987433169015231815e-01 9.727981577164235283e-01
9.975000000000001421e+00 9.884953124134703284e-01 1.003254364111382024e+00 9.990143269184608155e-01 1.396451873538125721e+00
1.002500000000000036e+01 9.968831504864120729e-01 1.003140412523037206e+00 9.990422276910954080e-01 1.299126784746941432e+00
1.007500000000000107e+01 9.903880698941851524e-01 1.002743287037407338e+00 9.989451021180320023e-01 1.191859533395840387e+00
1.012500000000000000e+01 9.951659358355054996e-01 1.002340113485210127e+00 9.996249092470370634e-01 1.296960454588311995e+00
1.017500000000000071e+01 9.945727490494332690e-01 1.001479905979536955e+00 9.997977760866263441e-01 1.237966149951599704e+00
1.022500000000000142e+01 9.932561299758089213e-01 1.001837349669584487e+00 1.000161159060668492e+00 1.180060919170751621e+00
1.027500000000000036e+01 1.003388447153849450e+00 1.001800053221359565e+00 1.000785296411917713e+00 1.225332462206469630e+00
1.032500000000000107e+01 1.000210858607885722e+00 9.984805066315930455e-01 1.001216867269219435e+00 1.202257541969531829e+00
1.037500000000000000e+01 1.000875805593938184e+00 1.004514666064343587e+00 1.001379504004740850e+00 1.279721572160980259e+00
1.042500000000000071e+01 1.008822346974409756e+00 9.972607658664239816e-01 1.001796079860334254e+00 1.190324842385573012e+00
1.047500000000000142e+01 1.002817052932411190e+00 9.959723696881030985e-01 1.002041605995288132e+00 1.146238820817129689e+00
1.052500000000000036e+01 1.001875714015291852e+00 1.000415947341515510e+00 1.002299154481551602e+00 1.005617041934748102e+00
1.057500000000000107e+01 9.978867760283628430e-01 9.988293508028519563e-01 1.002352609621276036e+00 1.296040314922415559e+00
1.062500000000000000e+01 1.001461831474934838e+00 9.983529537348289074e-01 1.002592508026952434e+00 1.135323952871440500e+00
1.067500000000000071e+01 1.006576560611449844e+00 9.973476028915341240e-01 1.002919643927310922e+00 1.198292915797718239e+00
1.072500000000000142e+01 1.007991162389086925e+00 9.964321083966503068e-01 1.003158498945405874e+00 9.580477182920368318e-01
1.077500000000000036e+01 1.005219679536936583e+00 9.985135379027815228e-01 1.003051697435165091e+00 1.114251225367324682e+00
1.082500000000000107e+01 1.002578938126838848e+00 9.996656530802835450e-01 1.003355773251042526e+00 8.484303819792785584e-01
1.087500000000000000e+01 1.006537657857031975e+00 1.001635573650078825e+00 1.003369837862385872e+00 1.073596954415373395e+00
1.092500000000000071e+01 1.003999318223475656e+00 1.006066688523490127e+00 1.002924406096806109e+00 1.214329156804547782e+00
1.097500000000000142e+01 1.002817805848106092e+00 1.003633258492165004e+00 1.002860845836441417e+00 9.148980884563399085e-01
1.102500000000000036e+01 9.985910320019432129e-01 1.007184198886430071e+00 1.002723221854775026e+00 1.241673196611615682e+00
1.107500000000000107e+01 9.994582052808997918e-01 1.012739652562902659e+00 1.002656006687143941e+00 1.435568198863549805e+00
1.112500000000000000e+01 1.002940661170214964e+00 1.001237300562991317e+00 1.002196834563233274e+00 1.016209453173074762e+00
1.117500000000000071e+01 1.007107439709943542e+00 1.005380920484177265e+00 1.002226895979000387e+00 1.314072966277724852e+00
1.122500000000000142e+01 1.000912321796802562e+00 1.007215140467210945e+00 1.001805344693123656e+00 1.254859825782650873e+00
1.127500000000000036e+01 1.010315332649778464e+00 1.001891719617473475e+00 1.001310546852560268e+00 1.083574383350193848e+00
1.132500000000000107e+01 1.002179762139991714e+00 1.002525318825009393e+00 1.000808966788636845e+00 1.176760603032784180e+00
1.137500000000000000e+01 9.993783358371893799e-01 1.006562114007610642e+00 1.000602207240852470e+00 9.812892861657935839e-01
1.142500000000000071e+01 1.002102587738746609e+00 1.008489498244654614e+00 1.000307480469573074e+00 9.360127465554857196e-01
1.147500000000000142e+01 9.957174880324350941e-01 1.005169062792303780e+00 9.999220287966423815e-01 1.300842339423689653e+00
1.152500000000000036e+01 9.981527284054353411e-01 1.001318060410696376e+00 9.997296950068484955e-01 1.172345187133701394e+00
1.157500000000000107e+01 9.934728081375517883e-01 1.007526957633085862e+00 9.992635826252423970e-01 1.501970175095243443e+00
1.162500000000000000e+01 9.975137229070347722e-01 1.004223436595740537e+00 9.988704323330261925e-01 1.045899888067727490e+00
1.167500000000000071e+01 1.005711203783411278e+00 1.007565429990100236e+00 9.987164122344382999e-01 1.221504467913513858e+00
1.172500000000000142e+01 9.986680755676848875e-01 9.992431343977767888e-01 9.986327704407222949e-01 1.115265609875095265e+00
1.177500000000000036e+01 9.991463826774663604e-01 1.007759639086979631e+00 9.984558189484414870e-01 1.140370958932544587e+00
1.182500000000000107e+01 9.973622433595559222e-01 1.005645826395815678e+00 9.981520363158921105e-01 1.096482552886507200e+00
1.187500000000000000e+01 1.003778141875857788e+00 1.010055418422948437e+00 9.979790935690935338e-01 1.002325619156571701e+00
1.192500000000000071e+01 1.000002712702311669e+00 1.008998693978980121e+00 9.979673466688552264e-01 1.002361209666232211e+00
1.197500000000000142e+01 1.003196559664175869e+00 1.004942338856264161e+00 9.980005193717657042e-01 1.044126311057635315e+00
1.202500000000000036e+01 9.914584441747382737e-01 1.005772662739121914e+00 9.979682989536046156e-01 1.093447251445971657e+00
1.207500000000000107e+01 9.981506189200016754e-01 1.000508390340825171e+00 9.979345419028921027e-01 1.174778094695969166e+00
1.212500000000000000e+01 9.930070855666176532e-01 9.996962789111386583e-01 9.984620453367155646e-01 1.181404427473268459e+00
1.217500000000000071e+01 9.962697848735836414e-01 9.963344315405665563e-01 9.980143559904511852e-01 1.139397505573740421e+00
1.222500000000000142e+01 9.936913190050475908e-01 9.985242842606919522e-01 9.981115826903046440e-01 9.056800561986948495e-01
1.227500000000000036e+01 9.950091256613474711e-01 9.973145405718385481e-01 9.983466191793194389e-01 1.112958922306022336e+00
1.232500000000000107e+01 9.992141146029887011e-01 9.989460131501840534e-01 9.986317193941285364e-01 1.182800527079407082e+00
1.237500000000000000e+01 9.963339758067298879e-01 9.967719935696846001e-01 9.986993186571603287e-01 1.095044407386891239e+00
1.242500000000000071e+01 1.004128499295977806e+00 1.002537920523989268e+00 9.989596769293154210e-01 1.249186255073966523e+00
1.247500000000000142e+01 1.003515277527946559e+00 1.000744411598279093e+00 9.990559998377358530e-01 1.069862122843876273e+00
1.252500000000000036e+01 1.002940908406015019e+00 1.001245822821736464e+00 9.994347231367036732e-01 1.046066329036665410e+00
1.257500000000000107e+01 9.991776084400396662e-01 1.001381910625353866e+00 9.994203846772883315e-01 1.105938553456596418e+00
1.262500000000000000e+01 1.003107687220629263e+00 1.000853174887948782e+00 9.996510839422459993e-01 9.995004674883407603e-01
1.267500000000000071e+01 9.991906759037436636e-01 9.935093045915027732e-01 9.996426506136494305e-01 1.073644972391982311e+00
1.272500000000000142e+01 9.957479767372738877e-01 9.995650303744754162e-01 9.998025753868743370e-01 1.043032098537647112e+00
1.277500000000000036e+01 1.001913973395406998e+00 9.997120937105633542e-01 1.000115287239254025e+00 1.034883451876464022e+00
1.282500000000000107e+01 1.003598808218553629e+00 9.983190089590046057e-01 1.000224790734767888e+00 9.467226258501704184e-01
1.287500000000000000e+01 1.002055074352441011e+00 1.001108464596106584e+00 1.000566729226393559e+00 9.827398997060133867e-01
1.292500000000000071e+01 9.985405011071801784e-01 1.002577340317613253e+00 1.000276413669961562e+00 1.075534425515050962e+00
1.297500000000000142e+01 1.001795327342082764e+00 1.001880708232061323e+00 1.000555582589444326e+00 1.067261124733218436e+00
1.302500000000000036e+01 1.001800653940431163e+00 1.001454686853643139e+00 1.000728254819127638e+00 9.319929684899737055e-01
1.307500000000000107e+01 9.963324279057472754e-01 9.977968189480425076e-01 1.000692067178430067e+00 1.086031634238110444e+00
1.312500000000000000e+01 1.002822466509956767e+00 9.981567529520963822e-01 1.000858694791609604e+00 1.070819505082708734e+00
1.317500000000000071e+01 1.004437793034028248e+00 9.995797026337976954e-01 1.000702238948294243e+00 1.028203792094247060e+00
1.322500000000000142e+01 9.999664382781273675e-01 9.996856450176013764e-01 1.001057313246654923e+00 9.177145587923366543e-01
1.327500000000000036e+01 9.988712104176292739e-01 1.004410865662366481e+00 1.000875845121186325e+00 1.094336802948101983e+00
1.332500000000000107e+01 9.960641866452422111e-01 1.003727879455365013e+00 1.000843322149785886e+00 9.984388520230268460e-01
1.337500000000000000e+01 9.973757046409367222e-01 1.002477952898361169e+00 1.000663320226776065e+00 9.775961228135987557e-01
1.342500000000000071e+01 1.000288315603784950e+00 9.967791849885432320e-01 1.000890889157499908e+00 9.105130573638512415e-01
1.347500000000000142e+01 1.002971988115979540e+00 1.003103925130162333e+00 1.000841535179463504e+00 1.055496113462139451e+00
1.352500000000000036e+01 9.942079960813660078e-01 1.003061116088624249e+00 1.000606418314304191e+00 1.159025326394005129e+00
1.357500000000000107e+01 9.959652008159556313e-01 1.003258220592855743e+00 1.000667599567720112e+00 9.425025558382351676e-01
1.362500000000000000e+01 1.002605966324901177e+00 1.002199465209101970e+00 1.000695023936724937e+00 9.485026035316180826e-01
1.367500000000000071e+01 9.998418762743919164e-01 1.000508027585972792e+00 1.000649174800415153e+00 8.262838384032683559e-01
1.372500000000000142e+01 9.968688240355989549e-01 1.004333958111950587e+00 1.000412715214904713e+00 1.163645260623801470e+00
1.377500000000000036e+01 9.950298503890681046e-01 9.971824605650089213e-01 1.000363134635475992e+00 1.060523488440053619e+00
1.382500000000000107e+01 1.001601750401145186e+00 1.000768231237064709e+00 1.000278773742969252e+00 9.275250848415059757e-01
1.387500000000000000e+01 1.001937047069627607e+00 1.004712047833407729e+00 1.000182263514899361e+00 1.020403868295860272e+00
1.392500000000000071e+01 9.979793222339509162e-01 1.003081832355428915e+00 1.000017595883663679e+00 8.895417160930026990e-01
1.397500000000000142e+01 9.948252743523007258e-01 1.001522782395313227e+00 1.000313170736651269e+00 8.709213755565697879e-01
1.402500000000000036e+01 1.000216190616441958e+00 1.002956508946897918e+00 9.999297481861576520e-01 8.951706546156286137e-01
1.407500000000000107e+01 9.981047286725459600e-01 1.001200489489393775e+00 1.000104711088386722e+00 9.371932160379262688e-01
1.412500000000000000e+01 1.000584853904476601e+00 1.003814832252273970e+00 1.000048641476678934e+00 1.002614096806996313e+00
1.417500000000000071e+01 9.992435687890317553e-01 1.003303280816578269e+00 1.000129301378795299e+00 8.942096976974852618e-01
1.422500000000000142e+01 9.989263887377771711e-01 1.004911067724526097e+00 1.000028504962417131e+00 9.175323866924768312e-01
1.427500000000000036e+01 1.000005765132273572e+00 1.005584146947150703e+00 1.000127055259110609e+00 9.052379341318004258e-01
1.432500000000000107e+01 9.993179455005024581e-01 1.000502898262430662e+00 1.000080704846840751e+00 9.222785043579913022e-01
1.437500000000000000e+01 9.950563269500682928e-01 1.001948567266645496e+00 1.000043943898017540e+00 8.637037907232912870e-01
1.442500000000000071e+01 1.002797556648456379e+00 1.002118283213260685e+00 1.000117477553337464e+00 8.174307440490053978e-01
1.447500000000000142e+01 9.983114020210421824e-01 9.997806335806004308e-01 9.999003102088798167e-01 9.261303994102186854e-01
1.452500000000000036e+01 1.000647835044633061e+00 1.003781850029056288e+00 9.999570799738636273e-01 9.084101404124990120e-01
1.457500000000000107e+01 1.000774790659856750e+00 1.005105293912131659e+00 1.000114952781495870e+00 9.247428819962165703e-01
1.462500000000000000e+01 1.003643113923968766e+00 1.005955991156194829e+00 1.000028574026269101e+00 9.464316035016445694e-01
1.467500000000000071e+01 9.982895901866928323e-01 1.005948588998194060e+00 1.000020568414817346e+00 9.399933181871679144e-01
1.472500000000000142e+01 1.003034362634890764e+00 1.003642044621451124e+00 9.999697339865594170e-01 9.115229798405913852e-01
1.477500000000000036e+01 1.004312125943910061e+00 9.996316680842336488e-01 1.000106287362013679e+00 9.876698883256234129e-01
1.482500000000000107e+01 1.001222477879675221e+00 1.000786469462846329e+00 1.000169768257873404e+00 8.720168336576616941e-01
1.487500000000000000e+01 1.000062581943931495e+00 1.003684231815208605e+00 1.000135978549245186e+00 8.228561740420150539e-01
1.492500000000000071e+01 9.989226159949269324e-01 9.999658154367140339e-01 9.998436535556908256e-01 8.603706736388161413e-01
1.497500000000000142e+01 9.979892104015825050e-01 1.001888482089318133e+00 1.000095735845466960e+00 1.057610676947480455e+00
1.502500000000000036e+01 1.000887611514285069e+00 1.006787857620521809e+00 1.000148128151574500e+00 8.648742044214111635e-01
1.507500000000000107e+01 9.985075364090892913e-01 1.002181310442435525e+00 9.999763502718219677e-01 9.171257988554769591e-01
1.512500000000000000e+01 9.985036987750818271e-01 1.001765756082116487e+00 9.999996478870151195e-01 9.110721852712888591e-01
1.517500000000000071e+01 9.995341561184474255e-01 9.992220601491349496e-01 1.000061806370565076e+00 9.154815099831220548e-01
1.522500000000000142e+01 9.959614995160550599e-01 9.983230427943156071e-01 9.998346371920329156e-01 8.526359757396079209e-01
1.527500000000000036e+01 9.987337297920731993e-01 1.002024442025792661e+00 1.000030527097980571e+00 9.394701072865234703e-01
1.532500000000000107e+01 9.999338554268770718e-01 1.000352077742783452e+00 1.000162174209729082e+00 6.987372838921842577e-01
1.537500000000000000e+01 1.001766134717184897e+00 9.968864657891600700e-01 1.000011389555775621e+00 9.171548037097515538e-01
1.542500000000000071e+01 9.972405989480469524e-01 1.004172908007962439e+00 9.998409851020775285e-01 9.816995400751646894e-01
1.547500000000000142e+01 9.992499794114689804e-01 9.999102271766163730e-01 9.993752664267828711e-01 8.253097064342004296e-01
1.552500000000000036e+01 9.987230033561790288e-01 9.968295435763265822e-01 9.974889744902075694e-01 8.050931347404036709e-01
1.557500000000000107e+01 9.895162539144064517e-01 9.958959608919477624e-01 9.929383445382915507e-01 9.036272266950926557e-01
1.562500000000000000e+01 9.874129076724743603e-01 9.841109664098729448e-01 9.855479045216496425e-01 8.095398340701714934e-01
1.567500000000000071e+01 9.746934814907463052e-01 9.767215030392503161e-01 9.765314442698034281e-01 8.628841684740646834e-01
1.572500000000000142e+01 9.654580339123901567e-01 9.695222331359584222e-01 9.673004579761432797e-01 8.186527637461689100e-01
1.577500000000000036e+01 9.593523739296478947e-01 9.577398713819881282e-01 9.577275682282215818e-01 7.316429469978800171e-01
1.582500000000000107e+01 9.466942755045140157e-01 9.491001606362237109e-01 9.484343283387193235e-01 7.652914931879705174e-01
1.587500000000000000e+01 9.378599313756718070e-01 9.425321202695613465e-01 9.391706348325737919e-01 7.604783550583189555e-01
1.592500000000000071e+01 9.288957077251787098e-01 9.324995020831253756e-01 9.298505290256048328e-01 7.982191959279147930e-01
1.597500000000000142e+01 9.221232323527213115e-01 9.223532222152655002e-01 9.207582753742167281e-01 8.401670488857185815e-01
1.602499999999999858e+01 9.117881390293353094e-01 9.106780054735258423e-01 9.116120755789254293e-01 7.649659796334657980e-01
1.607500000000000284e+01 9.012947326035950502e-01 9.032462592445090754e-01 9.026267677401265122e-01 6.999537358147599475e-01
1.612500000000000000e+01 8.924984647061050547e-01 8.973263416269410264e-01 8.936148651765206674e-01 7.647209626514989145e-01
1.617500000000000071e+01 8.833815193597874815e-01 8.866733286587197282e-01 8.846180309807272213e-01 7.233739488613386559e-01
1.622500000000000142e+01 8.768715090984917637e-01 8.757476240323710526e-01 8.759818926417407559e-01 7.416731408003309767e-01
1.627499999999999858e+01 8.652422283959340099e-01 8.690906436363546872e-01 8.669774340577917071e-01 7.371230131475676739e-01
1.632500000000000284e+01 8.587546883840542211e-01 8.571726003495571122e-01 8.582630635164707478e-01 7.191309247714059438e-01
1.637500000000000000e+01 8.484973049760721198e-01 8.540767908896722549e-01 8.495766071639129224e-01 6.790086940490098755e-01
1.642500000000000071e+01 8.407951588322645220e-01 8.427487617107138895e-01 8.409316535133766202e-01 6.038408897025262512e-01
1.647500000000000142e+01 8.313172404302807683e-01 8.317585501796797010e-01 8.321018273813471922e-01 6.707908190864110276e-01
1.652499999999999858e+01 8.251537184553120463e-01 8.244957536052559544e-01 8.236258714362939548e-01 6.228733913864089589e-01
1.657500000000000284e+01 8.146239176438283547e-01 8.164333210147457498e-01 8.152269503672779916e-01 7.019613077534595513e-01
1.662500000000000000e+01 8.054754830821162503e-01 8.069013105091520366e-01 8.067237451555335781e-01 6.370718291010939449e-01
1.667500000000000071e+01 7.981795730893375129e-01 8.003033534995890319e-01 7.982770774418845861e-01 6.978751043828538281e-01
1.672500000000000142e+01 7.890551049002187955e-01 7.883785248117909372e-01 7.899721107205761594e-01 7.108373080950165512e-01
1.677499999999999858e+01 7.793440125925799045e-01 7.814127510687225442e-01 7.815429113261783689e-01 6.938361555786864976e-01
1.682500000000000284e+01 7.746172855536661572e-01 7.739529555170018282e-01 7.734635262302450576e-01 6.431730291272848010e-01
1.687500000000000000e+01 7.646916828313250480e-01 7.678380428803797120e-01 7.651722514715448842e-01 7.024627382247559115e-01
1.692500000000000071e+01 7.574747793872725898e-01 7.586079787514019568e-01 7.570094902372895840e-01 6.397767627741707264e-01
1.697500000000000142e+01 7.476191799641799252e-01 7.473281934500264345e-01 7.489699892462833297e-01 6.567981319466462686e-01
1.702499999999999858e+01 7.403787239363606165e-01 7.386761053712932457e-01 7.409651851155011348e-01 6.116202612378046632e-01
1.707500000000000284e+01 7.326308454333899656e-01 7.350465860032193710e-01 7.327537441806789564e-01 6.532359704130604738e-01
1.712500000000000000e+01 7.242173286460990012e-01 7.266557433254010601e-01 7.247918469187801804e-01 6.821025987327268281e-01
1.717500000000000071e+01 7.180373351852380459e-01 7.166485757910688870e-01 7.170417327634182048e-01 5.481944976983426088e-01
1.722500000000000142e+01 7.091876691193546023e-01 7.107339013071707345e-01 7.089084510760811364e-01 6.257597626931943324e-01
1.727499999999999858e+01 6.991278017712249104e-01 7.021863353855875012e-01 7.011776053110994056e-01 6.703085480295932763e-01
1.732500000000000284e+01 6.920214364742223179e-01 6.929871832787524166e-01 6.933369831564560881e-01 6.345195947119316449e-01
1.737500000000000000e+01 6.829774904650022238e-01 6.862389845344502026e-01 6.855255664326704856e-01 6.229374317558928897e-01
1.742500000000000071e+01 6.740889242077978682e-01 6.797697480506924572e-01 6.780275419485072286e-01 6.312026492105019537e-01
1.747500000000000142e+01 6.690720233302462905e-01 6.723080641057891382e-01 6.701285416125402072e-01 5.569912607601098520e-01
1.752499999999999858e+01 6.609968225415934207e-01 6.663555921628026013e-01 6.625982756324103606e-01 5.382170361913128920e-01
1.757500000000000284e+01 6.560777797941697020e-01 6.538169269465095024e-01 6.550720066360946614e-01 5.506708479721251770e-01
1.762500000000000000e+01 6.484390910256569995e-01 6.486665945720195836e-01 6.476322323465169006e-01 5.552628928170989520e-01
1.767500000000000071e+01 6.406308252312399310e-01 6.409490644207097576e-01 6.400205038131503432e-01 5.636284440008395569e-01
1.772500000000000142e+01 6.340211261404257170e-01 6.353822264797732711e-01 6.323103717054996409e-01 5.528278689226544529e-01
1.777499999999999858e+01 6.258756741167827986e-01 6.271836336022074132e-01 6.252444566603038156e-01 5.231837941698378458e-01
1.782500000000000284e+01 6.190782125619209708e-01 6.196210850490957434e-01 6.175960575734990021e-01 5.730320697955837428e-01
1.787500000000000000e+01 6.119945106221675868e-01 6.112634777114780427e-01 6.104096912539803688e-01 4.648619534640684448e-01
1.792500000000000071e+01 6.037535892040049035e-01 6.059792061668812790e-01 6.031668688541701462e-01 6.002082596701767692e-01
1.797500000000000142e+01 5.981194275623945567e-01 5.961693927350911748e-01 5.958326595347793742e-01 5.004842237375617398e-01
1.802499999999999858e+01 5.871373117088504179e-01 5.881880359128806024e-01 5.885753439147408672e-01 4.940247134738154355e-01
1.807500000000000284e+01 5.811253483790767005e-01 5.839447967920425864e-01 5.814677372080666595e-01 4.876289192775893899e-01
1.812500000000000000e+01 5.773110052968816186e-01 5.740294410950589343e-01 5.745165419004477636e-01 4.995269951663443009e-01
1.817500000000000071e+01 5.658278423833725812e-01 5.680506714307448357e-01 5.671874957829560193e-01 5.330438335460281341e-01
1.822500000000000142e+01 5.595106225192100213e-01 5.627202110698426019e-01 5.601651189314317270e-01 4.652100258782080333e-01
1.827499999999999858e+01 5.538027176974029686e-01 5.550364987665559191e-01 5.532964155508679482e-01 5.343993584412476405e-01
1.832500000000000284e+01 5.440822819256166953e-01 5.458229913786438736e-01 5.462723155732341906e-01 4.993838594750335536e-01
1.837500000000000000e+01 5.375315593633378519e-01 5.398304311176339576e-01 5.392531163054116172e-01 5.073127482474512062e-01
1.842500000000000071e+01 5.352638159505958004e-01 5.321482270653256075e-01 5.326009718809819882e-01 5.116199188722315716e-01
1.847500000000000142e+01 5.241130262440200083e-01 5.277381752658353298e-01 5.256930718350967258e-01 5.053450717728988906e-01
1.852499999999999858e+01 5.196855220081395554e-01 5.195110008809883384e-01 5.187838551142905930e-01 4.502645080499566022e-01
1.857500000000000284e+01 5.124686297138096869e-01 5.159819464720685200e-01 5.119831254430499135e-01 4.374287663444774155e-01
1.862500000000000000e+01 5.040440139686719334e-01 5.069480224069757845e-01 5.052626685062023837e-01 4.592546043928819599e-01
1.867500000000000071e+01 4.989478287498974041e-01 4.996313095164678919e-01 4.986149495745406113e-01 4.327566662707685308e-01
1.872500000000000142e+01 4.917363229764480370e-01 4.919208009633921352e-01 4.918856203280301265e-01 3.757884919230879972e-01
1.877499999999999858e+01 4.839080442418312034e-01 4.859299062864352869e-01 4.852488887804130568e-01 4.961207706087338853e-01
1.882500000000000284e+01 4.784746075266224641e-01 4.828991067513384583e-01 4.786393584366385734e-01 3.954670812007433089e-01
1.887500000000000000e+01 4.709703425075977279e-01 4.710678456303550310e-01 4.721055747280377135e-01 4.068233742632323402e-01
1.892500000000000071e+01 4.639599970176152000e-01 4.667358775124367809e-01 4.655589309381071295e-01 4.448097660376773566e-01
1.897500000000000142e+01 4.583276759777940579e-01 4.591128083500657930e-01 4.590405096351750647e-01 4.158540107371450079e-01
1.902499999999999858e+01 4.519637573031233257e-01 4.544590211073464281e-01 4.525472783840462365e-01 4.633115816859894598e-01
1.907500000000000284e+01 4.467827644662870079e-01 4.461869048744305233e-01 4.462116807821007725e-01 4.246734107706609529e-01
1.912500000000000000e+01 4.373891214069738909e-01 4.413418667614079638e-01 4.397787344531177145e-01 3.864324373017589132e-01
1.917500000000000426e+01 4.350100665941917799e-01 4.330912255242820308e-01 4.334231296468668004e-01 4.072243357193866542e-01
1.922500000000000142e+01 4.267449449592310429e-01 4.264889161411337670e-01 4.270185068900613223e-01 4.277949872005414877e-01
1.927499999999999858e+01 4.208616101484206062e-01 4.199588680075597158e-01 4.207137409857476529e-01 3.610968563443553436e-01
1.932500000000000284e+01 4.141160500842884784e-01 4.135900336627798546e-01 4.144731125971423680e-01 3.945123161314787463e-01
1.937500000000000000e+01 4.075301526011760878e-01 4.081715203178687412e-01 4.084161271160092754e-01 3.605699103794554050e-01
1.942500000000000426e+01 4.004795253878329908e-01 4.037873321148545136e-01 4.020656917264482377e-01 4.031587853471479965e-01
1.947500000000000142e+01 3.950401991130837454e-01 3.990732195974575069e-01 3.959450611060508218e-01 3.821421132413669319e-01
1.952499999999999858e+01 3.890856974024521353e-01 3.890448508194506716e-01 3.897474686038823743e-01 3.739033367053088419e-01
1.957500000000000284e+01 3.819207653460686136e-01 3.833899919449035298e-01 3.836518956532090630e-01 3.657436426886845338e-01
1.962500000000000000e+01 3.779307029362448667e-01 3.801171071773319921e-01 3.775861778776237743e-01 3.701025671256955585e-01
1.967500000000000426e+01 3.721010587682469506e-01 3.724043019618411554e-01 3.716321581500378612e-01 3.279977400100968499e-01
1.972500000000000142e+01 3.659961764244279991e-01 3.657991427667576789e-01 3.654636129196505712e-01 4.310111261538326355e-01
1.977499999999999858e+01 3.604781183996197402e-01 3.611765056994660772e-01 3.596041173248840095e-01 3.491936499231556579e-01
1.982500000000000284e+01 3.518627576222522757e-01 3.531031597110005360e-01 3.536876420514923902e-01 4.083879112832218272e-01
1.987500000000000000e+01 3.470379918603246350e-01 3.482903549223921313e-01 3.476708021217547739e-01 3.729797981460084011e-01
1.992500000000000426e+01 3.413550333761474764e-01 3.419675161120572238e-01 3.418399085020445982e-01 3.228357277947973003e-01
1.997500000000000142e+01 3.349500213094457335e-01 3.355354250733970645e-01 3.360231894936625552e-01 3.572463995395305791e-01
