# r (Angstroms), cation-water g(r), anion-water g(r), water-water g(r), cation-anion g(r)
2.500000000000000139e-02 0.000000000000000000e+00 0.000000000000000000e+00 6.150673391840014665e+04 0.000000000000000000e+00
7.500000000000001110e-02 0.000000000000000000e+00 0.000000000000000000e+00 0.000000000000000000e+00 0.000000000000000000e+00
1.250000000000000000e-01 0.000000000000000000e+00 0.000000000000000000e+00 0.000000000000000000e+00 0.000000000000000000e+00
1.750000000000000167e-01 0.000000000000000000e+00 0.000000000000000000e+00 0.000000000000000000e+00 0.000000000000000000e+00
2.250000000000000056e-01 0.000000000000000000e+00 0.000000000000000000e+00 0.000000000000000000e+00 0.000000000000000000e+00
2.750000000000000222e-01 0.000000000000000000e+00 0.000000000000000000e+00 0.000000000000000000e+00 0.000000000000000000e+00
3.250000000000000666e-01 0.000000000000000000e+00 0.000000000000000000e+00 0.000000000000000000e+00 0.000000000000000000e+00
3.750000000000000000e-01 0.000000000000000000e+00 0.000000000000000000e+00 0.000000000000000000e+00 0.000000000000000000e+00
4.250000000000000444e-01 0.000000000000000000e+00 0.000000000000000000e+00 0.000000000000000000e+00 0.000000000000000000e+00
4.749999999999999778e-01 0.000000000000000000e+00 0.000000000000000000e+00 0.000000000000000000e+00 0.000000000000000000e+00
5.250000000000000222e-01 0.000000000000000000e+00 0.000000000000000000e+00 0.000000000000000000e+00 0.000000000000000000e+00
5.750000000000000666e-01 0.000000000000000000e+00 0.000000000000000000e+00 0.000000000000000000e+00 0.000000000000000000e+00
6.250000000000000000e-01 0.000000000000000000e+00 0.000000000000000000e+00 0.000000000000000000e+00 0.000000000000000000e+00
6.750000000000000444e-01 0.000000000000000000e+00 0.000000000000000000e+00 0.000000000000000000e+00 0.000000000000000000e+00
7.250000000000000888e-01 0.000000000000000000e+00 0.000000000000000000e+00 0.000000000000000000e+00 0.000000000000000000e+00
7.750000000000000222e-01 0.000000000000000000e+00 0.000000000000000000e+00 0.000000000000000000e+00 0.000000000000000000e+00
8.250000000000000666e-01 0.000000000000000000e+00 0.000000000000000000e+00 0.000000000000000000e+00 0.000000000000000000e+00
8.750000000000000000e-01 0.000000000000000000e+00 0.000000000000000000e+00 0.000000000000000000e+00 0.000000000000000000e+00
9.250000000000000444e-01 0.000000000000000000e+00 0.000000000000000000e+00 0.000000000000000000e+00 0.000000000000000000e+00
9.750000000000000888e-01 0.000000000000000000e+00 0.000000000000000000e+00 0.000000000000000000e+00 0.000000000000000000e+00
1.024999999999999911e+00 0.000000000000000000e+00 0.000000000000000000e+00 0.000000000000000000e+00 0.000000000000000000e+00
1.075000000000000178e+00 0.000000000000000000e+00 0.000000000000000000e+00 0.000000000000000000e+00 0.000000000000000000e+00
1.125000000000000000e+00 0.000000000000000000e+00 0.000000000000000000e+00 0.000000000000000000e+00 0.000000000000000000e+00
1.175000000000000266e+00 0.000000000000000000e+00 0.000000000000000000e+00 0.000000000000000000e+00 0.000000000000000000e+00
1.225000000000000089e+00 0.000000000000000000e+00 0.000000000000000000e+00 0.000000000000000000e+00 0.000000000000000000e+00
1.274999999999999911e+00 0.000000000000000000e+00 0.000000000000000000e+00 0.000000000000000000e+00 0.000000000000000000e+00
1.325000000000000178e+00 0.000000000000000000e+00 0.000000000000000000e+00 0.000000000000000000e+00 0.000000000000000000e+00
1.375000000000000000e+00 0.000000000000000000e+00 0.000000000000000000e+00 0.000000000000000000e+00 0.000000000000000000e+00
1.425000000000000266e+00 0.000000000000000000e+00 0.000000000000000000e+00 0.000000000000000000e+00 0.000000000000000000e+00
1.475000000000000089e+00 0.000000000000000000e+00 0.000000000000000000e+00 0.000000000000000000e+00 0.000000000000000000e+00
1.524999999999999911e+00 0.000000000000000000e+00 0.000000000000000000e+00 0.000000000000000000e+00 0.000000000000000000e+00
1.575000000000000178e+00 0.000000000000000000e+00 0.000000000000000000e+00 0.000000000000000000e+00 0.000000000000000000e+00
1.625000000000000000e+00 0.000000000000000000e+00 0.000000000000000000e+00 0.000000000000000000e+00 0.000000000000000000e+00
1.675000000000000266e+00 0.000000000000000000e+00 0.000000000000000000e+00 0.000000000000000000e+00 0.000000000000000000e+00
1.725000000000000089e+00 0.000000000000000000e+00 0.000000000000000000e+00 0.000000000000000000e+00 0.000000000000000000e+00
1.774999999999999911e+00 0.000000000000000000e+00 0.000000000000000000e+00 0.000000000000000000e+00 0.000000000000000000e+00
1.825000000000000178e+00 0.000000000000000000e+00 0.000000000000000000e+00 0.000000000000000000e+00 0.000000000000000000e+00
1.875000000000000000e+00 0.000000000000000000e+00 0.000000000000000000e+00 0.000000000000000000e+00 0.000000000000000000e+00
1.925000000000000266e+00 0.000000000000000000e+00 0.000000000000000000e+00 0.000000000000000000e+00 0.000000000000000000e+00
1.975000000000000089e+00 0.000000000000000000e+00 0.000000000000000000e+00 0.000000000000000000e+00 0.000000000000000000e+00
2.025000000000000355e+00 0.000000000000000000e+00 0.000000000000000000e+00 0.000000000000000000e+00 0.000000000000000000e+00
2.075000000000000178e+00 0.000000000000000000e+00 0.000000000000000000e+00 0.000000000000000000e+00 0.000000000000000000e+00
2.125000000000000000e+00 0.000000000000000000e+00 0.000000000000000000e+00 0.000000000000000000e+00 0.000000000000000000e+00
2.174999999999999822e+00 0.000000000000000000e+00 0.000000000000000000e+00 0.000000000000000000e+00 0.000000000000000000e+00
2.225000000000000089e+00 0.000000000000000000e+00 0.000000000000000000e+00 0.000000000000000000e+00 0.000000000000000000e+00
2.275000000000000355e+00 1.586919266878220481e-03 0.000000000000000000e+00 0.000000000000000000e+00 0.000000000000000000e+00
2.325000000000000178e+00 8.508646704617221779e-02 0.000000000000000000e+00 0.000000000000000000e+00 0.000000000000000000e+00
2.375000000000000000e+00 1.120231816541712444e+00 0.000000000000000000e+00 7.578046305572630545e-06 0.000000000000000000e+00
2.425000000000000266e+00 5.228826656644776527e+00 0.000000000000000000e+00 7.007105966628102015e-04 0.000000000000000000e+00
2.475000000000000089e+00 1.143198873271386695e+01 0.000000000000000000e+00 1.518428117027746313e-02 0.000000000000000000e+00
2.525000000000000355e+00 1.457054569983125170e+01 0.000000000000000000e+00 1.260323815795670044e-01 0.000000000000000000e+00
2.575000000000000178e+00 1.254297240244028799e+01 0.000000000000000000e+00 5.111206662878480245e-01 0.000000000000000000e+00
2.625000000000000000e+00 8.317443401378472601e+00 0.000000000000000000e+00 1.228355953510277709e+00 0.000000000000000000e+00
2.675000000000000266e+00 4.654688307555169935e+00 0.000000000000000000e+00 2.019412779398741975e+00 0.000000000000000000e+00
2.725000000000000089e+00 2.339023452983601814e+00 0.000000000000000000e+00 2.535998848441891607e+00 0.000000000000000000e+00
2.775000000000000355e+00 1.120951660761617452e+00 0.000000000000000000e+00 2.671893128240794280e+00 0.000000000000000000e+00
2.825000000000000178e+00 5.291824507305764591e-01 0.000000000000000000e+00 2.535637349083178727e+00 2.151544651728252988e-03
2.875000000000000000e+00 2.546137412577962889e-01 3.974737601201977291e-06 2.296251447656993072e+00 1.417493344937374028e-02
2.925000000000000266e+00 1.273348594868281003e-01 2.112007621162709811e-04 2.052406378569163969e+00 4.816677073248616658e-02
2.975000000000000089e+00 6.703175551127560361e-02 4.717984342387378585e-03 1.835593066268275786e+00 1.064748812835736441e-01
3.025000000000000355e+00 3.826574542523132616e-02 4.589878865792430818e-02 1.654790869518472318e+00 1.560768342391203323e-01
3.075000000000000178e+00 2.270948796445628609e-02 2.406698443748460092e-01 1.500430722807079009e+00 1.813792328320170677e-01
3.125000000000000000e+00 1.515249610781778042e-02 7.729017780431094442e-01 1.369366624907122132e+00 1.736565111186992583e-01
3.175000000000000266e+00 1.123088411422238329e-02 1.684140491915351756e+00 1.255352753608282468e+00 1.413774886134512854e-01
3.225000000000000089e+00 8.680479159350634744e-03 2.749039518925792347e+00 1.164260434891736917e+00 1.076993525722773209e-01
3.275000000000000355e+00 7.694558366327545335e-03 3.589024441753167149e+00 1.092784168832193759e+00 7.081682959622018214e-02
3.325000000000000178e+00 7.726396162843101809e-03 3.929018061656478711e+00 1.036818053599244838e+00 4.842103520317461718e-02
3.375000000000000000e+00 7.776058119102028342e-03 3.809192636491141926e+00 9.957114704273708483e-01 3.103574896980490147e-02
3.425000000000000266e+00 8.833400712366396706e-03 3.388121700881277398e+00 9.660561169260216685e-01 1.954549511476593934e-02
3.475000000000000089e+00 9.990349221029436871e-03 2.817229508030198115e+00 9.461219379613714509e-01 1.421940730770927634e-02
3.525000000000000355e+00 1.170785123702475575e-02 2.261455547205798222e+00 9.331926781544580551e-01 9.022920652284922502e-03
3.575000000000000178e+00 1.371676685225911227e-02 1.789086949082007605e+00 9.270836238302685439e-01 7.902973251767709748e-03
3.625000000000000000e+00 1.808634058434758704e-02 1.415314905080151897e+00 9.229547826498500918e-01 4.688744972099694042e-03
3.675000000000000266e+00 2.277902474867939814e-02 1.141821725388203257e+00 9.239120658017875298e-01 3.963730943669508365e-03
3.725000000000000089e+00 2.926540263117828611e-02 9.434588077042526111e-01 9.238760612200750399e-01 3.712451467707910020e-03
3.775000000000000355e+00 3.771708720408366300e-02 8.127017896491656179e-01 9.274610369563089929e-01 3.047739741992573116e-03
3.825000000000000178e+00 4.977524121178523303e-02 7.235688892223517410e-01 9.327730052370896141e-01 2.416287820631467763e-03
3.875000000000000000e+00 6.540344760446803463e-02 6.701577868100130342e-01 9.388553946712349108e-01 4.439603446537427126e-03
3.925000000000000266e+00 8.736845888498488699e-02 6.432249005710485301e-01 9.449563989084831528e-01 3.671575941305925406e-03
3.975000000000000089e+00 1.190310491565799850e-01 6.350110811291831414e-01 9.522459376438144885e-01 6.520334306081365140e-03
4.025000000000000355e+00 1.625079362115897097e-01 6.386001772667454501e-01 9.598886343095605067e-01 7.606277399829297972e-03
4.075000000000000178e+00 2.206771088844805273e-01 6.508449294288827236e-01 9.670448001712919073e-01 9.914632320100686888e-03
4.125000000000000000e+00 2.973231756670993708e-01 6.748352544216490445e-01 9.741229569381091302e-01 1.317799792802988416e-02
4.175000000000000711e+00 3.976356448339881666e-01 7.034055509942512829e-01 9.819899142600339026e-01 2.062915937820948564e-02
4.224999999999999645e+00 5.183814496127328031e-01 7.344786289756706221e-01 9.876841259187855160e-01 2.749966844241993544e-02
4.275000000000000355e+00 6.610836684771792537e-01 7.690519068563266281e-01 9.937502570995973006e-01 4.250096926098041045e-02
4.325000000000000178e+00 8.239943112091328015e-01 8.070979525775998642e-01 9.974462510607229326e-01 5.637325629077525463e-02
4.375000000000000000e+00 9.890393013728642213e-01 8.438265919065875975e-01 9.992538868418633369e-01 8.854841633473059526e-02
4.425000000000000711e+00 1.161500423832610984e+00 8.853076978253495710e-01 1.002222521305529579e+00 1.273103370989954186e-01
4.474999999999999645e+00 1.316419623638335867e+00 9.250741968503606305e-01 1.004728190253222797e+00 1.807703034964436295e-01
4.525000000000000355e+00 1.466052562695164818e+00 9.661611213462654169e-01 1.010287089776332303e+00 2.641109847713501435e-01
4.575000000000000178e+00 1.583603229460448292e+00 1.004449631240375229e+00 1.020650313857408120e+00 3.849968675726028744e-01
4.625000000000000000e+00 1.669488236360424205e+00 1.037293012230284361e+00 1.037827508361214512e+00 5.499662706685973790e-01
4.675000000000000711e+00 1.734213491759939441e+00 1.074866259380711453e+00 1.059034330086322750e+00 7.653654800493672195e-01
4.724999999999999645e+00 1.757125040075300682e+00 1.101838350276743927e+00 1.079701534920294081e+00 1.087889657620747963e+00
4.775000000000000355e+00 1.745467954744914119e+00 1.130116667188435065e+00 1.088968810843171431e+00 1.461308074430008208e+00
4.825000000000001066e+00 1.699722996034906730e+00 1.150156290015550198e+00 1.082847135989745135e+00 1.894586609332000737e+00
4.875000000000000000e+00 1.635662188993736610e+00 1.165744997380672165e+00 1.058579633902395178e+00 2.361851909662318505e+00
4.925000000000000711e+00 1.550633945831963345e+00 1.175884518600591289e+00 1.022330824962479179e+00 2.827004489282723299e+00
4.974999999999999645e+00 1.452811080698370727e+00 1.183942736014153230e+00 9.838765339054291736e-01 3.244507909568970838e+00
5.025000000000000355e+00 1.350056258739628756e+00 1.188884466338335111e+00 9.499764289403365147e-01 3.569274867867263445e+00
5.075000000000001066e+00 1.253600101234366715e+00 1.187463308008170904e+00 9.243820333819557922e-01 3.787928277327381466e+00
5.125000000000000000e+00 1.158358658077692116e+00 1.183778355126970494e+00 9.053449943762221785e-01 3.858240643258892266e+00
5.175000000000000711e+00 1.075678426810277477e+00 1.175304997953378061e+00 8.931723758207074093e-01 3.866568618836811577e+00
5.224999999999999645e+00 1.008417604487003461e+00 1.166443015007367023e+00 8.869498824127202141e-01 3.797398652772506988e+00
5.275000000000000355e+00 9.497003427777986895e-01 1.153949557284230210e+00 8.827801925263151217e-01 3.759800765853940074e+00
5.325000000000001066e+00 9.033261384790582937e-01 1.140913347543061507e+00 8.832523326074978032e-01 3.685750345250051296e+00
5.375000000000000000e+00 8.719353635618247722e-01 1.124218719110497089e+00 8.851736157009292283e-01 3.587046242527420326e+00
5.425000000000000711e+00 8.495873182171173044e-01 1.108390538923594182e+00 8.896880046087345395e-01 3.473045481085003328e+00
5.474999999999999645e+00 8.360236911102740809e-01 1.090657489925401347e+00 8.963239715365467486e-01 3.331018606617357491e+00
5.525000000000000355e+00 8.270696101583545623e-01 1.074479714115345264e+00 9.045649648341120841e-01 3.157076854996653470e+00
5.575000000000001066e+00 8.233958796101192856e-01 1.057156699659906440e+00 9.132659574952270987e-01 2.942794068620574688e+00
5.625000000000000000e+00 8.226288955798579661e-01 1.040939552426372705e+00 9.234047019565547743e-01 2.720050989032780642e+00
5.675000000000000711e+00 8.230341262636925448e-01 1.026444291279635657e+00 9.333854453114459604e-01 2.461448411398663438e+00
5.724999999999999645e+00 8.268422532212131859e-01 1.010737675200523267e+00 9.412819546228835543e-01 2.186124447453765107e+00
5.775000000000000355e+00 8.294873992614867353e-01 9.994597227374419912e-01 9.501569113127636967e-01 1.926042939702216739e+00
5.825000000000001066e+00 8.343041761393352740e-01 9.856955899655464037e-01 9.569794594958008771e-01 1.697511931889115422e+00
5.875000000000000000e+00 8.413161803391568938e-01 9.766860933647031340e-01 9.643995942851218972e-01 1.480311369193863413e+00
5.925000000000000711e+00 8.428076596045240843e-01 9.727663995478067482e-01 9.713458618821781965e-01 1.307458263451766411e+00
5.974999999999999645e+00 8.485157767215639746e-01 9.682985306765270472e-01 9.768487463524169190e-01 1.158634474456765595e+00
6.025000000000000355e+00 8.523732669972204912e-01 9.649476408121454574e-01 9.845251794826213043e-01 1.041456926524725324e+00
6.075000000000001066e+00 8.591620923016184408e-01 9.632107731575253462e-01 9.901842123799226014e-01 9.469033690645545231e-01
6.125000000000000000e+00 8.616213710539510906e-01 9.620349501440366158e-01 9.983273416588274163e-01 8.785210248730197513e-01
6.175000000000000711e+00 8.648915929084550758e-01 9.636503068701146590e-01 1.005395124365763726e+00 8.341006576491564184e-01
6.224999999999999645e+00 8.716646229544862123e-01 9.637527982508596880e-01 1.012638525938742928e+00 8.009975678861490644e-01
6.275000000000000355e+00 8.765224819043081483e-01 9.655536311304275809e-01 1.019670764355355308e+00 7.931574552014049040e-01
6.325000000000001066e+00 8.774326589410800237e-01 9.626883791846643224e-01 1.026214770139183274e+00 7.768041083082809495e-01
6.375000000000000000e+00 8.824507164388505354e-01 9.615416591980970873e-01 1.032577031129737533e+00 7.798522647832412114e-01
6.425000000000000711e+00 8.887127040627369468e-01 9.589179228594868487e-01 1.037660499403542547e+00 8.004267633565091966e-01
6.474999999999999645e+00 8.895768878415492020e-01 9.555353818519325415e-01 1.042383254982475416e+00 8.150713956375805758e-01
6.525000000000000355e+00 8.928537429102046952e-01 9.530239857278085536e-01 1.045643971978647224e+00 8.193057197604430852e-01
6.575000000000001066e+00 8.947063684263135697e-01 9.508718445943710185e-01 1.047595568501335617e+00 8.458875492415773856e-01
6.625000000000000000e+00 8.972429350339961029e-01 9.506842225439090521e-01 1.048996630674786656e+00 8.683547664596305005e-01
6.675000000000000711e+00 8.989382663114423577e-01 9.533287875153342306e-01 1.048593146143433685e+00 8.980814701781837384e-01
6.724999999999999645e+00 9.004725473583851114e-01 9.591831621751322201e-01 1.047859367530794783e+00 9.251786937924194598e-01
6.775000000000000355e+00 9.043618248435634221e-01 9.668293704118853249e-01 1.046528193107342020e+00 9.486744630210236506e-01
6.825000000000001066e+00 9.082651844466030910e-01 9.732451530057704137e-01 1.045281615631663774e+00 9.783455402966567682e-01
6.875000000000000000e+00 9.082159246722983914e-01 9.822844757020204876e-01 1.043302795023433927e+00 1.001435964231698117e+00
6.925000000000000711e+00 9.118797972800785079e-01 9.897468388972910924e-01 1.041311778458687831e+00 1.026856097775286747e+00
6.974999999999999645e+00 9.123324047637451084e-01 1.001601296080490977e+00 1.037957386174955809e+00 1.036685584139874106e+00
7.025000000000000355e+00 9.154305971826124377e-01 1.011512630052488593e+00 1.035537216097790703e+00 1.064204590945718509e+00
7.075000000000001066e+00 9.185499192129111812e-01 1.023752202191764438e+00 1.031785031883334147e+00 1.081542455101983879e+00
7.125000000000000000e+00 9.207113304505601947e-01 1.034067104702197648e+00 1.027393929002080375e+00 1.097375294841886451e+00
7.175000000000000711e+00 9.224388582116767044e-01 1.042636713084586386e+00 1.023263809027410209e+00 1.115547471331655549e+00
7.224999999999999645e+00 9.268816639363167686e-01 1.053259398390848256e+00 1.019296940680917141e+00 1.131410477702595507e+00
7.275000000000000355e+00 9.292905565344958818e-01 1.061252834964606651e+00 1.013580558678634169e+00 1.135416360623485943e+00
7.325000000000001066e+00 9.334922562413217051e-01 1.068070307825981669e+00 1.008500975540560729e+00 1.146643645974531944e+00
7.375000000000000000e+00 9.379637101355180473e-01 1.072669400707207288e+00 1.002296296973149703e+00 1.156590305869654500e+00
7.425000000000000711e+00 9.412626631391975973e-01 1.073676945837409580e+00 9.976499925757275067e-01 1.159405410771918277e+00
7.474999999999999645e+00 9.458255879097811070e-01 1.079884724233031390e+00 9.925003140156988257e-01 1.164880035365105204e+00
7.525000000000000355e+00 9.509620027727879732e-01 1.077780608787175298e+00 9.881140683481138831e-01 1.161099304546551858e+00
7.575000000000001066e+00 9.558544960783406097e-01 1.074694743894958782e+00 9.844246971516963374e-01 1.157563000730917446e+00
7.625000000000000000e+00 9.635266021629520505e-01 1.071027826295775753e+00 9.814091654938345011e-01 1.148894336054192999e+00
7.675000000000000711e+00 9.687107410813552422e-01 1.067315848856586591e+00 9.783505187995301666e-01 1.151926884054314426e+00
7.724999999999999645e+00 9.773635458000790033e-01 1.059506678181694861e+00 9.773665240036248925e-01 1.139500845264618700e+00
7.775000000000000355e+00 9.872274434781685981e-01 1.051212706479975889e+00 9.762629846312512738e-01 1.117640406679458742e+00
7.825000000000001066e+00 9.945796121279075752e-01 1.043575801531761771e+00 9.748964294754759452e-01 1.093719971738924102e+00
7.875000000000000000e+00 1.005686000180743944e+00 1.035999799910369612e+00 9.749386313526957615e-01 1.076259837189010193e+00
7.925000000000000711e+00 1.014780771428038353e+00 1.025780781769649819e+00 9.754602626741812887e-01 1.052075636826751204e+00
7.974999999999999645e+00 1.024780995972538022e+00 1.018352752701588759e+00 9.763784768975318773e-01 1.023869362580343445e+00
8.025000000000000355e+00 1.033834654370298978e+00 1.009058892768301741e+00 9.771617048751630730e-01 1.004343775729930943e+00
8.074999999999999289e+00 1.041766913984695897e+00 1.002263393638557432e+00 9.783269257534610297e-01 9.726125823440242568e-01
8.125000000000000000e+00 1.052776574501340878e+00 9.946823172326293427e-01 9.794983908861986110e-01 9.439249449920174007e-01
8.175000000000000711e+00 1.057144247724265851e+00 9.875321772187171110e-01 9.809228243444417794e-01 9.260811391090475464e-01
8.225000000000001421e+00 1.061671097451210910e+00 9.816173018468394851e-01 9.828459165401143283e-01 8.921018551817794240e-01
8.275000000000000355e+00 1.065770818508326556e+00 9.786098850921018943e-01 9.845683302434429240e-01 8.713528025500604235e-01
8.324999999999999289e+00 1.068026142050238159e+00 9.726024649947078160e-01 9.864844441087189386e-01 8.502202213227308958e-01
8.375000000000000000e+00 1.070192077492263527e+00 9.712203043650989853e-01 9.881885213777110710e-01 8.376649811029865944e-01
8.425000000000000711e+00 1.071429833800636278e+00 9.692316334731704286e-01 9.901977703033933986e-01 8.247351168136994870e-01
8.475000000000001421e+00 1.068753665340387737e+00 9.675464551400192459e-01 9.918448619346855732e-01 8.152012158222419203e-01
8.525000000000000355e+00 1.068159464862871166e+00 9.689004004635718426e-01 9.934927029977179691e-01 8.176748833922217186e-01
8.574999999999999289e+00 1.066168651435332348e+00 9.689591620022617313e-01 9.953255071519006014e-01 8.154063475927225690e-01
8.625000000000000000e+00 1.061331713771232366e+00 9.699862224817460410e-01 9.964989604885085006e-01 8.110171639019713163e-01
8.675000000000000711e+00 1.056202465421556269e+00 9.702263446998169449e-01 9.981772588725095208e-01 8.195193299133936016e-01
8.725000000000001421e+00 1.052626103774170208e+00 9.722185439552685216e-01 9.995956420731247904e-01 8.177164690133374991e-01
8.775000000000000355e+00 1.045320477198735221e+00 9.743286044599396289e-01 1.000681426337707514e+00 8.297010780316202982e-01
8.824999999999999289e+00 1.041660179790432350e+00 9.761395718178452752e-01 1.002435665609421322e+00 8.382497030692078743e-01
8.875000000000000000e+00 1.036509154841615876e+00 9.800474486363670579e-01 1.003285388512498155e+00 8.493362904064382102e-01
8.925000000000000711e+00 1.028953737723684148e+00 9.807648649160483068e-01 1.004255835679834563e+00 8.615807615260737684e-01
8.975000000000001421e+00 1.024066584292806059e+00 9.825826264622103956e-01 1.004834223683328753e+00 8.626788413888041296e-01
9.025000000000000355e+00 1.020328685884310804e+00 9.834936817822630406e-01 1.005322647304900840e+00 8.651506733802577509e-01
9.074999999999999289e+00 1.014213173342278562e+00 9.862311646947987676e-01 1.006144809823327213e+00 8.807738963388984654e-01
9.125000000000000000e+00 1.010364682146668081e+00 9.877220630576770688e-01 1.006406318825897817e+00 8.888466170158174640e-01
9.175000000000000711e+00 1.007527814507578334e+00 9.901655949312732075e-01 1.006305932028724870e+00 8.870565246899572154e-01
9.225000000000001421e+00 1.003299223729019918e+00 9.909049683218261739e-01 1.007031585859287093e+00 9.051335682315905240e-01
9.275000000000000355e+00 9.994138883520399252e-01 9.927716302701083961e-01 1.006822609146223568e+00 9.052638402008998941e-01
9.324999999999999289e+00 9.958025829047874034e-01 9.934751503848247012e-01 1.006449147841605107e+00 9.157935442422638905e-01
9.375000000000000000e+00 9.948638170899261057e-01 9.943311370917321534e-01 1.006442873394952642e+00 9.217496030630666359e-01
9.425000000000000711e+00 9.934753708721412169e-01 9.971091952177288942e-01 1.005639832980570691e+00 9.186703121376124104e-01
9.475000000000001421e+00 9.911875619416381511e-01 9.983249134046349171e-01 1.005590239758892945e+00 9.258766536500343536e-01
9.525000000000000355e+00 9.901524003715072020e-01 9.986555677919910501e-01 1.005110417895202612e+00 9.270588032149648106e-01
9.575000000000001066e+00 9.889750906400719410e-01 9.995986001257434195e-01 1.004723528195001103e+00 9.339498589696807462e-01
9.625000000000000000e+00 9.881240938226146797e-01 1.001149459787924467e+00 1.004529656344226973e+00 9.288073698732826067e-01
9.675000000000000711e+00 9.902808820356944208e-01 1.001378769690833836e+00 1.004026408717011876e+00 9.272603495429450060e-01
9.725000000000001421e+00 9.890562872275322492e-01 1.002124679965606946e+00 1.003195447994493117e+00 9.302029007234402513e-01
9.775000000000000355e+00 9.901065517281181227e-01 1.002030351392795060e+00 1.002861678578707672e+00 9.319374967259654863e-01
9.825000000000001066e+00 9.899420379026989680e-01 1.001442892066751078e+00 1.002552203328758829e+00 9.376590549837986455e-01
9.875000000000000000e+00 9.921888846518518434e-01 1.002192893089404180e+00 1.002843737842048721e+00 9.270070240327876743e-01
9.925000000000000711e+00 9.950020420058297566e-01 1.001685289287061353e+00 1.002273288908884341e+00 9.300976299585729246e-01
9.975000000000001421e+00 9.941568577562978071e-01 1.000117839223571448e+00 1.002559375978222311e+00 9.303085281920674410e-01
1.002500000000000036e+01 9.953103966011050963e-01 9.998655315822323475e-01 1.002520328729762378e+00 9.231221702160632425e-01
1.007500000000000107e+01 9.987633383265931419e-01 9.981101697719662047e-01 1.002156792331396318e+00 9.265204495622835212e-01
1.012500000000000000e+01 1.002644518167607135e+00 9.984747218832353832e-01 1.002410426501956220e+00 9.249788832270317007e-01
1.017500000000000071e+01 1.003820749659915412e+00 9.968011794792843716e-01 1.002587030136700585e+00 9.147495499231037552e-01
1.022500000000000142e+01 1.004916024557674925e+00 9.949686166632657480e-01 1.001830545631525737e+00 9.188579272848460544e-01
1.027500000000000036e+01 1.008111510934081911e+00 9.943390179137362450e-01 1.002765042721018185e+00 9.173707667001050892e-01
1.032500000000000107e+01 1.010745698613960908e+00 9.943218037097042439e-01 1.002701901930211914e+00 9.127804719601194661e-01
1.037500000000000000e+01 1.012367341432359513e+00 9.922714221172393989e-01 1.002704193080511841e+00 9.181449922267403974e-01
1.042500000000000071e+01 1.014172637226669504e+00 9.935078234732384050e-01 1.002470846892125067e+00 9.075095024299933977e-01
1.047500000000000142e+01 1.014959619888814224e+00 9.899475578281092814e-01 1.002926435370393055e+00 9.110545175817910124e-01
1.052500000000000036e+01 1.016149174392257715e+00 9.904340153083782683e-01 1.002860063523902667e+00 9.070965833057582639e-01
1.057500000000000107e+01 1.017069367066520291e+00 9.910809108888198882e-01 1.002685847774011263e+00 9.121685517405165866e-01
1.062500000000000000e+01 1.019089061622998171e+00 9.908039425916036480e-01 1.002659699504306889e+00 9.086051812827135032e-01
1.067500000000000071e+01 1.019037045874057412e+00 9.901666245157627610e-01 1.002546682242441811e+00 9.092609039982738617e-01
1.072500000000000142e+01 1.020148189312071185e+00 9.897348797113593166e-01 1.001974811261324927e+00 9.060275434401809935e-01
1.077500000000000036e+01 1.020107651060309539e+00 9.900993245812604870e-01 1.002145161617683078e+00 9.053204729532460249e-01
1.082500000000000107e+01 1.019762461462127012e+00 9.905611760239528829e-01 1.001744283232113730e+00 9.075357204083280838e-01
1.087500000000000000e+01 1.022793556686805161e+00 9.907504523011412267e-01 1.001114477233579825e+00 9.095439370055173889e-01
1.092500000000000071e+01 1.020938055350581797e+00 9.918678381799241883e-01 1.001081247198004398e+00 9.108681457166540874e-01
1.097500000000000142e+01 1.019751921847234399e+00 9.918709165421875085e-01 1.000232806286341480e+00 9.116693081673616916e-01
1.102500000000000036e+01 1.019372361425403106e+00 9.917215070337391802e-01 1.000365530848553952e+00 9.135320176338558307e-01
1.107500000000000107e+01 1.018768425778512565e+00 9.937120534422424489e-01 9.998671576284755558e-01 9.127299889865894134e-01
1.112500000000000000e+01 1.019298436309950651e+00 9.935416653132643772e-01 9.994263150917641614e-01 9.147781493582225476e-01
1.117500000000000071e+01 1.016720070007666843e+00 9.933374273537621812e-01 9.994454340969206596e-01 9.195193688696315926e-01
1.122500000000000142e+01 1.016325906762703735e+00 9.943682820839840897e-01 9.992211360035527790e-01 9.266491153249913904e-01
1.127500000000000036e+01 1.015297080600399582e+00 9.945672751884129248e-01 9.987224559084868503e-01 9.289684465676655289e-01
1.132500000000000107e+01 1.013726749593698795e+00 9.957017745258347485e-01 9.985081354316530655e-01 9.311635313818760196e-01
1.137500000000000000e+01 1.013194426784613578e+00 9.953108059997858303e-01 9.984972095303291661e-01 9.379601921955492694e-01
1.142500000000000071e+01 1.011216510974037641e+00 9.956378348901511188e-01 9.985594721231230153e-01 9.379554043557464249e-01
1.147500000000000142e+01 1.010728590003245886e+00 9.961489360596085252e-01 9.980774760448287708e-01 9.389046234384035294e-01
1.152500000000000036e+01 1.009763348158007279e+00 9.968081253623607418e-01 9.982242377740307981e-01 9.445016410141213736e-01
1.157500000000000107e+01 1.009794193628853254e+00 9.972203929476121109e-01 9.981836937058874426e-01 9.512185747147030579e-01
1.162500000000000000e+01 1.007722632722675149e+00 9.971233840378638247e-01 9.980519064928847772e-01 9.533082228130684843e-01
1.167500000000000071e+01 1.007414301935970480e+00 9.978529133278742913e-01 9.981890146503678007e-01 9.543046377372811362e-01
1.172500000000000142e+01 1.006523471396702840e+00 9.981014377902659440e-01 9.983804915228672305e-01 9.597606166348559009e-01
1.177500000000000036e+01 1.007298082295981834e+00 9.977654715270125596e-01 9.982980461423864860e-01 9.707938319635034397e-01
1.182500000000000107e+01 1.005611539397079923e+00 9.974854809509768883e-01 9.984922522246868493e-01 9.665672206958751955e-01
1.187500000000000000e+01 1.006265178713368513e+00 9.985452337497732200e-01 9.983782824987346149e-01 9.688308906929280484e-01
1.192500000000000071e+01 1.005688697799999254e+00 9.992476742404712287e-01 9.990656574251748356e-01 9.692824936643837930e-01
1.197500000000000142e+01 1.005407950862014177e+00 9.983069255441554546e-01 9.987871249040166655e-01 9.769266220057297723e-01
1.202500000000000036e+01 1.004500439786610633e+00 9.993105463707858682e-01 9.992400909336123238e-01 9.793600616862868646e-01
1.207500000000000107e+01 1.005028185648128680e+00 9.999559934335116029e-01 9.996982858688241436e-01 9.856961474835039816e-01
1.212500000000000000e+01 1.003864275043532484e+00 9.986749375546776220e-01 9.998631843455761947e-01 9.871608838808723085e-01
1.217500000000000071e+01 1.004050872910281500e+00 1.000024482646840962e+00 9.999365784085194608e-01 9.916210949443514666e-01
1.222500000000000142e+01 1.003990237301563893e+00 9.996860885427616417e-01 1.000102260331497295e+00 9.855200362029364891e-01
1.227500000000000036e+01 1.005629440297375998e+00 9.992962449180829987e-01 1.000350255299838231e+00 9.943135698866585326e-01
1.232500000000000107e+01 1.004094588372680397e+00 1.000761464329022354e+00 1.000681108208785197e+00 9.988429474795336160e-01
1.237500000000000000e+01 1.004572176801752370e+00 1.000689683743871683e+00 1.000495531562485940e+00 1.000358118111700501e+00
1.242500000000000071e+01 1.003713956913390160e+00 9.993155016463808327e-01 1.001171613683912831e+00 1.001659574273269904e+00
1.247500000000000142e+01 1.003307973530477737e+00 1.000743170904984103e+00 1.001123073810769704e+00 1.002057831792216636e+00
1.252500000000000036e+01 1.002313940055876929e+00 1.000630959921204655e+00 1.001218388417868921e+00 1.001065704550318625e+00
1.257500000000000107e+01 1.001928095736229984e+00 1.001070429652157312e+00 1.001180893925776472e+00 1.005237929693043153e+00
1.262500000000000000e+01 1.002138171990752724e+00 1.000660045880030102e+00 1.001428213463546157e+00 1.006169617211624345e+00
1.267500000000000071e+01 1.002157108627183435e+00 1.000200019761810166e+00 1.001611955805936205e+00 1.007985843948252747e+00
1.272500000000000142e+01 1.000552050159510653e+00 1.000603789292539236e+00 1.001483729214086349e+00 1.006093381540986709e+00
1.277500000000000036e+01 1.000246683657334046e+00 1.000175620018667777e+00 1.001345730705465842e+00 1.010809562880561341e+00
1.282500000000000107e+01 9.999416215396685903e-01 1.001580743702420229e+00 1.001590396187024945e+00 1.012019679989883958e+00
1.287500000000000000e+01 9.995964518919030484e-01 1.000734903349520311e+00 1.001558896474557647e+00 1.015020732111742596e+00
1.292500000000000071e+01 9.995854068916313340e-01 1.001031309232176092e+00 1.001561338550104763e+00 1.011197501194686765e+00
1.297500000000000142e+01 9.999964327467650849e-01 1.000999139493115031e+00 1.001376367568820536e+00 1.013126721015804810e+00
1.302500000000000036e+01 9.986458046344101058e-01 1.001106637623432549e+00 1.001458028428898084e+00 1.015157324474630363e+00
1.307500000000000107e+01 9.968245455770523566e-01 1.001644261025082638e+00 1.001038972077577416e+00 1.017150928638675733e+00
1.312500000000000000e+01 9.969690853524902918e-01 1.001853230684164098e+00 1.001293733484850179e+00 1.011861021500822133e+00
1.317500000000000071e+01 9.966159693473052306e-01 1.001706332177448866e+00 1.000889602975735038e+00 1.012714451820127204e+00
1.322500000000000142e+01 9.957832152658256941e-01 1.001587861581841432e+00 1.000861766662278995e+00 1.015235496420384464e+00
1.327500000000000036e+01 9.966920356433788264e-01 1.002525747538321799e+00 1.000863099697082426e+00 1.016251251692682267e+00
1.332500000000000107e+01 9.958043020791759181e-01 1.001763440397577476e+00 1.000957397612423527e+00 1.018918439802850795e+00
1.337500000000000000e+01 9.962129029194736196e-01 1.001615167782886173e+00 1.000434322395420628e+00 1.015312165011639678e+00
1.342500000000000071e+01 9.966107708435172352e-01 1.001435110927197947e+00 1.000085503904561302e+00 1.015519747811497231e+00
1.347500000000000142e+01 9.958176513163905508e-01 1.001766449604754472e+00 1.000107243134490842e+00 1.016575215714227820e+00
1.352500000000000036e+01 9.962076857580222100e-01 1.002748924597713476e+00 1.000040287903048775e+00 1.019022995198054504e+00
1.357500000000000107e+01 9.954446221137273065e-01 1.002220345639105670e+00 9.999132223802813524e-01 1.016446779909098597e+00
1.362500000000000000e+01 9.943349566262154049e-01 1.002676151212688715e+00 9.999759205916631810e-01 1.012781789562563484e+00
1.367500000000000071e+01 9.948842543562811391e-01 1.001840937728366576e+00 9.995927061301450589e-01 1.018449484728596754e+00
1.372500000000000142e+01 9.957347337302123735e-01 1.003065510186401887e+00 9.994615553830790144e-01 1.014501083735150688e+00
1.377500000000000036e+01 9.957803294785707582e-01 1.002155549823874336e+00 9.993697191375870981e-01 1.013271243157354951e+00
1.382500000000000107e+01 9.964799242357380571e-01 1.002339324074383198e+00 9.995533361256284666e-01 1.015071315138951880e+00
1.387500000000000000e+01 9.964633447038052649e-01 1.002507566955682439e+00 9.993460505879174782e-01 1.012658566011629402e+00
1.392500000000000071e+01 9.966497068874179410e-01 1.002501328952207560e+00 9.992456312326457590e-01 1.015504959607618218e+00
1.397500000000000142e+01 9.973600108328564140e-01 1.001669098912152389e+00 9.992386413687730506e-01 1.016748726732500163e+00
1.402500000000000036e+01 9.969869368108238428e-01 1.001960525292588722e+00 9.989182967710759087e-01 1.012567458006363941e+00
1.407500000000000107e+01 9.970026200019591611e-01 1.002703648138548953e+00 9.990216670263912802e-01 1.018586479053787741e+00
1.412500000000000000e+01 9.972150731891321618e-01 1.001794415546272576e+00 9.993570795241428772e-01 1.015954469657398107e+00
1.417500000000000071e+01 9.976521863763045950e-01 1.002520743748782417e+00 9.992212337042383208e-01 1.018421440178371995e+00
1.422500000000000142e+01 9.975558445513311723e-01 1.002633458227803587e+00 9.991317427463050072e-01 1.017768797510975709e+00
1.427500000000000036e+01 9.984034209153173078e-01 1.002004303342886926e+00 9.991221516941521941e-01 1.018086687135134394e+00
1.432500000000000107e+01 9.970637048829988913e-01 1.001317859837327129e+00 9.992353751269017481e-01 1.018813424061836725e+00
1.437500000000000000e+01 9.977933012327580009e-01 1.001671467051550524e+00 9.991083950441247419e-01 1.017838616264433282e+00
1.442500000000000071e+01 9.986445233895088203e-01 1.002313800105076425e+00 9.992231215035451974e-01 1.019469232802524772e+00
1.447500000000000142e+01 9.990747692698231930e-01 1.001936601668305116e+00 9.992160873355074857e-01 1.018324540296984937e+00
1.452500000000000036e+01 9.992857590459881534e-01 1.001371559180423532e+00 9.991045654063761550e-01 1.015452676633475715e+00
1.457500000000000107e+01 9.988161321465510722e-01 1.002387073177188892e+00 9.994201274486844699e-01 1.016057678452564561e+00
1.462500000000000000e+01 9.994926473815956003e-01 1.001740336833859324e+00 9.997188380042841827e-01 1.019832431682024199e+00
1.467500000000000071e+01 9.994713051315305963e-01 1.001905540090267221e+00 9.997051859271424146e-01 1.021215269948220206e+00
1.472500000000000142e+01 9.996375205821412813e-01 1.001337327212592054e+00 9.995600770639757604e-01 1.016243681261500997e+00
1.477500000000000036e+01 9.992587669761000546e-01 1.001607637858828781e+00 9.996965065575267317e-01 1.018297945105575364e+00
1.482500000000000107e+01 9.981466258888943566e-01 1.001833888069100897e+00 9.996786493033028576e-01 1.013173357487474613e+00
1.487500000000000000e+01 9.997723083696838930e-01 1.002055255606396633e+00 9.995895641067513715e-01 1.016927709313878658e+00
1.492500000000000071e+01 9.986043077736423967e-01 1.002255156712720918e+00 9.994309501459349709e-01 1.015643917299502430e+00
1.497500000000000142e+01 9.994385053947195674e-01 1.001881817634865390e+00 9.999634970852261384e-01 1.015327471170720530e+00
1.502500000000000036e+01 9.992553961669226048e-01 1.002027535964593596e+00 9.998352648069421811e-01 1.015135911516274803e+00
1.507500000000000107e+01 9.995159272287150731e-01 1.001745929166538485e+00 9.996931819117089724e-01 1.017155749480831650e+00
1.512500000000000000e+01 9.982641749181931923e-01 1.001778754723968046e+00 9.997071785421021151e-01 1.015192718849629916e+00
1.517500000000000071e+01 9.982361634140661799e-01 1.002183313931080066e+00 9.998425710537536260e-01 1.015632702878154436e+00
1.522500000000000142e+01 9.981138507068803012e-01 1.001392912631921650e+00 9.997529711788299966e-01 1.018188895338953959e+00
1.527500000000000036e+01 9.984859820697460364e-01 1.001834856918437433e+00 1.000016085714194203e+00 1.014209407241937422e+00
1.532500000000000107e+01 9.975559179319494207e-01 1.001867677859467287e+00 9.995406197952771965e-01 1.014788824934519162e+00
1.537500000000000000e+01 9.978048474449435767e-01 1.002026483229395026e+00 9.996837321096022633e-01 1.015330720059475667e+00
1.542500000000000071e+01 9.980779209451255962e-01 1.000789344753940879e+00 9.999795321268608594e-01 1.008139222860387152e+00
1.547500000000000142e+01 9.979095697041328039e-01 1.001752358564803158e+00 1.000052507774991106e+00 1.014381372005093596e+00
1.552500000000000036e+01 9.966501824977135326e-01 1.001280809988574605e+00 1.000133152405789705e+00 1.010925630682908416e+00
1.557500000000000107e+01 9.982692932284185083e-01 1.001713195561276804e+00 9.997216902973400376e-01 1.012065173024790932e+00
1.562500000000000000e+01 9.968207770142009094e-01 1.001619479718564909e+00 1.000030939945549147e+00 1.008544030001253589e+00
1.567500000000000071e+01 9.975058250034903873e-01 1.001764509249082558e+00 9.996734714122140764e-01 1.008874371233050571e+00
1.572500000000000142e+01 9.968187440120729326e-01 1.001437028763430659e+00 9.998547488506888126e-01 1.005013655319847210e+00
1.577500000000000036e+01 9.967247281912559043e-01 1.000451132374039265e+00 9.999652910227692093e-01 1.008085762791030904e+00
1.582500000000000107e+01 9.972897344123278218e-01 1.001151501732750360e+00 9.999811635137795252e-01 1.005347536143586629e+00
1.587500000000000000e+01 9.969053825574516470e-01 1.001425463110650949e+00 1.000092744542046441e+00 1.008347098862872881e+00
1.592500000000000071e+01 9.971974642804524169e-01 1.001062574748191825e+00 9.999359580493577537e-01 1.002662445107456168e+00
1.597500000000000142e+01 9.971965244740793599e-01 1.000835613985941341e+00 1.000137443787960434e+00 1.002989728870164354e+00
1.602499999999999858e+01 9.971027443396536238e-01 1.001030816807755963e+00 9.999832351599481362e-01 1.003753604218275752e+00
1.607500000000000284e+01 9.968837795196501261e-01 1.001529334085842660e+00 1.000041562374512250e+00 1.002952410936649219e+00
1.612500000000000000e+01 9.979374347052993866e-01 1.001469838516853450e+00 1.000078737880076174e+00 9.986728613222070061e-01
1.617500000000000071e+01 9.983632985903150292e-01 1.001332916677359020e+00 9.999059994697564457e-01 1.001090465098303905e+00
1.622500000000000142e+01 9.982982034004264094e-01 1.001238439497090571e+00 9.997567922554948527e-01 9.998334798642175558e-01
1.627499999999999858e+01 9.985261469315761529e-01 1.000210575278118075e+00 1.000148087308840195e+00 1.001280503096560359e+00
1.632500000000000284e+01 9.978336237953649990e-01 1.000779247373434044e+00 9.997642069781775831e-01 1.000219966241903347e+00
1.637500000000000000e+01 9.986345791669357652e-01 1.000908192024525745e+00 9.999641124457051555e-01 9.999372118871083792e-01
1.642500000000000071e+01 9.979841556516834133e-01 1.001297972624377142e+00 9.999302137599423990e-01 9.984787102713755802e-01
1.647500000000000142e+01 9.989357705691669365e-01 1.001092535842496245e+00 9.999537109685896485e-01 1.000078402838043168e+00
1.652499999999999858e+01 9.989877510658721205e-01 1.000543997154458298e+00 9.998955467761023730e-01 9.957556155198760139e-01
1.657500000000000284e+01 9.986468536790751305e-01 1.000379086262869865e+00 9.998751827080187837e-01 9.987352782934311168e-01
1.662500000000000000e+01 9.988694485392204392e-01 1.000138858958590449e+00 1.000098241282407763e+00 1.000188378891272878e+00
1.667500000000000071e+01 9.991659463254662921e-01 9.999748559294584505e-01 1.000238648028932031e+00 1.001439018244832280e+00
1.672500000000000142e+01 9.997666279425270197e-01 1.000571295512697079e+00 1.000011204360346184e+00 1.002570184694816957e+00
1.677499999999999858e+01 9.998922038710112981e-01 1.000464179030059908e+00 9.999874254153615638e-01 9.959564270578434853e-01
1.682500000000000284e+01 1.000022771206304784e+00 1.000709965750969266e+00 9.998605706279799499e-01 9.999936370311514056e-01
1.687500000000000000e+01 9.989288114320151735e-01 9.990692213562456514e-01 9.985862870922516121e-01 9.961515301696237668e-01
1.692500000000000071e+01 9.940786920458783982e-01 9.948387634744549901e-01 9.941270263554365938e-01 9.928979497122270015e-01
1.697500000000000142e+01 9.867199863727484921e-01 9.871472135981654850e-01 9.864543832358765307e-01 9.871029598121547899e-01
1.702499999999999858e+01 9.781192216009380047e-01 9.790077702657561387e-01 9.780594377869666900e-01 9.758249907561609149e-01
1.707500000000000284e+01 9.691220825230980607e-01 9.700212111755945887e-01 9.690486945080956094e-01 9.645303520209103088e-01
1.712500000000000000e+01 9.608367477064060358e-01 9.607110502482328895e-01 9.603906933625659947e-01 9.583586567030607517e-01
1.717500000000000071e+01 9.524359689907850868e-01 9.527051707909520717e-01 9.519178000466680389e-01 9.529306351165049982e-01
1.722500000000000142e+01 9.434759197181407098e-01 9.436167718591097486e-01 9.433082271987792700e-01 9.419731135752384965e-01
1.727499999999999858e+01 9.357396539818574333e-01 9.348738846513917622e-01 9.345346761473541930e-01 9.322973898341920806e-01
1.732500000000000284e+01 9.268892289012001795e-01 9.270885522914029675e-01 9.260923258843410943e-01 9.242587433662894369e-01
1.737500000000000000e+01 9.186813691262584181e-01 9.182667301181327568e-01 9.180029892876362396e-01 9.148516690402447304e-01
1.742500000000000071e+01 9.106170254347021320e-01 9.093900835533114124e-01 9.092746364336312670e-01 9.046656161024534404e-01
1.747500000000000142e+01 9.023916056325803625e-01 9.013821153129334407e-01 9.010161740547393272e-01 8.957386611949504918e-01
1.752499999999999858e+01 8.938159175281497060e-01 8.934125180871868022e-01 8.927214032054610060e-01 8.902335212619747473e-01
1.757500000000000284e+01 8.851405481120265817e-01 8.845167096263322204e-01 8.845408066995125163e-01 8.780073688340201965e-01
1.762500000000000000e+01 8.768086403334196532e-01 8.765696144103363174e-01 8.764338189578213534e-01 8.683733574733742966e-01
1.767500000000000071e+01 8.691578413469219777e-01 8.686927966340840523e-01 8.683928668106032367e-01 8.621546333026057773e-01
1.772500000000000142e+01 8.606784966543612470e-01 8.606658432408156312e-01 8.602628349106465899e-01 8.582040584891211799e-01
1.777499999999999858e+01 8.538433748424300029e-01 8.517131140672885570e-01 8.521989088554930980e-01 8.460042357472525865e-01
1.782500000000000284e+01 8.450377570790091886e-01 8.442222127230304407e-01 8.443238393364941308e-01 8.386293389009150667e-01
1.787500000000000000e+01 8.379685490601702647e-01 8.362537207205850143e-01 8.361474601798016826e-01 8.250864799834362051e-01
1.792500000000000071e+01 8.284953393828417001e-01 8.278796734480871056e-01 8.284580348240857539e-01 8.216467647479989145e-01
1.797500000000000142e+01 8.216691544603692554e-01 8.204029724427321923e-01 8.205296321326674969e-01 8.125991546669890653e-01
1.802499999999999858e+01 8.134555686148005060e-01 8.121039762211941238e-01 8.125105800080548724e-01 8.043199870021218167e-01
1.807500000000000284e+01 8.059225376984529010e-01 8.047041163964693267e-01 8.046964304980970262e-01 7.988250745185762058e-01
1.812500000000000000e+01 7.976688637180135988e-01 7.968905941874315779e-01 7.970844101685016225e-01 7.883668172887833281e-01
1.817500000000000071e+01 7.898533358274025806e-01 7.891315586964284812e-01 7.894217772676060951e-01 7.816592783393068178e-01
1.822500000000000142e+01 7.826784273667880543e-01 7.818671310093893156e-01 7.816423737740514355e-01 7.730793121550462166e-01
1.827499999999999858e+01 7.747547847894868944e-01 7.741884460175018079e-01 7.743697478759848929e-01 7.694899628707408956e-01
1.832500000000000284e+01 7.676948138597290416e-01 7.662613916151683746e-01 7.666103018464370811e-01 7.569978085740000084e-01
1.837500000000000000e+01 7.596311034885208091e-01 7.586682594572023985e-01 7.591551105293089519e-01 7.523123161870349795e-01
1.842500000000000071e+01 7.524703748368872791e-01 7.515311374152982005e-01 7.516440295836555041e-01 7.444144352563186740e-01
1.847500000000000142e+01 7.449308457898587976e-01 7.438543233012627764e-01 7.441875994817132023e-01 7.359458013529132092e-01
1.852499999999999858e+01 7.376732200187244848e-01 7.365384530258012319e-01 7.367407464095404590e-01 7.274604987366487530e-01
1.857500000000000284e+01 7.305607294897950021e-01 7.293522673620579377e-01 7.295014457348555359e-01 7.234411140114520578e-01
1.862500000000000000e+01 7.227717209148806221e-01 7.220643214234288010e-01 7.220763823166947981e-01 7.156137242687287126e-01
1.867500000000000071e+01 7.157031079144446917e-01 7.146572447914844028e-01 7.149819196047143555e-01 7.068575935806722388e-01
1.872500000000000142e+01 7.080804002462409708e-01 7.069438825750572475e-01 7.076044501387598329e-01 7.001291637472453200e-01
1.877499999999999858e+01 7.011939240054249067e-01 7.003413862159869607e-01 7.002857425983306516e-01 6.926456394141268236e-01
1.882500000000000284e+01 6.939177293967689897e-01 6.929909111518102183e-01 6.930838692262824008e-01 6.873949598162956143e-01
1.887500000000000000e+01 6.869790769299818356e-01 6.862975776970865471e-01 6.860214366054605550e-01 6.799276749975960987e-01
1.892500000000000071e+01 6.797651083447104892e-01 6.790372112103548741e-01 6.789618505013195193e-01 6.712859023322198526e-01
1.897500000000000142e+01 6.728493102195717279e-01 6.717471967445470815e-01 6.718770446398104612e-01 6.643836106880257608e-01
1.902499999999999858e+01 6.654314087216219864e-01 6.648076326981423589e-01 6.649463354252475034e-01 6.590374903552799202e-01
1.907500000000000284e+01 6.587997839697361524e-01 6.576424674565855000e-01 6.579189205056523715e-01 6.546237662415681502e-01
1.912500000000000000e+01 6.520161583521352222e-01 6.509476130777676062e-01 6.509822914012762807e-01 6.460993420145061394e-01
1.917500000000000426e+01 6.447577425730888212e-01 6.438760661156952558e-01 6.441224579464372990e-01 6.384624668605337616e-01
1.922500000000000142e+01 6.374142686177783901e-01 6.372776417748028388e-01 6.371314808868370205e-01 6.317406476746995070e-01
1.927499999999999858e+01 6.307022304450524697e-01 6.306846326130690628e-01 6.304809454944634295e-01 6.249765816004724250e-01
1.932500000000000284e+01 6.243519053249132478e-01 6.237001036759650674e-01 6.235680080144266890e-01 6.210516416411615559e-01
1.937500000000000000e+01 6.173458770543531760e-01 6.165735932211082737e-01 6.166529192138363591e-01 6.120142133621215841e-01
1.942500000000000426e+01 6.109094984492534630e-01 6.094427898843199909e-01 6.100107748621781401e-01 6.039716212211688751e-01
1.947500000000000142e+01 6.037654094444956376e-01 6.030132503045150250e-01 6.033649807407804877e-01 5.985920239767636986e-01
1.952499999999999858e+01 5.975673378832864202e-01 5.967108686284424701e-01 5.966378796512070704e-01 5.935483371991805424e-01
1.957500000000000284e+01 5.899082084253992608e-01 5.899830607984922759e-01 5.900897438102348236e-01 5.866398394744464229e-01
1.962500000000000000e+01 5.841320121891470096e-01 5.834990475523668119e-01 5.834459350647906994e-01 5.769877820239937005e-01
1.967500000000000426e+01 5.766443821146206572e-01 5.767006523743958279e-01 5.767751373804789194e-01 5.732317759459110151e-01
1.972500000000000142e+01 5.710480130385475750e-01 5.702280768003120670e-01 5.703064078470937437e-01 5.652306727134882580e-01
1.977499999999999858e+01 5.645356242465685570e-01 5.638603878242909317e-01 5.638595603474814144e-01 5.598575994626068253e-01
1.982500000000000284e+01 5.570555695390240203e-01 5.576905398817557646e-01 5.572311385246369042e-01 5.536962415406543325e-01
1.987500000000000000e+01 5.516676352805708339e-01 5.503010252643943945e-01 5.509972833221025157e-01 5.484233107071350144e-01
1.992500000000000426e+01 5.452285306722410851e-01 5.445064866861668573e-01 5.445158291141045659e-01 5.407003987308790505e-01
1.997500000000000142e+01 5.384022571708509952e-01 5.378804560449098604e-01 5.380966128070356902e-01 5.341844813872987929e-01
