# r (Angstroms), cation-water g(r), anion-water g(r), water-water g(r), cation-anion g(r)
2.500000000000000139e-02 0.000000000000000000e+00 0.000000000000000000e+00 6.112562032927640394e+04 0.000000000000000000e+00
7.500000000000001110e-02 0.000000000000000000e+00 0.000000000000000000e+00 0.000000000000000000e+00 0.000000000000000000e+00
1.250000000000000000e-01 0.000000000000000000e+00 0.000000000000000000e+00 0.000000000000000000e+00 0.000000000000000000e+00
1.750000000000000167e-01 0.000000000000000000e+00 0.000000000000000000e+00 0.000000000000000000e+00 0.000000000000000000e+00
2.250000000000000056e-01 0.000000000000000000e+00 0.000000000000000000e+00 0.000000000000000000e+00 0.000000000000000000e+00
2.750000000000000222e-01 0.000000000000000000e+00 0.000000000000000000e+00 0.000000000000000000e+00 0.000000000000000000e+00
3.250000000000000666e-01 0.000000000000000000e+00 0.000000000000000000e+00 0.000000000000000000e+00 0.000000000000000000e+00
3.750000000000000000e-01 0.000000000000000000e+00 0.000000000000000000e+00 0.000000000000000000e+00 0.000000000000000000e+00
4.250000000000000444e-01 0.000000000000000000e+00 0.000000000000000000e+00 0.000000000000000000e+00 0.000000000000000000e+00
4.749999999999999778e-01 0.000000000000000000e+00 0.000000000000000000e+00 0.000000000000000000e+00 0.000000000000000000e+00
5.250000000000000222e-01 0.000000000000000000e+00 0.000000000000000000e+00 0.000000000000000000e+00 0.000000000000000000e+00
5.750000000000000666e-01 0.000000000000000000e+00 0.000000000000000000e+00 0.000000000000000000e+00 0.000000000000000000e+00
6.250000000000000000e-01 0.000000000000000000e+00 0.000000000000000000e+00 0.000000000000000000e+00 0.000000000000000000e+00
6.750000000000000444e-01 0.000000000000000000e+00 0.000000000000000000e+00 0.000000000000000000e+00 0.000000000000000000e+00
7.250000000000000888e-01 0.000000000000000000e+00 0.000000000000000000e+00 0.000000000000000000e+00 0.000000000000000000e+00
7.750000000000000222e-01 0.000000000000000000e+00 0.000000000000000000e+00 0.000000000000000000e+00 0.000000000000000000e+00
8.250000000000000666e-01 0.000000000000000000e+00 0.000000000000000000e+00 0.000000000000000000e+00 0.000000000000000000e+00
8.750000000000000000e-01 0.000000000000000000e+00 0.000000000000000000e+00 0.000000000000000000e+00 0.000000000000000000e+00
9.250000000000000444e-01 0.000000000000000000e+00 0.000000000000000000e+00 0.000000000000000000e+00 0.000000000000000000e+00
9.750000000000000888e-01 0.000000000000000000e+00 0.000000000000000000e+00 0.000000000000000000e+00 0.000000000000000000e+00
1.024999999999999911e+00 0.000000000000000000e+00 0.000000000000000000e+00 0.000000000000000000e+00 0.000000000000000000e+00
1.075000000000000178e+00 0.000000000000000000e+00 0.000000000000000000e+00 0.000000000000000000e+00 0.000000000000000000e+00
1.125000000000000000e+00 0.000000000000000000e+00 0.000000000000000000e+00 0.000000000000000000e+00 0.000000000000000000e+00
1.175000000000000266e+00 0.000000000000000000e+00 0.000000000000000000e+00 0.000000000000000000e+00 0.000000000000000000e+00
1.225000000000000089e+00 0.000000000000000000e+00 0.000000000000000000e+00 0.000000000000000000e+00 0.000000000000000000e+00
1.274999999999999911e+00 0.000000000000000000e+00 0.000000000000000000e+00 0.000000000000000000e+00 0.000000000000000000e+00
1.325000000000000178e+00 0.000000000000000000e+00 0.000000000000000000e+00 0.000000000000000000e+00 0.000000000000000000e+00
1.375000000000000000e+00 0.000000000000000000e+00 0.000000000000000000e+00 0.000000000000000000e+00 0.000000000000000000e+00
1.425000000000000266e+00 0.000000000000000000e+00 0.000000000000000000e+00 0.000000000000000000e+00 0.000000000000000000e+00
1.475000000000000089e+00 0.000000000000000000e+00 0.000000000000000000e+00 0.000000000000000000e+00 0.000000000000000000e+00
1.524999999999999911e+00 0.000000000000000000e+00 0.000000000000000000e+00 0.000000000000000000e+00 0.000000000000000000e+00
1.575000000000000178e+00 0.000000000000000000e+00 0.000000000000000000e+00 0.000000000000000000e+00 0.000000000000000000e+00
1.625000000000000000e+00 0.000000000000000000e+00 0.000000000000000000e+00 0.000000000000000000e+00 0.000000000000000000e+00
1.675000000000000266e+00 0.000000000000000000e+00 0.000000000000000000e+00 0.000000000000000000e+00 0.000000000000000000e+00
1.725000000000000089e+00 0.000000000000000000e+00 0.000000000000000000e+00 0.000000000000000000e+00 0.000000000000000000e+00
1.774999999999999911e+00 0.000000000000000000e+00 0.000000000000000000e+00 0.000000000000000000e+00 0.000000000000000000e+00
1.825000000000000178e+00 0.000000000000000000e+00 0.000000000000000000e+00 0.000000000000000000e+00 0.000000000000000000e+00
1.875000000000000000e+00 0.000000000000000000e+00 0.000000000000000000e+00 0.000000000000000000e+00 0.000000000000000000e+00
1.925000000000000266e+00 0.000000000000000000e+00 0.000000000000000000e+00 0.000000000000000000e+00 0.000000000000000000e+00
1.975000000000000089e+00 0.000000000000000000e+00 0.000000000000000000e+00 0.000000000000000000e+00 0.000000000000000000e+00
2.025000000000000355e+00 0.000000000000000000e+00 0.000000000000000000e+00 0.000000000000000000e+00 0.000000000000000000e+00
2.075000000000000178e+00 0.000000000000000000e+00 0.000000000000000000e+00 0.000000000000000000e+00 0.000000000000000000e+00
2.125000000000000000e+00 0.000000000000000000e+00 0.000000000000000000e+00 0.000000000000000000e+00 0.000000000000000000e+00
2.174999999999999822e+00 0.000000000000000000e+00 0.000000000000000000e+00 0.000000000000000000e+00 0.000000000000000000e+00
2.225000000000000089e+00 0.000000000000000000e+00 0.000000000000000000e+00 0.000000000000000000e+00 0.000000000000000000e+00
2.275000000000000355e+00 0.000000000000000000e+00 0.000000000000000000e+00 0.000000000000000000e+00 0.000000000000000000e+00
2.325000000000000178e+00 0.000000000000000000e+00 0.000000000000000000e+00 0.000000000000000000e+00 0.000000000000000000e+00
2.375000000000000000e+00 0.000000000000000000e+00 0.000000000000000000e+00 1.204000437818886328e-05 0.000000000000000000e+00
2.425000000000000266e+00 5.552233300539106038e-06 0.000000000000000000e+00 8.094878540520990175e-04 0.000000000000000000e+00
2.475000000000000089e+00 3.251406250192047072e-04 0.000000000000000000e+00 1.764735388423907536e-02 0.000000000000000000e+00
2.525000000000000355e+00 8.398727102224909022e-03 0.000000000000000000e+00 1.461410523131273509e-01 0.000000000000000000e+00
2.575000000000000178e+00 8.517443303025538925e-02 0.000000000000000000e+00 5.943937719913042761e-01 0.000000000000000000e+00
2.625000000000000000e+00 4.132909482844929205e-01 0.000000000000000000e+00 1.430403426330985495e+00 0.000000000000000000e+00
2.675000000000000266e+00 1.203867718398331954e+00 0.000000000000000000e+00 2.342392617191891180e+00 0.000000000000000000e+00
2.725000000000000089e+00 2.329310727499323885e+00 0.000000000000000000e+00 2.908933630170689622e+00 0.000000000000000000e+00
2.775000000000000355e+00 3.404162612661397969e+00 0.000000000000000000e+00 2.985200466537757613e+00 0.000000000000000000e+00
2.825000000000000178e+00 4.024359088052761990e+00 0.000000000000000000e+00 2.701322782509278930e+00 0.000000000000000000e+00
2.875000000000000000e+00 4.093544960172149416e+00 7.900415445489274824e-06 2.270904738141662715e+00 0.000000000000000000e+00
2.925000000000000266e+00 3.772580443819872009e+00 1.679178784147068975e-04 1.851103622017024275e+00 0.000000000000000000e+00
2.975000000000000089e+00 3.251078521514279895e+00 4.065406803775422663e-03 1.510368683932155509e+00 1.135112886716577521e-03
3.025000000000000355e+00 2.691437396872077059e+00 4.150855935755859427e-02 1.265560756942034848e+00 1.569996227742266257e-02
3.075000000000000178e+00 2.189025467129713576e+00 2.140530397200715307e-01 1.104042581111193355e+00 1.476856192654028566e-01
3.125000000000000000e+00 1.770784642171558065e+00 6.870493955531432606e-01 1.004891455372973530e+00 7.472909869165308416e-01
3.175000000000000266e+00 1.434663806800654973e+00 1.487572773768920387e+00 9.460012682280823926e-01 2.204210162109917714e+00
3.225000000000000089e+00 1.181145518597272570e+00 2.415135558017817097e+00 9.156523448444718882e-01 4.692782968685511591e+00
3.275000000000000355e+00 9.921558163030499422e-01 3.133759070566828342e+00 9.044786218751746931e-01 7.347427244397374047e+00
3.325000000000000178e+00 8.521599559331820561e-01 3.426983088050677306e+00 9.003561815076823738e-01 9.448452038981676182e+00
3.375000000000000000e+00 7.459592741480094436e-01 3.313504004997319896e+00 9.060181808073168863e-01 1.026548933874455649e+01
3.425000000000000266e+00 6.723947413517677996e-01 2.936406498703943324e+00 9.120680393579446710e-01 9.954770963143042550e+00
3.475000000000000089e+00 6.199755775345171527e-01 2.446465971912276771e+00 9.198607846362079066e-01 8.814524097951471404e+00
3.525000000000000355e+00 5.844758962010554448e-01 1.974488262653906867e+00 9.284554621058710433e-01 7.277362011409622689e+00
3.575000000000000178e+00 5.588937045245753188e-01 1.571149743913305530e+00 9.365394659635919439e-01 5.867107409787968741e+00
3.625000000000000000e+00 5.490464967383573702e-01 1.265066082252005453e+00 9.466644982040339773e-01 4.576690376695829343e+00
3.675000000000000266e+00 5.452857800289228063e-01 1.043024539309140852e+00 9.557505043599582306e-01 3.582889345074500742e+00
3.725000000000000089e+00 5.500061384041997625e-01 8.866202583298515849e-01 9.639190603470338958e-01 2.761136601038746807e+00
3.775000000000000355e+00 5.601156115472938346e-01 7.877137015287650756e-01 9.724386099146242746e-01 2.160300853383375852e+00
3.825000000000000178e+00 5.754773433204257715e-01 7.267693424299497273e-01 9.824796125885058018e-01 1.706124167079044129e+00
3.875000000000000000e+00 5.934962253540201349e-01 6.974693986081986763e-01 9.914983132688048872e-01 1.380833725895308950e+00
3.925000000000000266e+00 6.149940288364705854e-01 6.825533381441520886e-01 9.999957034648763177e-01 1.132107695764695166e+00
3.975000000000000089e+00 6.404965949559555671e-01 6.870642262996039529e-01 1.009870705808201707e+00 9.509521863434375888e-01
4.025000000000000355e+00 6.658177465286131413e-01 6.982017879841864172e-01 1.019726435213988092e+00 8.169651330608821427e-01
4.075000000000000178e+00 6.968524669315562248e-01 7.180273626468220982e-01 1.028787125718195972e+00 7.241969519682054379e-01
4.125000000000000000e+00 7.273050916616971007e-01 7.411979600347706754e-01 1.037372345262438822e+00 6.399694020218595902e-01
4.175000000000000711e+00 7.597118422884923117e-01 7.695837035409680560e-01 1.045935266823766030e+00 5.997180927281322571e-01
4.224999999999999645e+00 7.926489169507904275e-01 8.004355862930671028e-01 1.053299378011907983e+00 5.712559861520939419e-01
4.275000000000000355e+00 8.255220972328838336e-01 8.332992039119906380e-01 1.059586343142550735e+00 5.449980428469441973e-01
4.325000000000000178e+00 8.604738457379985661e-01 8.644397099885944291e-01 1.063817190153608205e+00 5.348868102882471387e-01
4.375000000000000000e+00 8.935905976821283403e-01 8.988088516644273662e-01 1.067064679022805329e+00 5.383198415013303872e-01
4.425000000000000711e+00 9.232650579317578377e-01 9.330184802299550384e-01 1.067940952645393127e+00 5.447457660873511465e-01
4.474999999999999645e+00 9.537764717806340720e-01 9.635104486896003406e-01 1.068520762784127554e+00 5.657019643113211371e-01
4.525000000000000355e+00 9.829302257523543362e-01 9.949889583582394170e-01 1.066070945304693485e+00 5.931602078104871723e-01
4.575000000000000178e+00 1.007102072055305220e+00 1.025140163490477319e+00 1.062357201434662501e+00 6.275454398271363976e-01
4.625000000000000000e+00 1.030714347734726699e+00 1.052575977918063677e+00 1.057175254602382042e+00 6.614403615136115189e-01
4.675000000000000711e+00 1.050046795256530219e+00 1.078727855061150098e+00 1.051543885923522215e+00 7.044599862258060785e-01
4.724999999999999645e+00 1.062747651996859499e+00 1.097075691090342309e+00 1.043806353508938134e+00 7.627103122482324915e-01
4.775000000000000355e+00 1.072384904589217314e+00 1.116364356822427517e+00 1.034428808593891969e+00 8.210669821774094768e-01
4.825000000000001066e+00 1.082012218590072683e+00 1.131002128614002400e+00 1.026354049698143367e+00 8.919574976631083896e-01
4.875000000000000000e+00 1.088153661160166319e+00 1.140009952580254060e+00 1.016971311399265998e+00 9.656579261984090667e-01
4.925000000000000711e+00 1.083667301732242239e+00 1.146480907929159354e+00 1.006850738616586360e+00 1.019131878336282604e+00
4.974999999999999645e+00 1.082226221226353591e+00 1.149762296103128634e+00 9.972853067396361126e-01 1.099091720146554874e+00
5.025000000000000355e+00 1.077744026123585774e+00 1.147761310435386761e+00 9.867738751937615849e-01 1.185908545936940950e+00
5.075000000000001066e+00 1.069785584002246992e+00 1.144778878104704578e+00 9.778997762539445304e-01 1.252373334956276452e+00
5.125000000000000000e+00 1.058057454168318312e+00 1.140208238894973469e+00 9.681441263809587028e-01 1.321309805048854980e+00
5.175000000000000711e+00 1.047962040084349233e+00 1.132305321454202041e+00 9.602089689939108386e-01 1.371867648636249104e+00
5.224999999999999645e+00 1.034012556670139693e+00 1.123107276986352820e+00 9.520222116062251327e-01 1.440092724095229038e+00
5.275000000000000355e+00 1.020566599787862128e+00 1.111167382757254574e+00 9.437408086759601078e-01 1.477478859809116196e+00
5.325000000000001066e+00 1.006792657883668785e+00 1.097530903972659289e+00 9.373643694937188187e-01 1.513496937986491542e+00
5.375000000000000000e+00 9.906680519741957180e-01 1.083074723432585484e+00 9.300177525973987169e-01 1.544239235333159099e+00
5.425000000000000711e+00 9.776533978988394269e-01 1.067690042281616680e+00 9.238802033029704930e-01 1.571787037704903245e+00
5.474999999999999645e+00 9.627137440429706094e-01 1.053684079875031321e+00 9.193303378169718210e-01 1.580245046406526965e+00
5.525000000000000355e+00 9.496797568725681149e-01 1.038075094253838815e+00 9.151919052501680252e-01 1.587811697305094194e+00
5.575000000000001066e+00 9.380699599982796899e-01 1.023416091028944930e+00 9.131334835210334067e-01 1.586837449693743851e+00
5.625000000000000000e+00 9.309417222907027112e-01 1.010601040372669956e+00 9.128736034536124588e-01 1.598125433208269719e+00
5.675000000000000711e+00 9.251386257711948780e-01 9.957023146467232078e-01 9.148400987028765252e-01 1.586528774903458450e+00
5.724999999999999645e+00 9.185993791282206500e-01 9.828442525794020002e-01 9.173937255373573185e-01 1.572424882620984565e+00
5.775000000000000355e+00 9.184235376574958476e-01 9.718633895896692243e-01 9.232454993813770106e-01 1.555135298113011100e+00
5.825000000000001066e+00 9.157154724320812900e-01 9.588151202617469782e-01 9.305056677922588504e-01 1.524111040996015465e+00
5.875000000000000000e+00 9.212294144185856348e-01 9.500443805655715002e-01 9.378974628040994688e-01 1.498337489148186208e+00
5.925000000000000711e+00 9.240056288153277730e-01 9.408924329185627267e-01 9.463581917597670978e-01 1.463425720038340261e+00
5.974999999999999645e+00 9.310372205322066108e-01 9.310518540320416037e-01 9.558548451287517400e-01 1.421982205118554665e+00
6.025000000000000355e+00 9.412719254341875841e-01 9.219736499429719290e-01 9.651675664471141003e-01 1.361946308979757880e+00
6.075000000000001066e+00 9.498275462087163445e-01 9.147479364488428910e-01 9.747618895248317816e-01 1.317869037218144079e+00
6.125000000000000000e+00 9.607959315691557700e-01 9.054427909074193037e-01 9.844655721316561969e-01 1.283961324513788416e+00
6.175000000000000711e+00 9.716952727768581877e-01 8.996471838506733265e-01 9.931884076299024589e-01 1.226365585866907804e+00
6.224999999999999645e+00 9.798384041289505131e-01 8.954866115198912846e-01 1.002036193289276733e+00 1.176125083346096778e+00
6.275000000000000355e+00 9.921712056674920621e-01 8.920213633005680265e-01 1.009944668185127625e+00 1.121991148946504646e+00
6.325000000000001066e+00 1.002103673672799289e+00 8.909341172826359401e-01 1.016584486170197810e+00 1.094628718054388550e+00
6.375000000000000000e+00 1.013028160650572662e+00 8.949764767117130981e-01 1.023801911346909677e+00 1.052162065704323135e+00
6.425000000000000711e+00 1.020607088293175035e+00 8.976102065337437930e-01 1.029583490925804590e+00 1.031274367517240664e+00
6.474999999999999645e+00 1.028086677841661301e+00 9.050786356731648219e-01 1.034179047810859897e+00 9.945371347206500845e-01
6.525000000000000355e+00 1.035314660329881731e+00 9.142911670298244919e-01 1.038627128873331973e+00 9.876362681738483085e-01
6.575000000000001066e+00 1.041156369946225624e+00 9.240518826132329000e-01 1.041495819333775552e+00 9.817125951519323213e-01
6.625000000000000000e+00 1.042838240117103021e+00 9.354711190089652906e-01 1.043557937722061624e+00 9.766786106137299583e-01
6.675000000000000711e+00 1.046092802361229923e+00 9.470569715883392359e-01 1.044930324759916207e+00 9.782914504544244494e-01
6.724999999999999645e+00 1.043993762206091747e+00 9.599671196322372424e-01 1.045207645226741366e+00 9.709293669156303652e-01
6.775000000000000355e+00 1.042605789255563575e+00 9.731911178601970747e-01 1.045094988943346292e+00 9.833325141663732394e-01
6.825000000000001066e+00 1.040871497576052684e+00 9.830484965732602110e-01 1.044160367391302691e+00 9.885831386416978894e-01
6.875000000000000000e+00 1.038157022355390424e+00 9.949585366669565500e-01 1.042661462537634698e+00 1.003333929507321809e+00
6.925000000000000711e+00 1.033852940537689724e+00 1.006643954910621197e+00 1.041209324402226022e+00 1.010895106861470438e+00
6.974999999999999645e+00 1.028789292195133154e+00 1.017661709754551946e+00 1.038298110050090317e+00 1.025653961355386556e+00
7.025000000000000355e+00 1.025955848699211970e+00 1.026795451172996865e+00 1.036120804696279762e+00 1.045591868971727623e+00
7.075000000000001066e+00 1.021220159220913137e+00 1.036596334265341701e+00 1.033228696226360377e+00 1.051558645756641930e+00
7.125000000000000000e+00 1.016818182897229361e+00 1.044251255877121087e+00 1.029941514237499023e+00 1.065132067646394232e+00
7.175000000000000711e+00 1.012505893544561664e+00 1.052087581937517724e+00 1.026374722357072500e+00 1.081465882887421959e+00
7.224999999999999645e+00 1.009439275828061255e+00 1.057045030181729794e+00 1.022849386108377168e+00 1.083851715346550115e+00
7.275000000000000355e+00 1.004110444333122798e+00 1.060347084815646213e+00 1.019704546092392583e+00 1.102110305700711779e+00
7.325000000000001066e+00 1.001196727318405477e+00 1.063881288305551509e+00 1.015802331046167462e+00 1.105802721287634016e+00
7.375000000000000000e+00 9.966509976254361858e-01 1.066684615140589987e+00 1.011686848091841950e+00 1.117938598653602122e+00
7.425000000000000711e+00 9.931249782855925412e-01 1.066660507550989401e+00 1.008379213446066069e+00 1.126313520169438309e+00
7.474999999999999645e+00 9.906170853872708904e-01 1.066084035406562824e+00 1.004362680566222688e+00 1.133466056320229010e+00
7.525000000000000355e+00 9.860357325902888714e-01 1.064908534892153646e+00 1.001518991753500787e+00 1.136390893094656462e+00
7.575000000000001066e+00 9.843007962558878443e-01 1.063822436240861480e+00 9.981030740496976694e-01 1.132224018897378670e+00
7.625000000000000000e+00 9.814947649175360667e-01 1.058660536215150882e+00 9.956752783001524554e-01 1.127377156414431481e+00
7.675000000000000711e+00 9.787883743721137453e-01 1.054776846803767487e+00 9.930217123516917876e-01 1.133919055058639991e+00
7.724999999999999645e+00 9.771403663544342422e-01 1.049483178087388557e+00 9.908851093699304613e-01 1.128699062208911252e+00
7.775000000000000355e+00 9.735923433413858907e-01 1.044235839505543995e+00 9.890079605473750535e-01 1.120760269073417525e+00
7.825000000000001066e+00 9.743305761374635443e-01 1.039849706976234689e+00 9.871426095130402256e-01 1.122710677334009866e+00
7.875000000000000000e+00 9.741455350939407509e-01 1.032140260376056773e+00 9.862635948061893032e-01 1.118964676130043356e+00
7.925000000000000711e+00 9.729471117563621707e-01 1.026143219902554415e+00 9.854557068975839940e-01 1.110712538238521452e+00
7.974999999999999645e+00 9.739224590193511499e-01 1.019678473375558836e+00 9.846575877043008962e-01 1.105169356573272976e+00
8.025000000000000355e+00 9.744116956271665630e-01 1.013737796393508583e+00 9.841739330609909908e-01 1.086589042669821259e+00
8.074999999999999289e+00 9.750545313904221967e-01 1.007338322969923317e+00 9.841073630321423016e-01 1.081032442637157587e+00
8.125000000000000000e+00 9.757225392299599953e-01 1.003025227679643638e+00 9.845752187045407888e-01 1.077690944771570791e+00
8.175000000000000711e+00 9.790803096971006925e-01 9.971795064231444572e-01 9.847644761443429262e-01 1.066833555746476758e+00
8.225000000000001421e+00 9.802530869984276141e-01 9.931490455087749192e-01 9.851299592396955962e-01 1.049966935243499933e+00
8.275000000000000355e+00 9.836974206165703949e-01 9.873309127398560703e-01 9.865980321333908121e-01 1.047103031918641625e+00
8.324999999999999289e+00 9.881399680303051269e-01 9.855280471955009114e-01 9.873836039998166170e-01 1.032127669208899201e+00
8.375000000000000000e+00 9.897233780668319714e-01 9.815097940165141699e-01 9.883842412632665164e-01 1.026142966647651367e+00
8.425000000000000711e+00 9.927108318972222012e-01 9.804272354561404113e-01 9.898125991293906800e-01 1.020722600858585238e+00
8.475000000000001421e+00 9.938570874821238688e-01 9.765651531100005833e-01 9.908315922151844646e-01 1.011162065271398180e+00
8.525000000000000355e+00 9.979988265618077170e-01 9.758044215686985101e-01 9.921542085601332550e-01 9.970824347169036095e-01
8.574999999999999289e+00 1.000602314989222474e+00 9.757583072286935000e-01 9.934487723010329008e-01 9.969793700030639139e-01
8.625000000000000000e+00 1.002441654212854250e+00 9.745907490684928565e-01 9.947687700069278716e-01 9.833198908269877858e-01
8.675000000000000711e+00 1.005420059814509104e+00 9.751614931537988529e-01 9.953997818724347191e-01 9.853408431729725470e-01
8.725000000000001421e+00 1.006811372216758205e+00 9.754021182116446864e-01 9.969441080401663102e-01 9.918173472646026889e-01
8.775000000000000355e+00 1.009310487556643432e+00 9.756943816474984432e-01 9.972249684871355990e-01 9.823473745819680802e-01
8.824999999999999289e+00 1.009577550447843697e+00 9.771688885372571409e-01 9.984415458195575743e-01 9.806903864380729363e-01
8.875000000000000000e+00 1.009455758744592035e+00 9.801600643116997746e-01 9.991879038799537094e-01 9.781664354016579299e-01
8.925000000000000711e+00 1.010226359191562340e+00 9.801262247703314001e-01 9.993941004220504576e-01 9.788030968935241827e-01
8.975000000000001421e+00 1.010777328014631937e+00 9.843464993800655760e-01 9.998577220476824179e-01 9.794771455744237798e-01
9.025000000000000355e+00 1.010358146465104356e+00 9.856100102104976557e-01 1.000457969946360937e+00 9.830365346092887480e-01
9.074999999999999289e+00 1.011146005309415896e+00 9.873224162908270651e-01 1.000692804477268716e+00 9.757473940075227503e-01
9.125000000000000000e+00 1.010214087846357245e+00 9.887719417402502931e-01 1.001480181761375432e+00 9.901201448804961558e-01
9.175000000000000711e+00 1.009135317400644993e+00 9.915668436928151142e-01 1.001574017990890075e+00 9.832010359656627729e-01
9.225000000000001421e+00 1.008935985621196352e+00 9.940467759948087290e-01 1.001232693931892959e+00 9.868095371853552455e-01
9.275000000000000355e+00 1.008576390895907782e+00 9.949738056978235656e-01 1.001737468956597432e+00 9.879358735347809617e-01
9.324999999999999289e+00 1.006679500822680540e+00 9.969657379546834619e-01 1.001412194226473762e+00 9.895359573144822951e-01
9.375000000000000000e+00 1.005374858936420868e+00 9.987646958517127915e-01 1.001708062939650867e+00 9.962811373079348831e-01
9.425000000000000711e+00 1.005372880174630446e+00 1.000925254670506970e+00 1.001979722352372537e+00 1.003800518736077896e+00
9.475000000000001421e+00 1.003206561944001152e+00 1.001087990751947654e+00 1.001499091763072391e+00 9.990535469098383858e-01
9.525000000000000355e+00 1.002839035449988092e+00 1.002758778902150594e+00 1.001763784854277750e+00 1.001936142365760896e+00
9.575000000000001066e+00 1.001673698096104737e+00 1.003478289690189706e+00 1.001013775653393445e+00 1.008134158467520303e+00
9.625000000000000000e+00 1.000012793949446088e+00 1.004921087353694897e+00 1.001444767226586041e+00 1.007154759669428801e+00
9.675000000000000711e+00 9.993456086808203409e-01 1.005154538720106627e+00 1.001462645031392817e+00 1.001666052032987864e+00
9.725000000000001421e+00 9.987759575450378957e-01 1.006200088992311725e+00 1.001433607754580235e+00 1.002801637795706746e+00
9.775000000000000355e+00 9.990144737218950022e-01 1.006701495233052412e+00 1.001432521251331309e+00 1.004965655978138361e+00
9.825000000000001066e+00 9.989332533061194841e-01 1.006122463787071819e+00 1.000916288472185833e+00 1.009292276408196409e+00
9.875000000000000000e+00 9.985054514488461708e-01 1.007232937648742555e+00 1.001389350738268735e+00 1.004836056661045696e+00
9.925000000000000711e+00 9.968644596927910273e-01 1.005460810595554477e+00 1.001344191374602621e+00 1.005487124238267693e+00
9.975000000000001421e+00 9.975557060762155759e-01 1.007377732243830870e+00 1.001672505418358172e+00 1.000753506964324524e+00
1.002500000000000036e+01 9.981205728483126816e-01 1.005666477908756740e+00 1.001538582586898762e+00 1.007580182490817933e+00
1.007500000000000107e+01 9.975404326079904127e-01 1.006157106455435990e+00 1.001563211731615111e+00 1.010352399811894175e+00
1.012500000000000000e+01 9.980651996129720205e-01 1.004584987612606062e+00 1.001814848493756127e+00 1.007336768864595555e+00
1.017500000000000071e+01 9.979508829289116534e-01 1.003647942921506386e+00 1.001590761491801151e+00 1.004156799607753170e+00
1.022500000000000142e+01 9.988732028776978744e-01 1.002995005613881441e+00 1.001694927881550345e+00 1.004613442722849026e+00
1.027500000000000036e+01 9.997854021649651424e-01 1.002378347311893902e+00 1.001870253463037708e+00 9.979622376085304225e-01
1.032500000000000107e+01 1.000130818389168841e+00 1.003313424947488874e+00 1.002078527047553624e+00 9.964909048914341039e-01
1.037500000000000000e+01 1.000220520192280027e+00 1.002343899430435670e+00 1.002020592190934645e+00 1.000750968326576507e+00
1.042500000000000071e+01 9.994552183434673998e-01 1.000893711366649175e+00 1.002241699203789249e+00 9.940679182240350631e-01
1.047500000000000142e+01 1.000890734305283303e+00 1.000860083992219707e+00 1.002136473131253869e+00 9.924383668298010219e-01
1.052500000000000036e+01 1.000262558807460289e+00 1.000545229094115918e+00 1.002106465132421409e+00 9.933251991966906003e-01
1.057500000000000107e+01 1.001534940930464135e+00 1.001538736599780322e+00 1.001914323918108529e+00 9.900542989855675158e-01
1.062500000000000000e+01 1.001791599093402541e+00 1.001329983165024418e+00 1.002068915730074616e+00 9.983612507673383929e-01
1.067500000000000071e+01 1.001791781736147025e+00 1.000236497194171292e+00 1.001956050786319663e+00 9.943294399276231266e-01
1.072500000000000142e+01 1.001831586925525874e+00 9.998209741792826177e-01 1.002034858085824265e+00 9.916393858837496689e-01
1.077500000000000036e+01 1.002453824854962150e+00 1.000063598282472821e+00 1.001630327257028386e+00 9.881515572536038183e-01
1.082500000000000107e+01 1.002248050873914442e+00 1.000594018947862152e+00 1.001926183394395986e+00 9.836054254842822031e-01
1.087500000000000000e+01 1.001164916293516338e+00 1.000705506124978106e+00 1.001225618346824886e+00 9.870777465475887302e-01
1.092500000000000071e+01 1.002863635856330760e+00 1.002081235640244206e+00 1.001696167525502723e+00 9.870111300472403926e-01
1.097500000000000142e+01 1.002326966959126597e+00 1.000592328867084824e+00 1.001209495696925522e+00 9.859789094942328358e-01
1.102500000000000036e+01 1.002552012269844806e+00 1.001691870645237126e+00 1.000959462200894601e+00 9.769403686361886052e-01
1.107500000000000107e+01 1.002709515872777013e+00 1.001537941835132450e+00 1.000817049782094070e+00 9.886739102358020892e-01
1.112500000000000000e+01 1.001920904275210633e+00 1.001372161086554913e+00 1.000466249398605845e+00 9.763732356732727213e-01
1.117500000000000071e+01 1.001928268992618332e+00 1.001097861453187798e+00 1.000194625917525171e+00 9.810667332972242694e-01
1.122500000000000142e+01 1.002153846950573302e+00 1.000992903209456886e+00 1.000210138187705322e+00 9.854865500225024055e-01
1.127500000000000036e+01 1.002404603329963173e+00 1.001981578008385831e+00 9.995789739740096325e-01 9.805193899975399585e-01
1.132500000000000107e+01 1.001959885435152131e+00 1.001610597517959222e+00 9.993611387792065148e-01 9.796668328283506533e-01
1.137500000000000000e+01 1.001296990428458988e+00 1.002988743889448475e+00 9.990366220750800386e-01 9.851195009001085801e-01
1.142500000000000071e+01 1.001143356860664690e+00 1.002106168603336789e+00 9.988109347828388884e-01 9.843050519545104571e-01
1.147500000000000142e+01 1.001534377521647645e+00 1.003645352743951280e+00 9.990173885879188864e-01 9.814912239080281209e-01
1.152500000000000036e+01 1.000713277664001311e+00 1.002277700690381135e+00 9.985936676020298330e-01 9.817448470191834087e-01
1.157500000000000107e+01 9.989845542276972745e-01 1.003340288314122697e+00 9.983437461252588907e-01 9.829472853078600192e-01
1.162500000000000000e+01 1.001342371160022449e+00 1.002602865273982236e+00 9.984670601387003464e-01 9.810224165266178131e-01
1.167500000000000071e+01 1.000617393367218666e+00 1.002622647765565089e+00 9.982573447639515596e-01 9.818215538485017824e-01
1.172500000000000142e+01 1.000360930527965042e+00 1.001611415833055130e+00 9.980898520813850094e-01 9.822644742913027027e-01
1.177500000000000036e+01 9.988622794182162590e-01 1.002522362960606150e+00 9.981343297308922224e-01 9.840702131690750587e-01
1.182500000000000107e+01 9.991780243176831000e-01 1.002098521435013101e+00 9.980074950508878162e-01 9.803426491603659532e-01
1.187500000000000000e+01 9.986041955351290245e-01 1.001803245507725038e+00 9.978728967866163924e-01 9.820218499681896418e-01
1.192500000000000071e+01 1.000401728905607746e+00 1.001542656707368639e+00 9.979405979320526976e-01 9.807771949262570343e-01
1.197500000000000142e+01 9.998254224422167269e-01 1.000927242121523619e+00 9.982279626483766544e-01 9.811724649269564225e-01
1.202500000000000036e+01 1.000102926906109690e+00 1.002183053236769039e+00 9.984823917527422266e-01 9.820900396306718738e-01
1.207500000000000107e+01 9.998056699256736568e-01 1.000965903078166797e+00 9.981843790189158794e-01 9.809261151777673993e-01
1.212500000000000000e+01 1.000320595595168616e+00 1.000975337212935301e+00 9.983129230386875719e-01 9.797752840422906395e-01
1.217500000000000071e+01 1.000143319546173082e+00 1.000639602341225176e+00 9.985969349577019649e-01 9.813348810817592582e-01
1.222500000000000142e+01 1.000291372331933992e+00 1.000404107116324548e+00 9.987119623721877337e-01 9.797439285289085698e-01
1.227500000000000036e+01 1.000805811453017391e+00 1.000752719456134088e+00 9.989120621810854139e-01 9.784329939908754659e-01
1.232500000000000107e+01 1.000253481022574720e+00 1.000401794704720571e+00 9.990074902557100067e-01 9.804576057839882175e-01
1.237500000000000000e+01 1.001097174653304833e+00 9.995014816134130120e-01 9.992765100029670222e-01 9.806463014840730574e-01
1.242500000000000071e+01 1.001329364716794679e+00 1.000104771750121246e+00 9.992291169259885919e-01 9.817698638941986244e-01
1.247500000000000142e+01 1.001245370843144356e+00 9.995666860418546129e-01 9.995019273295258078e-01 9.768789009679567092e-01
1.252500000000000036e+01 1.000989683510068895e+00 9.996513587740291085e-01 9.993714074645865253e-01 9.804561572629469923e-01
1.257500000000000107e+01 1.001725402938588028e+00 9.991697292061598734e-01 9.997214022612436191e-01 9.798795634052133163e-01
1.262500000000000000e+01 1.002129246687766706e+00 9.998393950648039041e-01 1.000072303170254751e+00 9.794704247273539055e-01
1.267500000000000071e+01 1.002300647036044490e+00 9.991756223739061138e-01 1.000262291979886031e+00 9.823703757610572351e-01
1.272500000000000142e+01 1.001276326576077125e+00 9.995891512862956629e-01 9.999713135285503984e-01 9.789218395365463232e-01
1.277500000000000036e+01 1.003431437436784535e+00 9.993575911430893077e-01 1.000356355723702295e+00 9.759649478437936176e-01
1.282500000000000107e+01 1.003213055788608088e+00 9.993561260399617119e-01 1.000479816884138451e+00 9.765425996739300896e-01
1.287500000000000000e+01 1.002815137569343484e+00 9.996463974789778772e-01 1.000636154539416012e+00 9.868457669380129582e-01
1.292500000000000071e+01 1.002791478631436251e+00 1.000070561179162709e+00 1.000700256844745617e+00 9.796764223952758588e-01
1.297500000000000142e+01 1.002755855744711155e+00 9.997761914419681650e-01 1.000583696371967202e+00 9.788541646161619258e-01
1.302500000000000036e+01 1.002156942845905174e+00 1.000781399238975133e+00 1.000773851744565679e+00 9.822143216703972390e-01
1.307500000000000107e+01 1.002471239663064395e+00 1.000594137969986308e+00 1.000787779497971153e+00 9.819861134798215652e-01
1.312500000000000000e+01 1.002707315781251385e+00 1.000550886667127992e+00 1.000868435401597090e+00 9.823452366778332445e-01
1.317500000000000071e+01 1.002855259144914246e+00 1.000203139457369828e+00 1.000779580935112767e+00 9.839555475771243342e-01
1.322500000000000142e+01 1.002826501632031020e+00 1.001967180139471170e+00 1.000819094515201124e+00 9.810214862237350841e-01
1.327500000000000036e+01 1.002547382532142484e+00 1.000619135997380837e+00 1.000955123738203278e+00 9.844830856608169922e-01
1.332500000000000107e+01 1.001793292903988331e+00 1.000725962117087198e+00 1.000686437408950136e+00 9.803000132525044874e-01
1.337500000000000000e+01 1.002380228473557899e+00 1.001578950857020978e+00 1.000675377102311581e+00 9.856486897683262027e-01
1.342500000000000071e+01 1.001749802325662131e+00 1.001783499263083854e+00 1.000518855919142025e+00 9.781142297062617175e-01
1.347500000000000142e+01 1.002623146947048571e+00 1.000905464626259844e+00 1.000863329979632343e+00 9.770438643597874062e-01
1.352500000000000036e+01 1.001908469944487345e+00 1.001605381609677714e+00 1.000586855759511007e+00 9.762811113669421781e-01
1.357500000000000107e+01 1.001567437243658265e+00 1.002757055847683931e+00 1.000433327087096425e+00 9.812384006247250046e-01
1.362500000000000000e+01 1.001367814974645665e+00 1.002409416174992574e+00 1.000705075544234601e+00 9.808580425120123625e-01
1.367500000000000071e+01 1.001546263693003258e+00 1.002838150465090061e+00 1.000240654006893992e+00 9.817732387047450882e-01
1.372500000000000142e+01 1.000759192654077978e+00 1.002178443707914646e+00 1.000376137002647159e+00 9.854970838336232219e-01
1.377500000000000036e+01 1.001241692284499107e+00 1.003033014102513887e+00 1.000194905589702365e+00 9.838675914199924710e-01
1.382500000000000107e+01 1.001598110469919867e+00 1.002025367794157518e+00 1.000129035446309933e+00 9.827299550024582997e-01
1.387500000000000000e+01 1.001286188073084338e+00 1.001964101557587306e+00 1.000344007053527662e+00 9.831904734734108198e-01
1.392500000000000071e+01 1.000379711965134311e+00 1.002711741889263930e+00 9.999766348469425470e-01 9.823030183480507826e-01
1.397500000000000142e+01 1.001656384943097944e+00 1.002338842240432459e+00 9.999007225848923763e-01 9.830029208180415257e-01
1.402500000000000036e+01 1.000295751798267130e+00 1.002136161125569913e+00 9.999178113678249824e-01 9.796175627433032496e-01
1.407500000000000107e+01 1.000390924068145226e+00 1.002688346897239624e+00 9.999683871510526290e-01 9.798510204462268502e-01
1.412500000000000000e+01 1.000817105538010399e+00 1.002326822680165375e+00 9.998688468822364284e-01 9.829319205553059824e-01
1.417500000000000071e+01 1.000549217944383784e+00 1.002272394239302145e+00 9.999545011192647603e-01 9.836100094594553145e-01
1.422500000000000142e+01 1.000585343713063624e+00 1.002173308297943599e+00 9.998560063115892182e-01 9.806894320310863833e-01
1.427500000000000036e+01 1.000689189306526616e+00 1.002002785296707055e+00 9.998728129529853570e-01 9.804035394424047700e-01
1.432500000000000107e+01 1.000529804814535906e+00 1.002297277646060136e+00 9.998986158896574494e-01 9.837647734831537205e-01
1.437500000000000000e+01 1.001110197227352838e+00 1.001804818560369403e+00 9.996435491581341370e-01 9.826701570936292596e-01
1.442500000000000071e+01 1.001057045608041873e+00 1.002547301808504265e+00 9.995894421805707752e-01 9.818712327612748592e-01
1.447500000000000142e+01 1.000876950147763678e+00 1.002310489502843849e+00 9.999083760644814634e-01 9.799090860473649300e-01
1.452500000000000036e+01 1.001441694485085021e+00 1.002551052852989955e+00 9.996980193027348305e-01 9.779077824496726912e-01
1.457500000000000107e+01 1.001609326147781642e+00 1.002296389127090626e+00 9.997991349959738372e-01 9.826691363127996182e-01
1.462500000000000000e+01 1.001202460234244196e+00 1.001223374131618105e+00 9.996753511097108413e-01 9.812551700823184397e-01
1.467500000000000071e+01 1.001767787177450408e+00 1.001793410570741116e+00 9.998121029110214053e-01 9.781208473888524102e-01
1.472500000000000142e+01 1.000494379861265104e+00 1.001185436449057775e+00 9.996430129029048040e-01 9.787317560470931710e-01
1.477500000000000036e+01 1.000909591086744932e+00 1.001949866463023309e+00 9.998164224565037062e-01 9.796479685720531627e-01
1.482500000000000107e+01 1.001205230115935763e+00 1.001035420221270344e+00 9.996411673337756154e-01 9.821615058383407204e-01
1.487500000000000000e+01 1.001490810660919273e+00 1.001445212145882113e+00 9.999166540026253047e-01 9.782896346404208465e-01
1.492500000000000071e+01 1.001165825977552659e+00 1.001107926507621926e+00 9.997455094716821700e-01 9.782135176832275070e-01
1.497500000000000142e+01 1.001467141228890689e+00 1.001484176865759412e+00 9.997964191922182886e-01 9.815349308792172822e-01
1.502500000000000036e+01 1.002096058490420383e+00 1.001045709891712487e+00 9.998526855668333768e-01 9.785244517913805895e-01
1.507500000000000107e+01 1.001684265200593504e+00 1.000530096466903274e+00 9.996797687946090694e-01 9.761776987423049778e-01
1.512500000000000000e+01 1.001501216107736347e+00 1.001053471943103679e+00 9.997770071389647795e-01 9.772089679497213410e-01
1.517500000000000071e+01 1.000507915941246218e+00 1.001093938306297115e+00 9.997711973507688032e-01 9.796146572897003191e-01
1.522500000000000142e+01 1.001260044466999455e+00 1.000560386562525883e+00 9.997951352012782733e-01 9.750590147992590495e-01
1.527500000000000036e+01 1.002350344339454580e+00 1.001077304640585197e+00 1.000021046235804123e+00 9.809104530488311768e-01
1.532500000000000107e+01 1.001490276262966495e+00 1.001198593536956727e+00 9.995666147820365666e-01 9.817454069237567804e-01
1.537500000000000000e+01 1.001436640483682972e+00 1.000414783133203089e+00 9.999086073792161633e-01 9.796247450284902847e-01
1.542500000000000071e+01 1.001767076320174699e+00 1.001592517031476559e+00 9.998357609956439740e-01 9.809775991859628341e-01
1.547500000000000142e+01 1.001980714518429849e+00 1.001455779416950298e+00 9.999429164544855198e-01 9.772875680687604927e-01
1.552500000000000036e+01 1.001111990482095759e+00 1.001748157388296478e+00 9.998149814948370517e-01 9.829324748925308830e-01
1.557500000000000107e+01 1.001665104375511373e+00 1.000424481794123244e+00 9.997634414172945627e-01 9.798869343059786186e-01
1.562500000000000000e+01 1.001526754235593897e+00 1.001811356124992614e+00 9.996971519370795312e-01 9.805843698820515542e-01
1.567500000000000071e+01 1.001039951014786045e+00 1.001481676163679779e+00 9.998737188812691912e-01 9.778755395115181770e-01
1.572500000000000142e+01 1.001199703807254870e+00 1.001152299331031337e+00 9.998975569842112332e-01 9.756119518918960898e-01
1.577500000000000036e+01 1.001753126176139652e+00 1.001620472700274433e+00 9.999267856605491556e-01 9.779355947755535849e-01
1.582500000000000107e+01 1.001138730278982258e+00 1.001590244330838875e+00 9.998467468751366383e-01 9.754404508200922308e-01
1.587500000000000000e+01 1.001831909698885248e+00 1.001394248146741939e+00 9.998690961048934955e-01 9.782115407695105569e-01
1.592500000000000071e+01 1.001487387670941143e+00 1.001560517688022456e+00 9.998158923367741480e-01 9.816694600612285715e-01
1.597500000000000142e+01 1.001548100199376456e+00 1.001940380627184046e+00 9.998691342108191327e-01 9.808093309648904246e-01
1.602499999999999858e+01 1.001660141311564889e+00 1.001390587169243229e+00 9.999546271154906574e-01 9.826559091950869407e-01
1.607500000000000284e+01 1.001240417708012309e+00 1.001408348078276500e+00 9.998534985965401578e-01 9.763580784219452191e-01
1.612500000000000000e+01 1.001281684540269001e+00 1.001416176479030584e+00 9.999858540824214659e-01 9.778780103612537689e-01
1.617500000000000071e+01 1.001681703577528060e+00 1.001462678030222708e+00 9.999843448185418149e-01 9.792529979300009790e-01
1.622500000000000142e+01 1.001589309500664271e+00 1.002008044499024031e+00 9.999342488768528936e-01 9.796689216089531360e-01
1.627499999999999858e+01 1.001623122205140382e+00 1.001738258200041809e+00 1.000129956893961891e+00 9.787792286043399681e-01
1.632500000000000284e+01 1.002112732408929618e+00 1.001600607216297956e+00 9.998813772158556823e-01 9.814746431890524203e-01
1.637500000000000000e+01 1.001530342821792985e+00 1.001399926155673858e+00 9.999124053519301558e-01 9.789033931454527160e-01
1.642500000000000071e+01 1.001141003073278135e+00 1.001636018569016295e+00 1.000071346600244437e+00 9.781848805721681250e-01
1.647500000000000142e+01 1.002021383620110173e+00 1.001231151533290564e+00 9.998148160017538144e-01 9.803552809526593359e-01
1.652499999999999858e+01 1.001530737315055486e+00 1.001344925072532588e+00 9.999566493490439356e-01 9.797075116058733268e-01
1.657500000000000284e+01 1.001916169699391679e+00 1.001330595765055342e+00 1.000094622948366929e+00 9.802528322404103767e-01
1.662500000000000000e+01 1.001623670979725933e+00 1.001255676762895286e+00 1.000152240492260480e+00 9.784729498780789791e-01
1.667500000000000071e+01 1.001858827472006386e+00 1.001105052101143089e+00 9.999366585890862025e-01 9.780372512474915236e-01
1.672500000000000142e+01 1.001857676367891470e+00 1.001322012862154054e+00 1.000046063908948124e+00 9.779412440864875267e-01
1.677499999999999858e+01 1.001726533862804747e+00 1.001324711881935725e+00 9.999208453209871283e-01 9.854086288163064200e-01
1.682500000000000284e+01 1.000300084116747312e+00 1.000863425645235782e+00 9.990368939722548136e-01 9.800254498341774978e-01
1.687500000000000000e+01 9.968139451145727747e-01 9.966655727651860808e-01 9.959647364315052931e-01 9.768937091599865230e-01
1.692500000000000071e+01 9.914810953912102098e-01 9.905423123290449938e-01 9.894958131433068127e-01 9.671636522165368843e-01
1.697500000000000142e+01 9.829810998066089711e-01 9.824064803745173879e-01 9.810808777640898093e-01 9.613559259848279970e-01
1.702499999999999858e+01 9.735316060603986799e-01 9.739375974349518961e-01 9.725360930179018926e-01 9.571455491258877846e-01
1.707500000000000284e+01 9.658106259763984403e-01 9.654164160948872642e-01 9.638059925747320955e-01 9.448287361151500585e-01
1.712500000000000000e+01 9.564802076804872488e-01 9.565372129587637051e-01 9.551367524854719182e-01 9.415874245698525602e-01
1.717500000000000071e+01 9.478817062495321633e-01 9.475272732849415736e-01 9.466129214684595450e-01 9.273633872833029201e-01
1.722500000000000142e+01 9.391274211938829275e-01 9.393063615729783100e-01 9.379987564034802938e-01 9.185504542803208938e-01
1.727499999999999858e+01 9.307998296337514077e-01 9.313798295981213782e-01 9.295133418991617935e-01 9.137560131136945873e-01
1.732500000000000284e+01 9.225557437993429089e-01 9.224182424804502345e-01 9.209788810675006987e-01 9.014403042256219356e-01
1.737500000000000000e+01 9.134939428161421571e-01 9.145635123618787166e-01 9.126371385468726727e-01 8.962762667385205662e-01
1.742500000000000071e+01 9.052289453620940840e-01 9.055970468776564086e-01 9.042527999337789391e-01 8.863752802429286648e-01
1.747500000000000142e+01 8.969224108311796284e-01 8.971953857387554576e-01 8.959703421428585335e-01 8.778821704505869183e-01
1.752499999999999858e+01 8.888635637074456808e-01 8.891114878250229170e-01 8.877596996473030577e-01 8.685554822886917270e-01
1.757500000000000284e+01 8.807297644173183171e-01 8.808923462269108162e-01 8.793808317056304169e-01 8.611127574385673000e-01
1.762500000000000000e+01 8.724866230096829378e-01 8.724754812470829624e-01 8.711756532655530183e-01 8.547850304399363663e-01
1.767500000000000071e+01 8.648351847551286609e-01 8.641302167656788047e-01 8.632083835863832988e-01 8.461802693185540569e-01
1.772500000000000142e+01 8.560866731623593129e-01 8.566139014025667686e-01 8.549335882104091011e-01 8.390754819907371154e-01
1.777499999999999858e+01 8.480857274791829825e-01 8.486103038040860858e-01 8.471371470447014440e-01 8.330928356084316144e-01
1.782500000000000284e+01 8.400703169804996095e-01 8.404353399327038066e-01 8.391113594484506111e-01 8.240146508879950815e-01
1.787500000000000000e+01 8.320693667131284776e-01 8.319858763691487802e-01 8.311420679739360828e-01 8.173768348693756236e-01
1.792500000000000071e+01 8.249625480731861416e-01 8.241777209520011471e-01 8.232603364995615403e-01 8.086270061754469163e-01
1.797500000000000142e+01 8.166883098683972442e-01 8.163130834145237991e-01 8.154398845656856132e-01 7.965164656219910766e-01
1.802499999999999858e+01 8.088761540390645433e-01 8.088565570042556274e-01 8.075555575996522517e-01 7.919861384328448217e-01
1.807500000000000284e+01 8.010431758865098617e-01 8.008533853061631236e-01 7.997013774713579437e-01 7.831577181294807621e-01
1.812500000000000000e+01 7.928015539903958686e-01 7.931980276215329084e-01 7.920859046743921050e-01 7.781730631338689141e-01
1.817500000000000071e+01 7.854053175047527313e-01 7.857177685348575302e-01 7.842050562957714188e-01 7.718262016671386672e-01
1.822500000000000142e+01 7.771973971766727995e-01 7.782854259535795238e-01 7.767480800235900817e-01 7.607641427675777557e-01
1.827499999999999858e+01 7.697085771307229374e-01 7.705189663882324735e-01 7.692476866940034519e-01 7.571785319643106194e-01
1.832500000000000284e+01 7.622865980509565542e-01 7.630611644334681642e-01 7.615498085524646799e-01 7.505630371905956943e-01
1.837500000000000000e+01 7.550615455132850817e-01 7.556211808084232207e-01 7.541764064284826041e-01 7.394050505496849723e-01
1.842500000000000071e+01 7.473819938942319885e-01 7.476866005451789920e-01 7.464599792818831236e-01 7.318017384360173683e-01
1.847500000000000142e+01 7.397068664820419803e-01 7.407758843162748352e-01 7.391073254075224419e-01 7.264773669812856216e-01
1.852499999999999858e+01 7.323968399001511420e-01 7.333980597504203836e-01 7.317816334508067122e-01 7.208045175603418064e-01
1.857500000000000284e+01 7.252532104616955522e-01 7.252574690061447393e-01 7.244295369894924175e-01 7.099757950836599329e-01
1.862500000000000000e+01 7.181099309597165359e-01 7.181875856519506218e-01 7.170934489224839448e-01 7.049004225180659500e-01
1.867500000000000071e+01 7.106488893397221451e-01 7.106477658571404010e-01 7.098538002485296206e-01 6.938311544926207830e-01
1.872500000000000142e+01 7.037964739535333969e-01 7.034211833305290540e-01 7.025620057362416127e-01 6.895834465619817832e-01
1.877499999999999858e+01 6.960601165092966669e-01 6.963614382677261183e-01 6.953250706556186600e-01 6.846528552403836620e-01
1.882500000000000284e+01 6.885802794018401896e-01 6.891114520020960033e-01 6.881139771191794319e-01 6.796883033623322135e-01
1.887500000000000000e+01 6.816435637721230956e-01 6.820466404109334357e-01 6.810293031111217532e-01 6.688728784607951283e-01
1.892500000000000071e+01 6.743558212903509874e-01 6.750339165728266311e-01 6.741067411577864599e-01 6.632309603798515196e-01
1.897500000000000142e+01 6.678968205196436081e-01 6.678444037085630169e-01 6.669640062339536879e-01 6.541511989385720982e-01
1.902499999999999858e+01 6.609083231391542634e-01 6.607402610135921783e-01 6.599221245729928187e-01 6.509505016794309151e-01
1.907500000000000284e+01 6.542332079221744312e-01 6.538087463515408482e-01 6.530180592480264723e-01 6.405787092478431033e-01
1.912500000000000000e+01 6.472849037690047158e-01 6.466657300313729539e-01 6.460668066493515660e-01 6.373682493790743253e-01
1.917500000000000426e+01 6.401239872853735635e-01 6.400305648194604125e-01 6.391231143108617729e-01 6.287941292307687169e-01
1.922500000000000142e+01 6.330028286382773928e-01 6.326303732698631554e-01 6.323913087808604727e-01 6.220618978259999654e-01
1.927499999999999858e+01 6.263287122082438207e-01 6.260589914018767077e-01 6.254582320287638275e-01 6.174272089927342888e-01
1.932500000000000284e+01 6.192164826473229855e-01 6.192985807126172304e-01 6.187092035980275018e-01 6.086326989504060592e-01
1.937500000000000000e+01 6.125423797397936410e-01 6.127781844262416566e-01 6.119026988587629168e-01 6.017378575821220599e-01
1.942500000000000426e+01 6.062161640643018989e-01 6.057995917825182985e-01 6.052583801048497802e-01 5.941150661088715479e-01
1.947500000000000142e+01 5.991807308276139166e-01 5.993324209531560864e-01 5.984898201852555388e-01 5.876565261729178591e-01
1.952499999999999858e+01 5.927554207822229859e-01 5.930718096152302055e-01 5.918859596020960012e-01 5.810217183951401632e-01
1.957500000000000284e+01 5.858172742369063268e-01 5.859723608059793643e-01 5.852718202873683495e-01 5.749503530981174837e-01
1.962500000000000000e+01 5.797221835623871389e-01 5.796040867627535453e-01 5.786947668392001809e-01 5.698540674174016329e-01
1.967500000000000426e+01 5.730373208163576093e-01 5.727757564199795759e-01 5.720251387202588411e-01 5.641091397291138065e-01
1.972500000000000142e+01 5.665633415231200454e-01 5.664370399320530769e-01 5.655343452568257767e-01 5.554042263757538178e-01
1.977499999999999858e+01 5.596851868875936109e-01 5.597551577748329787e-01 5.590807323565097908e-01 5.477126311279338911e-01
1.982500000000000284e+01 5.535216112734148153e-01 5.535359835663000716e-01 5.526184098654755017e-01 5.431435824387405020e-01
1.987500000000000000e+01 5.471576445487253970e-01 5.472496444239990376e-01 5.463201530695769303e-01 5.358234493957195754e-01
1.992500000000000426e+01 5.409516670458635046e-01 5.404808964653713410e-01 5.399007523250490825e-01 5.288406364537786564e-01
1.997500000000000142e+01 5.343080893825901123e-01 5.343656185515194279e-01 5.334772945328206672e-01 5.231245234382062570e-01
