# r (Angstroms), cation-water g(r), anion-water g(r), water-water g(r), cation-anion g(r)
2.500000000000000139e-02 0.000000000000000000e+00 0.000000000000000000e+00 5.751036985345446010e+04 0.000000000000000000e+00
7.500000000000001110e-02 0.000000000000000000e+00 0.000000000000000000e+00 0.000000000000000000e+00 0.000000000000000000e+00
1.250000000000000000e-01 0.000000000000000000e+00 0.000000000000000000e+00 0.000000000000000000e+00 0.000000000000000000e+00
1.750000000000000167e-01 0.000000000000000000e+00 0.000000000000000000e+00 0.000000000000000000e+00 0.000000000000000000e+00
2.250000000000000056e-01 0.000000000000000000e+00 0.000000000000000000e+00 0.000000000000000000e+00 0.000000000000000000e+00
2.750000000000000222e-01 0.000000000000000000e+00 0.000000000000000000e+00 0.000000000000000000e+00 0.000000000000000000e+00
3.250000000000000666e-01 0.000000000000000000e+00 0.000000000000000000e+00 0.000000000000000000e+00 0.000000000000000000e+00
3.750000000000000000e-01 0.000000000000000000e+00 0.000000000000000000e+00 0.000000000000000000e+00 0.000000000000000000e+00
4.250000000000000444e-01 0.000000000000000000e+00 0.000000000000000000e+00 0.000000000000000000e+00 0.000000000000000000e+00
4.749999999999999778e-01 0.000000000000000000e+00 0.000000000000000000e+00 0.000000000000000000e+00 0.000000000000000000e+00
5.250000000000000222e-01 0.000000000000000000e+00 0.000000000000000000e+00 0.000000000000000000e+00 0.000000000000000000e+00
5.750000000000000666e-01 0.000000000000000000e+00 0.000000000000000000e+00 0.000000000000000000e+00 0.000000000000000000e+00
6.250000000000000000e-01 0.000000000000000000e+00 0.000000000000000000e+00 0.000000000000000000e+00 0.000000000000000000e+00
6.750000000000000444e-01 0.000000000000000000e+00 0.000000000000000000e+00 0.000000000000000000e+00 0.000000000000000000e+00
7.250000000000000888e-01 0.000000000000000000e+00 0.000000000000000000e+00 0.000000000000000000e+00 0.000000000000000000e+00
7.750000000000000222e-01 0.000000000000000000e+00 0.000000000000000000e+00 0.000000000000000000e+00 0.000000000000000000e+00
8.250000000000000666e-01 0.000000000000000000e+00 0.000000000000000000e+00 0.000000000000000000e+00 0.000000000000000000e+00
8.750000000000000000e-01 0.000000000000000000e+00 0.000000000000000000e+00 0.000000000000000000e+00 0.000000000000000000e+00
9.250000000000000444e-01 0.000000000000000000e+00 0.000000000000000000e+00 0.000000000000000000e+00 0.000000000000000000e+00
9.750000000000000888e-01 0.000000000000000000e+00 0.000000000000000000e+00 0.000000000000000000e+00 0.000000000000000000e+00
1.024999999999999911e+00 0.000000000000000000e+00 0.000000000000000000e+00 0.000000000000000000e+00 0.000000000000000000e+00
1.075000000000000178e+00 0.000000000000000000e+00 0.000000000000000000e+00 0.000000000000000000e+00 0.000000000000000000e+00
1.125000000000000000e+00 0.000000000000000000e+00 0.000000000000000000e+00 0.000000000000000000e+00 0.000000000000000000e+00
1.175000000000000266e+00 0.000000000000000000e+00 0.000000000000000000e+00 0.000000000000000000e+00 0.000000000000000000e+00
1.225000000000000089e+00 0.000000000000000000e+00 0.000000000000000000e+00 0.000000000000000000e+00 0.000000000000000000e+00
1.274999999999999911e+00 0.000000000000000000e+00 0.000000000000000000e+00 0.000000000000000000e+00 0.000000000000000000e+00
1.325000000000000178e+00 0.000000000000000000e+00 0.000000000000000000e+00 0.000000000000000000e+00 0.000000000000000000e+00
1.375000000000000000e+00 0.000000000000000000e+00 0.000000000000000000e+00 0.000000000000000000e+00 0.000000000000000000e+00
1.425000000000000266e+00 0.000000000000000000e+00 0.000000000000000000e+00 0.000000000000000000e+00 0.000000000000000000e+00
1.475000000000000089e+00 0.000000000000000000e+00 0.000000000000000000e+00 0.000000000000000000e+00 0.000000000000000000e+00
1.524999999999999911e+00 0.000000000000000000e+00 0.000000000000000000e+00 0.000000000000000000e+00 0.000000000000000000e+00
1.575000000000000178e+00 0.000000000000000000e+00 0.000000000000000000e+00 0.000000000000000000e+00 0.000000000000000000e+00
1.625000000000000000e+00 0.000000000000000000e+00 0.000000000000000000e+00 0.000000000000000000e+00 0.000000000000000000e+00
1.675000000000000266e+00 0.000000000000000000e+00 0.000000000000000000e+00 0.000000000000000000e+00 0.000000000000000000e+00
1.725000000000000089e+00 0.000000000000000000e+00 0.000000000000000000e+00 0.000000000000000000e+00 0.000000000000000000e+00
1.774999999999999911e+00 2.775821241405072512e-02 0.000000000000000000e+00 0.000000000000000000e+00 0.000000000000000000e+00
1.825000000000000178e+00 8.863022815154651957e-01 0.000000000000000000e+00 0.000000000000000000e+00 0.000000000000000000e+00
1.875000000000000000e+00 5.770317301255324161e+00 0.000000000000000000e+00 0.000000000000000000e+00 0.000000000000000000e+00
1.925000000000000266e+00 1.266470316131331408e+01 0.000000000000000000e+00 0.000000000000000000e+00 0.000000000000000000e+00
1.975000000000000089e+00 1.349789062339118040e+01 0.000000000000000000e+00 0.000000000000000000e+00 0.000000000000000000e+00
2.025000000000000355e+00 8.936614590515432610e+00 0.000000000000000000e+00 0.000000000000000000e+00 0.000000000000000000e+00
2.075000000000000178e+00 4.373550392982964219e+00 0.000000000000000000e+00 0.000000000000000000e+00 0.000000000000000000e+00
2.125000000000000000e+00 1.811281969240374767e+00 0.000000000000000000e+00 0.000000000000000000e+00 0.000000000000000000e+00
2.174999999999999822e+00 7.174687542923964267e-01 0.000000000000000000e+00 0.000000000000000000e+00 0.000000000000000000e+00
2.225000000000000089e+00 2.962082685040624552e-01 0.000000000000000000e+00 0.000000000000000000e+00 0.000000000000000000e+00
2.275000000000000355e+00 1.423603013204107481e-01 0.000000000000000000e+00 0.000000000000000000e+00 0.000000000000000000e+00
2.325000000000000178e+00 6.316496707681958089e-02 0.000000000000000000e+00 0.000000000000000000e+00 0.000000000000000000e+00
2.375000000000000000e+00 4.035565484092425853e-02 0.000000000000000000e+00 1.189429826890399237e-05 0.000000000000000000e+00
2.425000000000000266e+00 3.055951473544960342e-02 0.000000000000000000e+00 8.434426066984091960e-04 0.000000000000000000e+00
2.475000000000000089e+00 2.346984034695338839e-02 0.000000000000000000e+00 1.751436835891396343e-02 0.000000000000000000e+00
2.525000000000000355e+00 2.292540099293690833e-02 0.000000000000000000e+00 1.473171234756294745e-01 0.000000000000000000e+00
2.575000000000000178e+00 1.680385411619984490e-02 0.000000000000000000e+00 6.030007036751260374e-01 0.000000000000000000e+00
2.625000000000000000e+00 1.703916842651704081e-02 0.000000000000000000e+00 1.461954391708801371e+00 0.000000000000000000e+00
2.675000000000000266e+00 1.691045226838622240e-02 0.000000000000000000e+00 2.411712445963162477e+00 0.000000000000000000e+00
2.725000000000000089e+00 2.387869474599485856e-02 0.000000000000000000e+00 3.008922379121462320e+00 0.000000000000000000e+00
2.775000000000000355e+00 1.711390145632670987e-02 0.000000000000000000e+00 3.101135404058245282e+00 0.000000000000000000e+00
2.825000000000000178e+00 2.777266483261462207e-02 0.000000000000000000e+00 2.804786942272894379e+00 0.000000000000000000e+00
2.875000000000000000e+00 2.522067292732696128e-02 0.000000000000000000e+00 2.351157228444722413e+00 0.000000000000000000e+00
2.925000000000000266e+00 3.080735625945580161e-02 4.201003126289427729e-04 1.898819805057810672e+00 0.000000000000000000e+00
2.975000000000000089e+00 4.534764208549275921e-02 4.060982873327709936e-03 1.527026753227987310e+00 0.000000000000000000e+00
3.025000000000000355e+00 5.210945038657700118e-02 4.556303702142913692e-02 1.251305017702477151e+00 0.000000000000000000e+00
3.075000000000000178e+00 6.195881689354894306e-02 2.024748249404728362e-01 1.065294556638276324e+00 0.000000000000000000e+00
3.125000000000000000e+00 7.790377144518702279e-02 6.745117093002176434e-01 9.453128251961753215e-01 0.000000000000000000e+00
3.175000000000000266e+00 9.674355367848054554e-02 1.484431186049412821e+00 8.701360047966102407e-01 0.000000000000000000e+00
3.225000000000000089e+00 1.292464983775939158e-01 2.423083862185996473e+00 8.298714921220008423e-01 0.000000000000000000e+00
3.275000000000000355e+00 1.578356792399640274e-01 3.223288294514084829e+00 8.097937688946614809e-01 0.000000000000000000e+00
3.325000000000000178e+00 1.971220840143693698e-01 3.537794147736724515e+00 8.018633783077367960e-01 1.083683804367066433e-01
3.375000000000000000e+00 2.434947287316183984e-01 3.474454157318164427e+00 8.045713754151846420e-01 1.051813083073945554e-01
3.425000000000000266e+00 3.083388969612249619e-01 3.088291343595071403e+00 8.117598002111185984e-01 1.021327913087860112e-01
3.475000000000000089e+00 3.792986121274741773e-01 2.585540630929107575e+00 8.232337557299176378e-01 0.000000000000000000e+00
3.525000000000000355e+00 4.511506495824835761e-01 2.049703036722469562e+00 8.343704881264870643e-01 9.642031408046240759e-02
3.575000000000000178e+00 5.586094519194942931e-01 1.662235744493450573e+00 8.491420497527445432e-01 0.000000000000000000e+00
3.625000000000000000e+00 6.415916599021378453e-01 1.287377325254822402e+00 8.644102344346030753e-01 1.823480630672553171e-01
3.675000000000000266e+00 7.501319338751166743e-01 1.024423317453860838e+00 8.808669073185307896e-01 0.000000000000000000e+00
3.725000000000000089e+00 8.870176862846753663e-01 8.431546487462138195e-01 8.965211141658430138e-01 1.726891241671712485e-01
3.775000000000000355e+00 9.785194740992128049e-01 7.036865708574973066e-01 9.132124841203984600e-01 8.407246963649908644e-02
3.825000000000000178e+00 1.125399063428650370e+00 6.112187011155821859e-01 9.310609964755568457e-01 8.188889350423127211e-02
3.875000000000000000e+00 1.249101410313434801e+00 5.740839761868516966e-01 9.494014889121237255e-01 1.595785896280338123e-01
3.925000000000000266e+00 1.362131425136046126e+00 5.527850510914653626e-01 9.674332552484204983e-01 3.110776877273300212e-01
3.975000000000000089e+00 1.449627873614568907e+00 5.487476159299421452e-01 9.856009145514427194e-01 6.066023113775786957e-01
4.025000000000000355e+00 1.554865102150653877e+00 5.369738647665112108e-01 1.004704206442164294e+00 4.437189352154065070e-01
4.075000000000000178e+00 1.617808482403729320e+00 5.495628243530841228e-01 1.022403301829368782e+00 8.657941305286870337e-01
4.125000000000000000e+00 1.684161990818708210e+00 5.804687257957871216e-01 1.039472328798251688e+00 1.267398964619622426e+00
4.175000000000000711e+00 1.734794590563766503e+00 6.114637140003671423e-01 1.056301503895232141e+00 1.443428281700507076e+00
4.224999999999999645e+00 1.722032901899180901e+00 6.608385996842708332e-01 1.070636119282672105e+00 1.140996972845074398e+00
4.275000000000000355e+00 1.704211161888897319e+00 7.043408494897027694e-01 1.083414682199649315e+00 1.442246713400359148e+00
4.325000000000000178e+00 1.683545998397337762e+00 7.478441345743699342e-01 1.094653073051755854e+00 1.473142779651465339e+00
4.375000000000000000e+00 1.644033373675851895e+00 7.834900338206982617e-01 1.101984710302952086e+00 2.253386691503166617e+00
4.425000000000000711e+00 1.555142166042402074e+00 8.380243589123678172e-01 1.108526213138965710e+00 2.019188364785932777e+00
4.474999999999999645e+00 1.486124041980108057e+00 8.861104342096368658e-01 1.111935836911791986e+00 2.572597979273133717e+00
4.525000000000000355e+00 1.372247238936460612e+00 9.333411098531247951e-01 1.112754068982854116e+00 2.516059665455731231e+00
4.575000000000000178e+00 1.290613820060620087e+00 9.916438470186801357e-01 1.111389935999105738e+00 3.548944730729518326e+00
4.625000000000000000e+00 1.211218451551015818e+00 1.031370014652504219e+00 1.107094888152557521e+00 2.968535395708848057e+00
4.675000000000000711e+00 1.146692189631400405e+00 1.066437989152369425e+00 1.101959901636528016e+00 3.618017234710412922e+00
4.724999999999999645e+00 1.071463680816880482e+00 1.105379590176605475e+00 1.093519969441064887e+00 3.380858053263721796e+00
4.775000000000000355e+00 1.023342031755671178e+00 1.129485852250996070e+00 1.084444930592058043e+00 2.837508072647303869e+00
4.825000000000001066e+00 9.909210797205012522e-01 1.168725926795771697e+00 1.074135292043308931e+00 3.036320109244849075e+00
4.875000000000000000e+00 9.690352864807416644e-01 1.197052485562647650e+00 1.063737287142102028e+00 3.629723266393371617e+00
4.925000000000000711e+00 9.346411634372545629e-01 1.219844528709778997e+00 1.050531333106409893e+00 4.050342215508659471e+00
4.974999999999999645e+00 9.168686942166910381e-01 1.219409707830244605e+00 1.037912207336932235e+00 2.904393730690113973e+00
5.025000000000000355e+00 8.991879581519436337e-01 1.211111425878758974e+00 1.024550256050810182e+00 3.273915313834843133e+00
5.075000000000001066e+00 8.984433260764090878e-01 1.214996439566621511e+00 1.011488745793256872e+00 2.418921660762828996e+00
5.125000000000000000e+00 9.013880578571004110e-01 1.212570150398021296e+00 9.987666140092316125e-01 2.235110309953844521e+00
5.175000000000000711e+00 8.933595744056692656e-01 1.205715553598437184e+00 9.856042630199909338e-01 1.789492862748598645e+00
5.224999999999999645e+00 9.085554637301379577e-01 1.195608610049938569e+00 9.734156070726465160e-01 1.930949157326284249e+00
5.275000000000000355e+00 9.067848452135046644e-01 1.192211091126150535e+00 9.597292824983993942e-01 1.722288404963921327e+00
5.325000000000001066e+00 9.060610255083972886e-01 1.161983970458237092e+00 9.483624644329443631e-01 1.183067931087256053e+00
5.375000000000000000e+00 8.960422110070827006e-01 1.159252277803118902e+00 9.371431243837256009e-01 1.700269850108316438e+00
5.425000000000000711e+00 9.002003399170609432e-01 1.136150286561988576e+00 9.254777602880653875e-01 1.424818518387244159e+00
5.474999999999999645e+00 9.086142685182061474e-01 1.118291409795050706e+00 9.167354806763762243e-01 1.039192846587487784e+00
5.525000000000000355e+00 9.146543599417324977e-01 1.086210925651709847e+00 9.081485550414912788e-01 1.530703743465823941e+00
5.575000000000001066e+00 9.086139898918155211e-01 1.075796496962402315e+00 9.022936661981808548e-01 1.272082714625170974e+00
5.625000000000000000e+00 9.084742155881077030e-01 1.043692681070982564e+00 8.988015703532327150e-01 1.249568569290077980e+00
5.675000000000000711e+00 9.060033981277363369e-01 1.026610403824136153e+00 8.980602251967418903e-01 1.116042619028992711e+00
5.724999999999999645e+00 9.257050400853987782e-01 1.019247892619695728e+00 8.989117205769723284e-01 1.169742587376905840e+00
5.775000000000000355e+00 9.246176352201396220e-01 9.934125210483534252e-01 9.036131734942250970e-01 9.340297814796654219e-01
5.825000000000001066e+00 9.424984750951698187e-01 9.752662926018503819e-01 9.094019201089772464e-01 1.200545037960279116e+00
5.875000000000000000e+00 9.277045076597855155e-01 9.525927861897588445e-01 9.171408392470760118e-01 9.719271950338244093e-01
5.925000000000000711e+00 9.544323094166564658e-01 9.283582807963915995e-01 9.261382342496008446e-01 1.467517317632704765e+00
5.974999999999999645e+00 9.492980807903593776e-01 9.217792761716973038e-01 9.358374253087300421e-01 1.006785534829101048e+00
6.025000000000000355e+00 9.525193299488883270e-01 8.989854992774712894e-01 9.458637083965608650e-01 1.254183455927157187e+00
6.075000000000001066e+00 9.680373739409908751e-01 8.890854676589395877e-01 9.549907012829910169e-01 1.233623535657052628e+00
6.125000000000000000e+00 9.790276457617425043e-01 8.688167765836445344e-01 9.664058026553836722e-01 1.245500984626433771e+00
6.175000000000000711e+00 9.759312411010900856e-01 8.537984421905963073e-01 9.759209350660907889e-01 1.539621082226445781e+00
6.224999999999999645e+00 9.874318646054114357e-01 8.575139419742331404e-01 9.852532504930164858e-01 1.082134053329661505e+00
6.275000000000000355e+00 9.843251753456890851e-01 8.494102502303015889e-01 9.941228469101918153e-01 1.399658672825399908e+00
6.325000000000001066e+00 9.877815258445513669e-01 8.410053909215865486e-01 1.002391695987358888e+00 1.227876256241900554e+00
6.375000000000000000e+00 9.880902203276094031e-01 8.533948652338704255e-01 1.010913668728012471e+00 1.532974056658880091e+00
6.425000000000000711e+00 9.926812310230584968e-01 8.588841817871347706e-01 1.018077478221975918e+00 1.364091391342389326e+00
6.474999999999999645e+00 9.955843088401892249e-01 8.681035659446961761e-01 1.023769069437799439e+00 1.085915317199896313e+00
6.525000000000000355e+00 1.004838889678909997e+00 8.767717398265317819e-01 1.030491378582366169e+00 1.378881639808070547e+00
6.575000000000001066e+00 9.946305998896423084e-01 8.910630847237810404e-01 1.035336097609765860e+00 1.441132135034729256e+00
6.625000000000000000e+00 9.922308065460183624e-01 9.011668991307519860e-01 1.039119601555205330e+00 1.310272049140523309e+00
6.675000000000000711e+00 1.002832642032400967e+00 9.146605973811369195e-01 1.042379753577626023e+00 1.156266520281901800e+00
6.724999999999999645e+00 1.003102815089175870e+00 9.291383872606011618e-01 1.045035877187673767e+00 1.218611633278808615e+00
6.775000000000000355e+00 9.857935766232449604e-01 9.538708519109239115e-01 1.046596161325022312e+00 1.278997147100352061e+00
6.825000000000001066e+00 9.925452984822119573e-01 9.648181267036267661e-01 1.046995085062587982e+00 1.208884112795458821e+00
6.875000000000000000e+00 9.990223880505286758e-01 9.806449590609663813e-01 1.047486684729176831e+00 1.191364362081976269e+00
6.925000000000000711e+00 9.862221731096914024e-01 1.002261555887054900e+00 1.046665312949609739e+00 1.648908509822409885e+00
6.974999999999999645e+00 9.802849181980458626e-01 1.011806917275910989e+00 1.044738885521904415e+00 1.329834336097434733e+00
7.025000000000000355e+00 9.944449088647682178e-01 1.025422685919390675e+00 1.042729406727498365e+00 1.359526265720107041e+00
7.075000000000001066e+00 9.856089064109179176e-01 1.047074826845694639e+00 1.040109311514929136e+00 1.220701690877575851e+00
7.125000000000000000e+00 9.883447938026223012e-01 1.044608559704180317e+00 1.036249661577273828e+00 1.557637814388773689e+00
7.175000000000000711e+00 9.912813244215723518e-01 1.065917170020012961e+00 1.032411516817234753e+00 1.559277098564242570e+00
7.224999999999999645e+00 9.866287517276325358e-01 1.068933883597623202e+00 1.028816351747070090e+00 1.101686093072937300e+00
7.275000000000000355e+00 9.928533066304527921e-01 1.071088127937706691e+00 1.024543842233592406e+00 1.199781692501288077e+00
7.325000000000001066e+00 9.911129038194445018e-01 1.083824587157846908e+00 1.020195522798378995e+00 1.250446596086353557e+00
7.375000000000000000e+00 9.996151848757721670e-01 1.074729503527741770e+00 1.015720091292624083e+00 1.255576587437615910e+00
7.425000000000000711e+00 9.994107844980145705e-01 1.088816193896658513e+00 1.011469561843560516e+00 1.130063512087865263e+00
7.474999999999999645e+00 1.007120338705267404e+00 1.083990751408505204e+00 1.007615011068186073e+00 1.029227283055905495e+00
7.525000000000000355e+00 1.008888173375654285e+00 1.075176927170212515e+00 1.003228387527413723e+00 1.184861223266921559e+00
7.575000000000001066e+00 1.011336043051543454e+00 1.087004591652146246e+00 9.999465901772439658e-01 9.187130624797239520e-01
7.625000000000000000e+00 1.010748187609036952e+00 1.070549432087852582e+00 9.967740668936921900e-01 1.277628241794130037e+00
7.675000000000000711e+00 1.017940722922825447e+00 1.069724552058086031e+00 9.936838837771057031e-01 9.559465708394501160e-01
7.724999999999999645e+00 1.023076120808343203e+00 1.063972664198715501e+00 9.913857366646481317e-01 1.104226748390024548e+00
7.775000000000000355e+00 1.025656951839401643e+00 1.060479739556924761e+00 9.896687799910927064e-01 1.129709106373833372e+00
7.825000000000001066e+00 1.025760016419737797e+00 1.047088029274735099e+00 9.873362902735144386e-01 1.291420961862211003e+00
7.875000000000000000e+00 1.027265365080340720e+00 1.045193679427745437e+00 9.867884861346577496e-01 1.217116167981145747e+00
7.925000000000000711e+00 1.024854999456079829e+00 1.036529693441395894e+00 9.855718288933905669e-01 1.144577841697654419e+00
7.974999999999999645e+00 1.029469488076884875e+00 1.030467893955639536e+00 9.849451446433358237e-01 8.665409513721514800e-01
8.025000000000000355e+00 1.028196989224117619e+00 1.018616011995876702e+00 9.847979157483994772e-01 9.860034817413013686e-01
8.074999999999999289e+00 1.022981646691320856e+00 1.009935989409761037e+00 9.847918263136132833e-01 1.047327415561837061e+00
8.125000000000000000e+00 1.024912560176848730e+00 9.990869342470829473e-01 9.851262142961251245e-01 8.711384712781102824e-01
8.175000000000000711e+00 1.032833085365484349e+00 9.976416088228813317e-01 9.864855342835793239e-01 1.003934124496061786e+00
8.225000000000001421e+00 1.025095776584874274e+00 9.883473273879975762e-01 9.871885558068161926e-01 8.500846079277489808e-01
8.275000000000000355e+00 1.020898848720964480e+00 9.895797128600862802e-01 9.880580227786222025e-01 9.973132648436102698e-01
8.324999999999999289e+00 1.021136722496892357e+00 9.822405565618331780e-01 9.896257456571454503e-01 8.470720581412876093e-01
8.375000000000000000e+00 1.015454323228622835e+00 9.759963181374823327e-01 9.907210207542469504e-01 1.093208799061900383e+00
8.425000000000000711e+00 1.016822493294075480e+00 9.736285097888291995e-01 9.922850698483896004e-01 9.283583793624632374e-01
8.475000000000001421e+00 1.018254589502683993e+00 9.709982620657351404e-01 9.935476870989475850e-01 1.067562638886242032e+00
8.525000000000000355e+00 1.004367046902709060e+00 9.699121994201626018e-01 9.946917300758590930e-01 8.902209397404354796e-01
8.574999999999999289e+00 1.011312400274875012e+00 9.727284867000137725e-01 9.957703501757662057e-01 1.010220710152613277e+00
8.625000000000000000e+00 9.988318881268057892e-01 9.717101992686429934e-01 9.967784670543365921e-01 1.046858536686806396e+00
8.675000000000000711e+00 1.007410889336276094e+00 9.658268120432778048e-01 9.978619943440988349e-01 7.800994591718690696e-01
8.725000000000001421e+00 1.001595067586263488e+00 9.833856789439424650e-01 9.988472913001245068e-01 8.183994895425157345e-01
8.775000000000000355e+00 1.000389412012823609e+00 9.775167888184531639e-01 1.000039912106570394e+00 9.802552797587313904e-01
8.824999999999999289e+00 1.000838916968090686e+00 9.793939071268179530e-01 1.000453491375147275e+00 1.169168398806831988e+00
8.875000000000000000e+00 1.001184394885289652e+00 9.747934054424762795e-01 1.001060121465261910e+00 8.822348055810815826e-01
8.925000000000000711e+00 9.963905156982155731e-01 9.829438688413327796e-01 1.001086343485701580e+00 8.573365445663565509e-01
8.975000000000001421e+00 9.895289301669675242e-01 9.872234800681237710e-01 1.001367907262293411e+00 1.249405214857282065e+00
9.025000000000000355e+00 9.913628850338138676e-01 9.933045418209297539e-01 1.001547669196376944e+00 1.176761689161153646e+00
9.074999999999999289e+00 9.917871480063719103e-01 9.856479427894462297e-01 1.001622562104517167e+00 1.163830372876899277e+00
9.125000000000000000e+00 9.800127749608189553e-01 9.924735519963953090e-01 1.001321365580504219e+00 9.640554981335047735e-01
9.175000000000000711e+00 9.904246508026035567e-01 9.935842632769626981e-01 1.001507660483383466e+00 1.053204158119712242e+00
9.225000000000001421e+00 9.837721062412834172e-01 9.966540484713558579e-01 1.001339471315003005e+00 1.140368656432645178e+00
9.275000000000000355e+00 9.904777235597911345e-01 9.994747230454293918e-01 1.001293258975518796e+00 1.044543283936335776e+00
9.324999999999999289e+00 9.900390807143706340e-01 9.980442676310090633e-01 1.000290625039169434e+00 9.920369328708467105e-01
9.375000000000000000e+00 9.842643183128219064e-01 1.005420739314726308e+00 1.000421771477010946e+00 9.678517339788702545e-01
9.425000000000000711e+00 9.853672156731722032e-01 1.006272786374442729e+00 1.000098710460574303e+00 1.092484662453488298e+00
9.475000000000001421e+00 9.797193299836494118e-01 1.011201347902129122e+00 9.996053956776956850e-01 1.241130846298689416e+00
9.525000000000000355e+00 9.797874802436746799e-01 1.006925298286922787e+00 9.994777830247961736e-01 1.030048568064892311e+00
9.575000000000001066e+00 9.850672612047692844e-01 1.004368981110836501e+00 9.990717893952479889e-01 1.045455377444401535e+00
9.625000000000000000e+00 9.873007285637154240e-01 1.004565978856907238e+00 9.991297141151525008e-01 8.406301640879932924e-01
9.675000000000000711e+00 9.880659869664178974e-01 1.004782062656585095e+00 9.989469746917400972e-01 9.855572956683530395e-01
9.725000000000001421e+00 9.941979966636950161e-01 1.004801255114351477e+00 9.985349193925664446e-01 1.165471657658765814e+00
9.775000000000000355e+00 9.908994493588176855e-01 1.004391310360387868e+00 9.984941884456997041e-01 8.024898736993436588e-01
9.825000000000001066e+00 9.921093823414482982e-01 1.005786973095573966e+00 9.982822205411033822e-01 9.060473004094091731e-01
9.875000000000000000e+00 9.886612985030714951e-01 1.003834802630763967e+00 9.985279586373302374e-01 1.019757767286221029e+00
9.925000000000000711e+00 9.932109345783377563e-01 1.005775065063513107e+00 9.986666619456470162e-01 1.143299385872688534e+00
9.975000000000001421e+00 9.953080001311305214e-01 1.007987313020689779e+00 9.988107897590494666e-01 1.180031019161262185e+00
1.002500000000000036e+01 1.000711496961307123e+00 1.006541023211430241e+00 9.997517828892419356e-01 1.025233655440863423e+00
1.007500000000000107e+01 9.966343687705784271e-01 1.002642243206006256e+00 9.991030740155046885e-01 9.088533035912518265e-01
1.012500000000000000e+01 1.004158901786469382e+00 1.006613172213665974e+00 9.996283185778644942e-01 9.115861586730205079e-01
1.017500000000000071e+01 9.966634880867020208e-01 1.004636888570791697e+00 9.998704383655858674e-01 1.087807903489735661e+00
1.022500000000000142e+01 1.000966476376034864e+00 1.001745723987812697e+00 1.000224930597238382e+00 1.054276180640600691e+00
1.027500000000000036e+01 9.917477557044450664e-01 1.000134125068524060e+00 1.000741779377007035e+00 9.192096325986366390e-01
1.032500000000000107e+01 1.002339054674098673e+00 1.003361769351970301e+00 1.000894756776487204e+00 8.878512038666372952e-01
1.037500000000000000e+01 1.000926737594958649e+00 1.000036292795817072e+00 1.000927182817358263e+00 1.079664318959044023e+00
1.042500000000000071e+01 9.992858794999046612e-01 1.002405685160369320e+00 1.001501647057924105e+00 9.921643443173600030e-01
1.047500000000000142e+01 1.007119326773669554e+00 1.009215785934948206e+00 1.001955180068416995e+00 1.386720382720832756e+00
1.052500000000000036e+01 1.004506018257560473e+00 9.917220254759976372e-01 1.002241845512329421e+00 1.005847147787944484e+00
1.057500000000000107e+01 1.005721717844984875e+00 1.000129256282517254e+00 1.002484989650719527e+00 9.963580944626154734e-01
1.062500000000000000e+01 1.006753355158446217e+00 1.003505797925458243e+00 1.003043710860346049e+00 1.071906145528753296e+00
1.067500000000000071e+01 1.008331379276005135e+00 1.001907480117061544e+00 1.003151592777087986e+00 1.040860911187250881e+00
1.072500000000000142e+01 1.003409644903336728e+00 9.967955198331265310e-01 1.003189785136435974e+00 1.020762609260769782e+00
1.077500000000000036e+01 1.007967652892345800e+00 9.995985369734333714e-01 1.003209144884581239e+00 1.073228181956713545e+00
1.082500000000000107e+01 9.989844262622006310e-01 1.005558710196519989e+00 1.003165302766322542e+00 1.145131882805216383e+00
1.087500000000000000e+01 1.002887958123388712e+00 9.984811511636765280e-01 1.003082060241430318e+00 1.114364978318040711e+00
1.092500000000000071e+01 1.005383432481222750e+00 9.995412730944194246e-01 1.003185074079111727e+00 1.134302423898261747e+00
1.097500000000000142e+01 1.002430568341268646e+00 1.003654027195851173e+00 1.002647946144586077e+00 9.449478958157999653e-01
1.102500000000000036e+01 1.007513231378384555e+00 1.006931679936313051e+00 1.002858316213571355e+00 1.074391647216591528e+00
1.107500000000000107e+01 1.001611198785496759e+00 9.988956934874436699e-01 1.002670929612064388e+00 1.103784527625913281e+00
1.112500000000000000e+01 1.000217632662467437e+00 1.008184601727555973e+00 1.002236905985873561e+00 1.103565581312389021e+00
1.117500000000000071e+01 1.002070798015768593e+00 1.004344568496100765e+00 1.002020525622026481e+00 1.036148573315937238e+00
1.122500000000000142e+01 1.001930572310061329e+00 1.007902029075845807e+00 1.001702040475811462e+00 1.236129585273872511e+00
1.127500000000000036e+01 9.942043577789936304e-01 9.996800166680892552e-01 1.001453055750370913e+00 1.159218663268110072e+00
1.132500000000000107e+01 1.001652419413587181e+00 1.006080293686637095e+00 1.001101270506182361e+00 1.074273294094366227e+00
1.137500000000000000e+01 1.002708968216785346e+00 1.009662901073592689e+00 1.000667437979231300e+00 8.518799238698691045e-01
1.142500000000000071e+01 9.998628203639089440e-01 1.005250714533293843e+00 1.000298000667757314e+00 1.064728660389536952e+00
1.147500000000000142e+01 1.002369138728649745e+00 1.005035110894216599e+00 9.999729119925042653e-01 1.255645593338601262e+00
1.152500000000000036e+01 9.983991664770689445e-01 1.008050677130001294e+00 9.996851987012104201e-01 9.831912721211401029e-01
1.157500000000000107e+01 1.004654507012520570e+00 1.007194132817978316e+00 9.993793465208096194e-01 1.144620081333024508e+00
1.162500000000000000e+01 1.001075435092470878e+00 1.002733299775045550e+00 9.991630748827410313e-01 9.042898268589495414e-01
1.167500000000000071e+01 1.000852029596367210e+00 1.001862858063442996e+00 9.988151662861457503e-01 1.063567343618850414e+00
1.172500000000000142e+01 1.003437109633457558e+00 1.003515544690099626e+00 9.984429229868989619e-01 8.889306419424579664e-01
1.177500000000000036e+01 1.001708118613813703e+00 1.000800797784862972e+00 9.985131395348022521e-01 1.131990748500380395e+00
1.182500000000000107e+01 9.980617129997024772e-01 9.943859422940529713e-01 9.982605987563913930e-01 1.071028760387373380e+00
1.187500000000000000e+01 1.002096175521512977e+00 1.004950908322754355e+00 9.978824539672233040e-01 1.214960686242656296e+00
1.192500000000000071e+01 1.001074046966026643e+00 9.997091757691868308e-01 9.980048897511381023e-01 1.086841878964967201e+00
1.197500000000000142e+01 9.999755289458959195e-01 1.008539323820606848e+00 9.981346555996281067e-01 1.119559525084178331e+00
1.202500000000000036e+01 1.000012324961278676e+00 1.002597428035922000e+00 9.981302539247236538e-01 1.234552429877710633e+00
1.207500000000000107e+01 1.001263222349208837e+00 9.997512738800763410e-01 9.981352967825787292e-01 1.076441573132320029e+00
1.212500000000000000e+01 9.984744223391865958e-01 1.002687704059308738e+00 9.979660414102414778e-01 1.059432540843080695e+00
1.217500000000000071e+01 9.979930481324275071e-01 9.991892851326105163e-01 9.982009993860812003e-01 1.018417986642309314e+00
1.222500000000000142e+01 1.001879280816105888e+00 1.004436608664941222e+00 9.981185177717980528e-01 1.082254732265705677e+00
1.227500000000000036e+01 1.001120933181926853e+00 1.002242098297759343e+00 9.984094947433566070e-01 1.129116641476641592e+00
1.232500000000000107e+01 9.987960097584779318e-01 1.001225249240186077e+00 9.984373183521496609e-01 1.119974046761614828e+00
1.237500000000000000e+01 1.000802313768010432e+00 9.997304893985804464e-01 9.983580065582220442e-01 1.189177402579209009e+00
1.242500000000000071e+01 1.000314941799200996e+00 1.001044447245720503e+00 9.987158969032154943e-01 1.024411903623061670e+00
1.247500000000000142e+01 9.961925650611742622e-01 1.001851044147720193e+00 9.990568178872849536e-01 1.154791650315505791e+00
1.252500000000000036e+01 9.979541479878790700e-01 1.000520269973383947e+00 9.990959042515368260e-01 1.252511921496393121e+00
1.257500000000000107e+01 9.967771415692748826e-01 9.982242826545653092e-01 9.996180386294528653e-01 1.075884995346855888e+00
1.262500000000000000e+01 9.993082351440849553e-01 9.984212573809140290e-01 9.995957061404808774e-01 9.922124130387171004e-01
1.267500000000000071e+01 9.974654269053191413e-01 1.000038289907609457e+00 9.996798938201775231e-01 1.096263366193267474e+00
1.272500000000000142e+01 9.956280674235513661e-01 9.955318793387681886e-01 9.998798619361378703e-01 1.220848768401587181e+00
1.277500000000000036e+01 9.987515612893104189e-01 1.001254937223918340e+00 1.000165550239495049e+00 1.203969657699946127e+00
1.282500000000000107e+01 9.931863118567477722e-01 1.000841951529656493e+00 1.000287365628480085e+00 1.165463699015611532e+00
1.287500000000000000e+01 9.922812530749209881e-01 9.993426985239678428e-01 1.000621405592498459e+00 1.243161327774886526e+00
1.292500000000000071e+01 1.000110127429631124e+00 1.000189018001824026e+00 1.000520774373505839e+00 1.047093049105595197e+00
1.297500000000000142e+01 9.977331872576117311e-01 9.967226155395129128e-01 1.000446828521987852e+00 1.202722678582387239e+00
1.302500000000000036e+01 1.001754461958337394e+00 1.000864628741043205e+00 1.000666224182260144e+00 1.115822605813386881e+00
1.307500000000000107e+01 1.001136802356852762e+00 1.003400470004690570e+00 1.000751586394218240e+00 1.072263622659963778e+00
1.312500000000000000e+01 9.945946960937945835e-01 1.001911318731399270e+00 1.000799219910341487e+00 1.147569139928506843e+00
1.317500000000000071e+01 9.942382906003681686e-01 9.992493426950320723e-01 1.000760319849361313e+00 1.000829963810291101e+00
1.322500000000000142e+01 9.971195188937042042e-01 1.002866822610715136e+00 1.000867089725989700e+00 1.198782062546961180e+00
1.327500000000000036e+01 9.976856475950893755e-01 9.966386511336309262e-01 1.000989397338473363e+00 1.101385888027724302e+00
1.332500000000000107e+01 9.994028203410559863e-01 1.000097838810528605e+00 1.000763787963821816e+00 1.288820656983314050e+00
1.337500000000000000e+01 9.948847819282157223e-01 1.001160241986020161e+00 1.000636358275623694e+00 1.091675549009742063e+00
1.342500000000000071e+01 9.974393626539651558e-01 1.003010052686315712e+00 1.000737264333928511e+00 1.163330257352420238e+00
1.347500000000000142e+01 9.965107514794230292e-01 9.999023086243828962e-01 1.000988517484478146e+00 9.831556704261177337e-01
1.352500000000000036e+01 1.003650868615683533e+00 1.003198941796870303e+00 1.000891547552618999e+00 1.100343558849591341e+00
1.357500000000000107e+01 9.999444664937822136e-01 1.002291509785834700e+00 1.000623223612037815e+00 1.066246814118023467e+00
1.362500000000000000e+01 1.000989574902080292e+00 1.006243029237506637e+00 1.000659910961719579e+00 1.161697518890350223e+00
1.367500000000000071e+01 9.976360892907208955e-01 1.002742282380478578e+00 1.000549694599916606e+00 1.146811246005799090e+00
1.372500000000000142e+01 1.001688972500254682e+00 1.009569225950721405e+00 1.000532260688689057e+00 1.373797211703652099e+00
1.377500000000000036e+01 9.990522983238021570e-01 1.005025422046921690e+00 1.000239005206746690e+00 1.161791506399578067e+00
1.382500000000000107e+01 1.003824319015553357e+00 1.004482511034291203e+00 1.000414583470711660e+00 1.191014129144582157e+00
1.387500000000000000e+01 9.972560494301445644e-01 1.002240991646612844e+00 1.000534336623009279e+00 9.646267709770310894e-01
1.392500000000000071e+01 9.968174534487264093e-01 1.001457722139042383e+00 1.000163624728872991e+00 1.211042161520559768e+00
1.397500000000000142e+01 9.982061222312953452e-01 1.004199677760069243e+00 1.000129151762108703e+00 1.153314676980035758e+00
1.402500000000000036e+01 1.004294566143530520e+00 1.003137278097732565e+00 9.998755165595580863e-01 1.254743881233653546e+00
1.407500000000000107e+01 9.982000641434938260e-01 1.004417193690179122e+00 1.000180219904113210e+00 1.185367112013939739e+00
1.412500000000000000e+01 9.985979444738574129e-01 1.003840353989144729e+00 1.000214660332005234e+00 1.213020300215398084e+00
1.417500000000000071e+01 9.994364396880930368e-01 1.004498824689824321e+00 1.000218110094037716e+00 1.138887556337669249e+00
1.422500000000000142e+01 1.002784486551713927e+00 1.004566682960918333e+00 9.998503873284969590e-01 1.261155598539911882e+00
1.427500000000000036e+01 1.002392368445845783e+00 9.978592635764892416e-01 1.000056179053874672e+00 1.117107555353780590e+00
1.432500000000000107e+01 1.004042286866208000e+00 1.002606005682679102e+00 1.000014849333847877e+00 1.196900986274030965e+00
1.437500000000000000e+01 1.000049969116386439e+00 9.986816420288557872e-01 9.997755847473599466e-01 1.008851327247198171e+00
1.442500000000000071e+01 9.996874517283783623e-01 1.006452951038835364e+00 1.000059444790889929e+00 1.111269248441012270e+00
1.447500000000000142e+01 1.002416750335509699e+00 1.000198103304465569e+00 1.000003319818729697e+00 9.892421040480716687e-01
1.452500000000000036e+01 1.003665125338847108e+00 1.001138031517090576e+00 9.999292401986380474e-01 1.050589566348227644e+00
1.457500000000000107e+01 1.000671030491481872e+00 1.006688874591999960e+00 1.000029191040378684e+00 1.077233573757210072e+00
1.462500000000000000e+01 1.001833833589372835e+00 9.995204271232868143e-01 1.000086780394408015e+00 1.047474598445713223e+00
1.467500000000000071e+01 9.986237232721436596e-01 1.003024343690574138e+00 9.999755204282892995e-01 1.084855855365281396e+00
1.472500000000000142e+01 1.003501480286855818e+00 1.002081389319311899e+00 9.999274483859410534e-01 1.182488198655274880e+00
1.477500000000000036e+01 9.965344882062556753e-01 1.002160006454525742e+00 1.000114161884478881e+00 1.223893238404149209e+00
1.482500000000000107e+01 9.990475317991132087e-01 9.999088454635367551e-01 1.000085567402608122e+00 1.106624518215162611e+00
1.487500000000000000e+01 9.986290836030264906e-01 1.001455591552734337e+00 9.998588744699263842e-01 1.142515665494957755e+00
1.492500000000000071e+01 9.986294709522077762e-01 1.003427135010771076e+00 9.999426002107120182e-01 1.247822938998498277e+00
1.497500000000000142e+01 1.000509584990135981e+00 1.002550492685919226e+00 9.998962655141016009e-01 1.084566131528766908e+00
1.502500000000000036e+01 9.998110662321951780e-01 9.997261511789024002e-01 1.000169747417303689e+00 1.141046028621366171e+00
1.507500000000000107e+01 9.994161091373294781e-01 9.973863721971237828e-01 9.999535729350081947e-01 1.212570120122940853e+00
1.512500000000000000e+01 9.997167790386392028e-01 1.002031641398032136e+00 1.000063086637400511e+00 1.288362308621403551e+00
1.517500000000000071e+01 9.991125213671339100e-01 9.983008861705890968e-01 9.999480893963972328e-01 1.071774682616773999e+00
1.522500000000000142e+01 9.992957685699408454e-01 9.999056720063821402e-01 1.000038041726782678e+00 1.033734638036114095e+00
1.527500000000000036e+01 9.983203992103006907e-01 9.952959483328922552e-01 1.000116984650174734e+00 1.196429634017251553e+00
1.532500000000000107e+01 1.002228743723051929e+00 1.002193033648705711e+00 1.000126797732640682e+00 1.183533892618080285e+00
1.537500000000000000e+01 9.958373590107416629e-01 1.001356751955488456e+00 1.000060054463701942e+00 1.150507069290668039e+00
1.542500000000000071e+01 1.001290739111148298e+00 1.002509332187523583e+00 1.000084936226566690e+00 1.163202481994484616e+00
1.547500000000000142e+01 9.990333594327153177e-01 1.006402810162583039e+00 9.995380042095112216e-01 1.215734234458849317e+00
1.552500000000000036e+01 9.999059345046261704e-01 9.988521147540122547e-01 9.976778712426516149e-01 1.138324164578180975e+00
1.557500000000000107e+01 9.933431946062820650e-01 9.942173946999824929e-01 9.930517155513114425e-01 1.224867927896649888e+00
1.562500000000000000e+01 9.848563382477247830e-01 9.818039200921387932e-01 9.856339491339973780e-01 1.030559184361828029e+00
1.567500000000000071e+01 9.718786591625906413e-01 9.802851716073822663e-01 9.768183726863566285e-01 1.023995135386449595e+00
1.572500000000000142e+01 9.658243067876386423e-01 9.690269890266051123e-01 9.674065093370102231e-01 1.104707338100401337e+00
1.577500000000000036e+01 9.574053496409640207e-01 9.593793118014752874e-01 9.578310321736074329e-01 1.141046419612628426e+00
1.582500000000000107e+01 9.475711135664539597e-01 9.517142015801695054e-01 9.486609370807130848e-01 8.850707650546993932e-01
1.587500000000000000e+01 9.401758351759738064e-01 9.379794514629687940e-01 9.394591294984028229e-01 1.069667392697252639e+00
1.592500000000000071e+01 9.315554306784880056e-01 9.361710437107819693e-01 9.302498121728003388e-01 9.401299830363318843e-01
1.597500000000000142e+01 9.203061034072522739e-01 9.224140437652087465e-01 9.209805598163942619e-01 9.530331685193118574e-01
1.602499999999999858e+01 9.121973911435011795e-01 9.148707192179958980e-01 9.118089794351977861e-01 9.937502266446692767e-01
1.607500000000000284e+01 9.041298718781958232e-01 9.083259187600214446e-01 9.028995074751585692e-01 1.043216075592014569e+00
1.612500000000000000e+01 8.952001180467678010e-01 8.900117274697076919e-01 8.938457361470376616e-01 1.073619009285084358e+00
1.617500000000000071e+01 8.865922971928286156e-01 8.845270041438839659e-01 8.851213322881505974e-01 9.799838414060788594e-01
1.622500000000000142e+01 8.698585300593665304e-01 8.779459824887096975e-01 8.760940696619686774e-01 8.874807111547050598e-01
1.627499999999999858e+01 8.693844979417535423e-01 8.703705690257184102e-01 8.671276435797453663e-01 8.413267046672847638e-01
1.632500000000000284e+01 8.563527342018655286e-01 8.605516215471675778e-01 8.582344471337162162e-01 9.575621033718698660e-01
1.637500000000000000e+01 8.466941800694649523e-01 8.531060250270873224e-01 8.497048875613781860e-01 9.204460357283595906e-01
1.642500000000000071e+01 8.387137465266786274e-01 8.452242855215111872e-01 8.412258286716876032e-01 8.260301862475230017e-01
1.647500000000000142e+01 8.341603413937015432e-01 8.329906029588244332e-01 8.323330598787752610e-01 7.592264558447457956e-01
1.652499999999999858e+01 8.233637969361755626e-01 8.270580180815219062e-01 8.238130879363753101e-01 8.818746439603296627e-01
1.657500000000000284e+01 8.162843402980294316e-01 8.170693213388229292e-01 8.153235671141559893e-01 9.201722200412665309e-01
1.662500000000000000e+01 8.070859461176963512e-01 8.045544149553019997e-01 8.070489268092601032e-01 8.062753359680939758e-01
1.667500000000000071e+01 7.989352909320275309e-01 8.018610046613126041e-01 7.986028712519290806e-01 8.488447785996398043e-01
1.672500000000000142e+01 7.904777652978751679e-01 7.904734821655722277e-01 7.901227535938152302e-01 8.095120052520556886e-01
1.677499999999999858e+01 7.813701572186088073e-01 7.847932978034093399e-01 7.818066587348215801e-01 7.621171202478774775e-01
1.682500000000000284e+01 7.707483884430352816e-01 7.734867316642152213e-01 7.735592744815430466e-01 7.872207714675057977e-01
1.687500000000000000e+01 7.692549012405159869e-01 7.666547736461744034e-01 7.654055006909435965e-01 8.078066312517656611e-01
1.692500000000000071e+01 7.571294746570103040e-01 7.590366966146818717e-01 7.571908236299821349e-01 6.942957126611740692e-01
1.697500000000000142e+01 7.514907828465987594e-01 7.484596727275580896e-01 7.491954050641068674e-01 6.278431110770087420e-01
1.702499999999999858e+01 7.419535328923245743e-01 7.447023203337491681e-01 7.409854884922387752e-01 6.737629367702462346e-01
1.707500000000000284e+01 7.337189791339425726e-01 7.354449029488967504e-01 7.329994579328579229e-01 6.944788683982341393e-01
1.712500000000000000e+01 7.265973211267027221e-01 7.257353056714799244e-01 7.249393753442366917e-01 6.454902460909797135e-01
1.717500000000000071e+01 7.180229252065141177e-01 7.165688619691713557e-01 7.171980814345420008e-01 6.620455521979715652e-01
1.722500000000000142e+01 7.072945613137695542e-01 7.131376682026059344e-01 7.091015148620782860e-01 5.935982810359000661e-01
1.727499999999999858e+01 7.029171034312874378e-01 7.027846169424407652e-01 7.014262209280696103e-01 6.303145075433057576e-01
1.732500000000000284e+01 6.911419685748934061e-01 6.930419713299866835e-01 6.935800153874868146e-01 5.747907494399889794e-01
1.737500000000000000e+01 6.859793005863255022e-01 6.899916181171922291e-01 6.857845424552574398e-01 6.111739859084757143e-01
1.742500000000000071e+01 6.753559188428148730e-01 6.792781625857218231e-01 6.781851903021601791e-01 6.037256465440317132e-01
1.747500000000000142e+01 6.688641706130027398e-01 6.701863467107526118e-01 6.704399141920510674e-01 6.041991663307706428e-01
1.752499999999999858e+01 6.609335163303601268e-01 6.607813767110756187e-01 6.628296909207401777e-01 5.500432389514051668e-01
1.757500000000000284e+01 6.536756198702105003e-01 6.587918244393720091e-01 6.551455182431391577e-01 5.081294909478085708e-01
1.762500000000000000e+01 6.479510829047793186e-01 6.503770570543107032e-01 6.476283319210257572e-01 5.438193244577281815e-01
1.767500000000000071e+01 6.378282347943823316e-01 6.402405029118328761e-01 6.401860677231856478e-01 5.139013159592531466e-01
1.772500000000000142e+01 6.325874231530110858e-01 6.353750758599042703e-01 6.326655079366314549e-01 5.071926265619565166e-01
1.777499999999999858e+01 6.245399861159458554e-01 6.273461063836240914e-01 6.252071829221849120e-01 5.877684344461137078e-01
1.782500000000000284e+01 6.170818208482697909e-01 6.209619848210456983e-01 6.179051848558340110e-01 4.864345505229353273e-01
1.787500000000000000e+01 6.128507487557746103e-01 6.105709040731212012e-01 6.106293475915814950e-01 4.499693452605449395e-01
1.792500000000000071e+01 6.045107303104380048e-01 6.043429318509059289e-01 6.032471706216145924e-01 5.369550705028039994e-01
1.797500000000000142e+01 5.973070060381459045e-01 5.964800910744849638e-01 5.960606783216606530e-01 4.635173563121941509e-01
1.802499999999999858e+01 5.889753297777586827e-01 5.903581779768761750e-01 5.889873439629126350e-01 4.793873756940896791e-01
1.807500000000000284e+01 5.831946149138802493e-01 5.805322118903595285e-01 5.817794046852289291e-01 4.217305064805552117e-01
1.812500000000000000e+01 5.752038376280198539e-01 5.759915932499021229e-01 5.746238233752748448e-01 4.522300792287197724e-01
1.817500000000000071e+01 5.667697585576226826e-01 5.665521398617313631e-01 5.674617860105570788e-01 4.787611309609073329e-01
1.822500000000000142e+01 5.594222237846822043e-01 5.615107372677230479e-01 5.604892269269350358e-01 4.292454308840548127e-01
1.827499999999999858e+01 5.552460125800169344e-01 5.523222868310186939e-01 5.534838776900053992e-01 3.910258977187944240e-01
1.832500000000000284e+01 5.447597949226721248e-01 5.479423115716840487e-01 5.464855395505052726e-01 4.959302849917570644e-01
1.837500000000000000e+01 5.374700380597632332e-01 5.405252564108746771e-01 5.395951500074834817e-01 4.506535779223715399e-01
1.842500000000000071e+01 5.333499350256292182e-01 5.335863928063041550e-01 5.326093633734377830e-01 3.846850461726368797e-01
1.847500000000000142e+01 5.269813966634747660e-01 5.253316290842816594e-01 5.258794151031619402e-01 3.685650974793003853e-01
1.852499999999999858e+01 5.205864702935968369e-01 5.212218725562662858e-01 5.189664389092752961e-01 3.945079982508328253e-01
1.857500000000000284e+01 5.136415182556002268e-01 5.144540718509585941e-01 5.121621567892612470e-01 4.062767976791705204e-01
1.862500000000000000e+01 5.042698722339590267e-01 5.047499549188388945e-01 5.053552942846530893e-01 3.695600523895647416e-01
1.867500000000000071e+01 5.004911091199162332e-01 4.995669965756212028e-01 4.986501876122524934e-01 3.538423496743133834e-01
1.872500000000000142e+01 4.919479365376235314e-01 4.930072191632350331e-01 4.920137760783663827e-01 3.724574393279175277e-01
1.877499999999999858e+01 4.849772522870478553e-01 4.880498262671126852e-01 4.853615143709972823e-01 3.466842322639526741e-01
1.882500000000000284e+01 4.798755709226166233e-01 4.803252218380224536e-01 4.788804224493105055e-01 3.752725684966213282e-01
1.887500000000000000e+01 4.734758906895428776e-01 4.723190372717548935e-01 4.722671335634696654e-01 3.631981660497090592e-01
1.892500000000000071e+01 4.669965554585085998e-01 4.660431735706726530e-01 4.657019297588194662e-01 2.977227649733331649e-01
1.897500000000000142e+01 4.572512551392151625e-01 4.605189517926858156e-01 4.592623327566063840e-01 3.394145200142633101e-01
1.902499999999999858e+01 4.530337326046095514e-01 4.516865114479048371e-01 4.529083318028881977e-01 2.979113122934237134e-01
1.907500000000000284e+01 4.454493388273469412e-01 4.458708166168938170e-01 4.463791781014014859e-01 3.490362944685007074e-01
1.912500000000000000e+01 4.413838940445569681e-01 4.439781696538994682e-01 4.399883703027618331e-01 3.668672578868146239e-01
1.917500000000000426e+01 4.347674591262971067e-01 4.348261128487478921e-01 4.335458976000554632e-01 2.900100721177631957e-01
1.922500000000000142e+01 4.253287598482086707e-01 4.279123251646048121e-01 4.273526088673391121e-01 2.787786916061089637e-01
1.927499999999999858e+01 4.209966097388370132e-01 4.209546871203059815e-01 4.209166987782832492e-01 2.902335129069952280e-01
1.932500000000000284e+01 4.141113556652155636e-01 4.168511167279443375e-01 4.147147896433571734e-01 2.181542766575612080e-01
1.937500000000000000e+01 4.091043129146910151e-01 4.073297753624752771e-01 4.084558981697571367e-01 3.638440304902815781e-01
1.942500000000000426e+01 4.012189051587031763e-01 4.015364256597784287e-01 4.023293759575237161e-01 3.302213211182741803e-01
1.947500000000000142e+01 3.939554734689494353e-01 3.957181519136514503e-01 3.961449096325859176e-01 2.716672871762914054e-01
1.952499999999999858e+01 3.915003734289779769e-01 3.912929510174704695e-01 3.900098548364679396e-01 2.639921601004571183e-01
1.957500000000000284e+01 3.858634139406300623e-01 3.839279684814276283e-01 3.838881714704345249e-01 3.564471443442225329e-01
1.962500000000000000e+01 3.775474478441818160e-01 3.782318276418658587e-01 3.777803111811610659e-01 2.830843708602124864e-01
1.967500000000000426e+01 3.700784901989715991e-01 3.718767005057792008e-01 3.717599313518114568e-01 2.723623184149256971e-01
1.972500000000000142e+01 3.667881756066700971e-01 3.667327472101951646e-01 3.656942346151303980e-01 3.541258663675116991e-01
1.977499999999999858e+01 3.596322708668094892e-01 3.591635089935708569e-01 3.598055656973593308e-01 2.788060814687186584e-01
1.982500000000000284e+01 3.547873987250598216e-01 3.541045642147715444e-01 3.538554881336704594e-01 2.347243629116010921e-01
1.987500000000000000e+01 3.491707761021796141e-01 3.498592784403529721e-01 3.479174470705084787e-01 2.699414453631276412e-01
1.992500000000000426e+01 3.431653864439264123e-01 3.414995350534219543e-01 3.419764151924210016e-01 3.229095992463427156e-01
1.997500000000000142e+01 3.359064727137106021e-01 3.388461723256277480e-01 3.361351987595114221e-01 2.972729944635308375e-01
