# r (Angstroms), cation-water g(r), anion-water g(r), water-water g(r), cation-anion g(r)
2.500000000000000139e-02 0.000000000000000000e+00 0.000000000000000000e+00 5.837119901233183191e+04 0.000000000000000000e+00
7.500000000000001110e-02 0.000000000000000000e+00 0.000000000000000000e+00 0.000000000000000000e+00 0.000000000000000000e+00
1.250000000000000000e-01 0.000000000000000000e+00 0.000000000000000000e+00 0.000000000000000000e+00 0.000000000000000000e+00
1.750000000000000167e-01 0.000000000000000000e+00 0.000000000000000000e+00 0.000000000000000000e+00 0.000000000000000000e+00
2.250000000000000056e-01 0.000000000000000000e+00 0.000000000000000000e+00 0.000000000000000000e+00 0.000000000000000000e+00
2.750000000000000222e-01 0.000000000000000000e+00 0.000000000000000000e+00 0.000000000000000000e+00 0.000000000000000000e+00
3.250000000000000666e-01 0.000000000000000000e+00 0.000000000000000000e+00 0.000000000000000000e+00 0.000000000000000000e+00
3.750000000000000000e-01 0.000000000000000000e+00 0.000000000000000000e+00 0.000000000000000000e+00 0.000000000000000000e+00
4.250000000000000444e-01 0.000000000000000000e+00 0.000000000000000000e+00 0.000000000000000000e+00 0.000000000000000000e+00
4.749999999999999778e-01 0.000000000000000000e+00 0.000000000000000000e+00 0.000000000000000000e+00 0.000000000000000000e+00
5.250000000000000222e-01 0.000000000000000000e+00 0.000000000000000000e+00 0.000000000000000000e+00 0.000000000000000000e+00
5.750000000000000666e-01 0.000000000000000000e+00 0.000000000000000000e+00 0.000000000000000000e+00 0.000000000000000000e+00
6.250000000000000000e-01 0.000000000000000000e+00 0.000000000000000000e+00 0.000000000000000000e+00 0.000000000000000000e+00
6.750000000000000444e-01 0.000000000000000000e+00 0.000000000000000000e+00 0.000000000000000000e+00 0.000000000000000000e+00
7.250000000000000888e-01 0.000000000000000000e+00 0.000000000000000000e+00 0.000000000000000000e+00 0.000000000000000000e+00
7.750000000000000222e-01 0.000000000000000000e+00 0.000000000000000000e+00 0.000000000000000000e+00 0.000000000000000000e+00
8.250000000000000666e-01 0.000000000000000000e+00 0.000000000000000000e+00 0.000000000000000000e+00 0.000000000000000000e+00
8.750000000000000000e-01 0.000000000000000000e+00 0.000000000000000000e+00 0.000000000000000000e+00 0.000000000000000000e+00
9.250000000000000444e-01 0.000000000000000000e+00 0.000000000000000000e+00 0.000000000000000000e+00 0.000000000000000000e+00
9.750000000000000888e-01 0.000000000000000000e+00 0.000000000000000000e+00 0.000000000000000000e+00 0.000000000000000000e+00
1.024999999999999911e+00 0.000000000000000000e+00 0.000000000000000000e+00 0.000000000000000000e+00 0.000000000000000000e+00
1.075000000000000178e+00 0.000000000000000000e+00 0.000000000000000000e+00 0.000000000000000000e+00 0.000000000000000000e+00
1.125000000000000000e+00 0.000000000000000000e+00 0.000000000000000000e+00 0.000000000000000000e+00 0.000000000000000000e+00
1.175000000000000266e+00 0.000000000000000000e+00 0.000000000000000000e+00 0.000000000000000000e+00 0.000000000000000000e+00
1.225000000000000089e+00 0.000000000000000000e+00 0.000000000000000000e+00 0.000000000000000000e+00 0.000000000000000000e+00
1.274999999999999911e+00 0.000000000000000000e+00 0.000000000000000000e+00 0.000000000000000000e+00 0.000000000000000000e+00
1.325000000000000178e+00 0.000000000000000000e+00 0.000000000000000000e+00 0.000000000000000000e+00 0.000000000000000000e+00
1.375000000000000000e+00 0.000000000000000000e+00 0.000000000000000000e+00 0.000000000000000000e+00 0.000000000000000000e+00
1.425000000000000266e+00 0.000000000000000000e+00 0.000000000000000000e+00 0.000000000000000000e+00 0.000000000000000000e+00
1.475000000000000089e+00 0.000000000000000000e+00 0.000000000000000000e+00 0.000000000000000000e+00 0.000000000000000000e+00
1.524999999999999911e+00 0.000000000000000000e+00 0.000000000000000000e+00 0.000000000000000000e+00 0.000000000000000000e+00
1.575000000000000178e+00 0.000000000000000000e+00 0.000000000000000000e+00 0.000000000000000000e+00 0.000000000000000000e+00
1.625000000000000000e+00 0.000000000000000000e+00 0.000000000000000000e+00 0.000000000000000000e+00 0.000000000000000000e+00
1.675000000000000266e+00 0.000000000000000000e+00 0.000000000000000000e+00 0.000000000000000000e+00 0.000000000000000000e+00
1.725000000000000089e+00 3.405310123730384623e-05 0.000000000000000000e+00 0.000000000000000000e+00 0.000000000000000000e+00
1.774999999999999911e+00 3.190446853273320310e-02 0.000000000000000000e+00 0.000000000000000000e+00 0.000000000000000000e+00
1.825000000000000178e+00 8.977432455064532357e-01 0.000000000000000000e+00 0.000000000000000000e+00 0.000000000000000000e+00
1.875000000000000000e+00 5.674384252800233064e+00 0.000000000000000000e+00 0.000000000000000000e+00 0.000000000000000000e+00
1.925000000000000266e+00 1.255621000491706596e+01 0.000000000000000000e+00 0.000000000000000000e+00 0.000000000000000000e+00
1.975000000000000089e+00 1.341762598865335043e+01 0.000000000000000000e+00 0.000000000000000000e+00 0.000000000000000000e+00
2.025000000000000355e+00 8.880301751967959234e+00 0.000000000000000000e+00 0.000000000000000000e+00 0.000000000000000000e+00
2.075000000000000178e+00 4.362668295766803261e+00 0.000000000000000000e+00 0.000000000000000000e+00 0.000000000000000000e+00
2.125000000000000000e+00 1.815145595136615109e+00 0.000000000000000000e+00 0.000000000000000000e+00 0.000000000000000000e+00
2.174999999999999822e+00 7.050525455387524065e-01 0.000000000000000000e+00 0.000000000000000000e+00 0.000000000000000000e+00
2.225000000000000089e+00 2.852087029186258782e-01 0.000000000000000000e+00 0.000000000000000000e+00 1.151816185947206472e-01
2.275000000000000355e+00 1.283778724790246850e-01 0.000000000000000000e+00 0.000000000000000000e+00 1.430462729763992691e+00
2.325000000000000178e+00 6.750341481282594314e-02 0.000000000000000000e+00 0.000000000000000000e+00 5.953961462580293684e+00
2.375000000000000000e+00 4.029501104960785118e-02 0.000000000000000000e+00 1.090545167937365987e-05 1.235812328794757065e+01
2.425000000000000266e+00 2.920761563819025339e-02 0.000000000000000000e+00 7.725748345096283311e-04 1.501553180980374158e+01
2.475000000000000089e+00 2.301056206027906476e-02 0.000000000000000000e+00 1.743835316164423638e-02 1.267988254827801420e+01
2.525000000000000355e+00 1.975601951070252507e-02 0.000000000000000000e+00 1.457831227003721364e-01 8.147701117324896103e+00
2.575000000000000178e+00 1.720820424880384683e-02 0.000000000000000000e+00 5.957098337126051080e-01 4.299949705110188702e+00
2.625000000000000000e+00 1.658832851091636071e-02 0.000000000000000000e+00 1.439278293553651222e+00 2.085133040769447277e+00
2.675000000000000266e+00 1.719189474383981883e-02 0.000000000000000000e+00 2.367926965377717963e+00 9.353721908775649574e-01
2.725000000000000089e+00 1.881847135123895093e-02 0.000000000000000000e+00 2.951690273243696705e+00 4.028435636610397386e-01
2.775000000000000355e+00 2.029139584540526342e-02 0.000000000000000000e+00 3.040899383055038818e+00 1.529552786051024960e-01
2.825000000000000178e+00 2.332524362956281058e-02 0.000000000000000000e+00 2.759522431694673372e+00 5.973839954609996838e-02
2.875000000000000000e+00 2.770684458227730754e-02 0.000000000000000000e+00 2.322222828688228713e+00 2.827385412295444281e-02
2.925000000000000266e+00 3.129217648559898257e-02 2.487266109756164031e-04 1.890275252092131542e+00 1.966716845357196000e-02
2.975000000000000089e+00 3.946593481922296143e-02 3.950028289130235772e-03 1.540678894612598215e+00 5.281016082206728759e-03
3.025000000000000355e+00 4.829372612009754512e-02 3.963385594676200469e-02 1.283083299831800916e+00 5.107883781906671049e-03
3.075000000000000178e+00 5.774216347097942820e-02 2.032335538351250637e-01 1.111209769639798672e+00 1.977251143354807807e-03
3.125000000000000000e+00 7.539653005809163200e-02 6.643424227785852398e-01 9.985366956806347449e-01 2.871729933054893713e-03
3.175000000000000266e+00 9.588963993396143470e-02 1.474100909864343611e+00 9.271163354636814402e-01 4.636659651906877878e-03
3.225000000000000089e+00 1.207072593669265698e-01 2.425164632842122803e+00 8.846954002994923405e-01 6.291606484477587323e-03
3.275000000000000355e+00 1.534618656710859397e-01 3.179843609143654604e+00 8.605937481736056771e-01 6.972533206012523389e-03
3.325000000000000178e+00 1.933082415838784374e-01 3.526505111033956474e+00 8.473250074133555909e-01 1.014662036194184137e-02
3.375000000000000000e+00 2.412945429667767427e-01 3.476579034452078165e+00 8.421677494424342214e-01 1.313094957854818792e-02
3.425000000000000266e+00 2.995472958585242429e-01 3.113137444595420966e+00 8.432786658227786614e-01 1.673485981375954709e-02
3.475000000000000089e+00 3.710207060128744572e-01 2.635368978366524839e+00 8.484631491864300656e-01 2.554632764751754714e-02
3.525000000000000355e+00 4.509634246525778267e-01 2.155094158967326479e+00 8.543893393154597948e-01 3.310234805983711809e-02
3.575000000000000178e+00 5.415908443619453783e-01 1.733452254105192658e+00 8.649844179568367819e-01 3.437718686872948126e-02
3.625000000000000000e+00 6.437612134439070211e-01 1.394057658844301661e+00 8.765649589992305923e-01 4.268349684250150738e-02
3.675000000000000266e+00 7.601971015815368604e-01 1.128654508209886886e+00 8.900569614087843195e-01 7.475392799882400741e-02
3.725000000000000089e+00 8.656124438948906707e-01 9.327642862735345819e-01 9.033589100096468538e-01 9.903527422905870903e-02
3.775000000000000355e+00 9.899236171251402094e-01 7.935132485605516095e-01 9.177175765910484673e-01 1.364440879047581490e-01
3.825000000000000178e+00 1.108943049176623230e+00 6.932590980974503436e-01 9.342776244341522984e-01 1.718758525562757711e-01
3.875000000000000000e+00 1.225545069588706681e+00 6.265903615994726783e-01 9.513297888933244240e-01 2.465343252834268639e-01
3.925000000000000266e+00 1.336811068020850257e+00 5.846538085178798472e-01 9.670830371231712297e-01 3.452699005721638348e-01
3.975000000000000089e+00 1.441831235343907558e+00 5.657092195306200333e-01 9.845371058359442262e-01 4.129591363616268995e-01
4.025000000000000355e+00 1.523751399146536567e+00 5.601172658171010843e-01 1.001439439933392128e+00 5.383639092423925243e-01
4.075000000000000178e+00 1.593845348288397190e+00 5.709823220599973270e-01 1.017309775470088606e+00 6.834231101145952225e-01
4.125000000000000000e+00 1.648524457934575471e+00 5.917836605499811053e-01 1.032748930835233336e+00 8.301238464525833027e-01
4.175000000000000711e+00 1.673894210120397297e+00 6.228021746621629218e-01 1.048160108625839859e+00 1.023273832880398082e+00
4.224999999999999645e+00 1.692181336752292875e+00 6.574463826490986040e-01 1.061577999740866529e+00 1.190344279185138410e+00
4.275000000000000355e+00 1.684929086539965093e+00 6.976169994601024715e-01 1.073339628841775362e+00 1.398980916492058357e+00
4.325000000000000178e+00 1.652231756342530611e+00 7.429701380229802865e-01 1.082558120455575645e+00 1.654179299578347084e+00
4.375000000000000000e+00 1.603945930780535267e+00 7.904420892441097468e-01 1.090044089282084405e+00 1.919878966273160570e+00
4.425000000000000711e+00 1.529063237097824102e+00 8.353476034021996011e-01 1.095380370661223957e+00 2.135021597058132770e+00
4.474999999999999645e+00 1.451956688873412782e+00 8.837984035886449208e-01 1.097988928901122208e+00 2.346658734005524494e+00
4.525000000000000355e+00 1.366111875394382835e+00 9.343153253157363558e-01 1.098315656438673571e+00 2.573125964072986882e+00
4.575000000000000178e+00 1.282413029519309910e+00 9.802752028801449136e-01 1.096056250665184084e+00 2.815537612650171884e+00
4.625000000000000000e+00 1.200090248061948417e+00 1.020785421835863627e+00 1.092745486837534807e+00 3.004093685113353729e+00
4.675000000000000711e+00 1.133755468858057114e+00 1.062644217504913779e+00 1.087329591328493716e+00 3.166017849781441296e+00
4.724999999999999645e+00 1.073535189166967108e+00 1.104332120687157692e+00 1.079401227430075938e+00 3.242988377900155594e+00
4.775000000000000355e+00 1.027588626924344606e+00 1.132476808592941309e+00 1.070309049506447563e+00 3.313187660461755613e+00
4.825000000000001066e+00 9.868493016408652618e-01 1.160538295776176732e+00 1.060797625280579304e+00 3.307517820035807965e+00
4.875000000000000000e+00 9.607023189100043492e-01 1.182947983805290981e+00 1.049661190752398054e+00 3.293908704579760371e+00
4.925000000000000711e+00 9.367243298097124304e-01 1.193016491478950947e+00 1.037842480552572777e+00 3.186514628905658952e+00
4.974999999999999645e+00 9.201358663687720929e-01 1.203106571226034038e+00 1.026612264333188973e+00 3.007589351308059378e+00
5.025000000000000355e+00 9.130003820975648443e-01 1.209839882151316548e+00 1.014398146347525342e+00 2.832157284180341961e+00
5.075000000000001066e+00 9.065169151419150140e-01 1.214029649639279507e+00 1.003003399234706938e+00 2.513845193321565752e+00
5.125000000000000000e+00 8.975959405900414412e-01 1.204805300326313944e+00 9.908184320544003443e-01 2.292417755147848624e+00
5.175000000000000711e+00 9.009384257074565250e-01 1.202671463101200544e+00 9.788122963723807635e-01 2.034007639989606986e+00
5.224999999999999645e+00 8.952589419613489197e-01 1.191693991602367442e+00 9.680584454900210689e-01 1.852820207924878115e+00
5.275000000000000355e+00 8.967625439500986895e-01 1.178962635600754760e+00 9.569318412009226726e-01 1.639805265492484398e+00
5.325000000000001066e+00 8.953789197208426032e-01 1.166650742870668722e+00 9.466305627986766336e-01 1.424536232328431185e+00
5.375000000000000000e+00 8.994578398498519478e-01 1.151988185427388123e+00 9.380625100107248260e-01 1.277140584560196412e+00
5.425000000000000711e+00 8.994439960238146403e-01 1.133743677129354754e+00 9.284061818887534567e-01 1.170169328905561024e+00
5.474999999999999645e+00 9.033272053582186434e-01 1.115872396782466858e+00 9.214865793228075308e-01 1.124880855219414277e+00
5.525000000000000355e+00 9.029129704864393702e-01 1.099740807600387837e+00 9.149165886144320359e-01 1.060208259688032673e+00
5.575000000000001066e+00 9.075718294921787388e-01 1.080050938821307982e+00 9.104472752116483658e-01 9.693917057178130792e-01
5.625000000000000000e+00 9.126180835357954324e-01 1.057607882729164839e+00 9.084952868486934063e-01 9.998022039140046502e-01
5.675000000000000711e+00 9.150305388600877832e-01 1.035897877298407987e+00 9.085825143237640233e-01 9.988074660137830074e-01
5.724999999999999645e+00 9.188832525710520782e-01 1.016519235858202919e+00 9.102603285507292474e-01 1.011385300323565772e+00
5.775000000000000355e+00 9.246323820668950200e-01 1.000406380423760178e+00 9.150809829324274558e-01 1.009364624495282747e+00
5.825000000000001066e+00 9.263402563272314927e-01 9.816333649632773550e-01 9.203082699500256814e-01 1.000100737613757618e+00
5.875000000000000000e+00 9.295297794979924255e-01 9.678496449513909194e-01 9.272393657873276851e-01 9.652748271454890672e-01
5.925000000000000711e+00 9.358401565769786101e-01 9.529518969369650261e-01 9.350879049977307567e-01 1.051839455199825357e+00
5.974999999999999645e+00 9.368823959068449669e-01 9.315999714716365343e-01 9.432099605116718299e-01 1.024620740828070975e+00
6.025000000000000355e+00 9.429284791201990590e-01 9.167602925258697688e-01 9.520187345729429484e-01 1.055069375826775513e+00
6.075000000000001066e+00 9.523672306199150173e-01 9.059987611538770080e-01 9.613021959115483073e-01 1.079061584242966054e+00
6.125000000000000000e+00 9.565409876209820528e-01 8.965805874108552231e-01 9.703155243879358904e-01 1.104126416784909415e+00
6.175000000000000711e+00 9.577604262887097208e-01 8.885911727244307778e-01 9.790121923518229075e-01 1.111324965844483481e+00
6.224999999999999645e+00 9.672379647883957432e-01 8.813641164424327323e-01 9.875249549113845893e-01 1.168328769581544968e+00
6.275000000000000355e+00 9.686649643919568176e-01 8.759753675441640519e-01 9.970855297286271846e-01 1.141474855805095112e+00
6.325000000000001066e+00 9.731101635254154614e-01 8.736326385376624870e-01 1.003261714575097718e+00 1.206686796601670331e+00
6.375000000000000000e+00 9.804714556840722350e-01 8.733623229396461074e-01 1.011576982615526976e+00 1.206004426152694986e+00
6.425000000000000711e+00 9.831931785305009219e-01 8.775114125950957966e-01 1.018802564994438775e+00 1.226936802235901736e+00
6.474999999999999645e+00 9.860743671866529780e-01 8.827725582722518727e-01 1.024107679948952354e+00 1.246412376668991850e+00
6.525000000000000355e+00 9.908252186714743281e-01 8.945200796985848246e-01 1.029665243911018102e+00 1.236385829038911588e+00
6.575000000000001066e+00 9.901775017482501440e-01 9.020261841385310841e-01 1.033584292158142404e+00 1.242088304534073817e+00
6.625000000000000000e+00 9.915697472573686833e-01 9.121622502845424529e-01 1.037019300275356049e+00 1.224262596817142779e+00
6.675000000000000711e+00 9.957068621025672028e-01 9.257450334267325331e-01 1.040328387118486742e+00 1.286767378776877191e+00
6.724999999999999645e+00 9.910008631636485488e-01 9.386923261110359240e-01 1.041830197039977257e+00 1.282380364849610821e+00
6.775000000000000355e+00 9.902148196269313640e-01 9.509879864096129065e-01 1.043383152264636848e+00 1.297737473058558466e+00
6.825000000000001066e+00 9.900371588383273247e-01 9.655367380764553475e-01 1.043520002786809675e+00 1.284612731453068868e+00
6.875000000000000000e+00 9.885314053218701158e-01 9.772284149930373642e-01 1.043577327526472365e+00 1.303969414966803964e+00
6.925000000000000711e+00 9.861839044302066482e-01 9.937383027073249941e-01 1.042286522189046272e+00 1.285402526315265526e+00
6.974999999999999645e+00 9.851037115390675059e-01 1.007380664044581486e+00 1.040445310766550557e+00 1.326222280627359140e+00
7.025000000000000355e+00 9.833279632731738440e-01 1.022748884627160182e+00 1.038180120431192011e+00 1.297560837852951954e+00
7.075000000000001066e+00 9.856742355894128060e-01 1.031925195446699695e+00 1.035678923777531013e+00 1.323173538773701807e+00
7.125000000000000000e+00 9.861772690531975805e-01 1.045425076458621039e+00 1.032438118005288619e+00 1.298591131167277535e+00
7.175000000000000711e+00 9.860706165259995881e-01 1.054266831483676059e+00 1.029305682278470080e+00 1.316509771002479567e+00
7.224999999999999645e+00 9.879224362365487400e-01 1.060685435776772101e+00 1.025622048303728606e+00 1.286889997351000403e+00
7.275000000000000355e+00 9.904536810631526800e-01 1.070018459083692974e+00 1.021935991744836070e+00 1.282155619223056320e+00
7.325000000000001066e+00 9.925633566951242992e-01 1.073617960162543072e+00 1.017742998577342295e+00 1.234918830767160802e+00
7.375000000000000000e+00 9.996559827633109130e-01 1.077480141242199707e+00 1.013933080162930711e+00 1.225621503840468085e+00
7.425000000000000711e+00 9.978437901384263897e-01 1.082168772807028168e+00 1.010501117362480494e+00 1.221887857842713032e+00
7.474999999999999645e+00 1.003609397861310759e+00 1.081068209857870999e+00 1.006381697684773702e+00 1.191542684298622312e+00
7.525000000000000355e+00 1.006444432019509394e+00 1.078813182617734290e+00 1.003067997590183946e+00 1.178897577339264924e+00
7.575000000000001066e+00 1.012695389104852906e+00 1.077605873429964722e+00 1.000244350805776117e+00 1.163711825181247717e+00
7.625000000000000000e+00 1.015055357585866513e+00 1.074331220307801482e+00 9.967240444264293675e-01 1.115217255996329371e+00
7.675000000000000711e+00 1.015007581544085102e+00 1.069943993407242111e+00 9.942915030935483012e-01 1.079309796635337548e+00
7.724999999999999645e+00 1.019496558519207507e+00 1.063431855850132557e+00 9.920312849611740980e-01 1.083241626454169104e+00
7.775000000000000355e+00 1.022943281240920932e+00 1.058030824351642307e+00 9.903377257660634925e-01 1.075075883753955575e+00
7.825000000000001066e+00 1.025181262222270684e+00 1.051388012555695362e+00 9.890020686256441040e-01 1.066419036124735209e+00
7.875000000000000000e+00 1.026149356158324588e+00 1.043651558851409922e+00 9.880084397307016264e-01 1.079751996583429463e+00
7.925000000000000711e+00 1.028111878401789747e+00 1.032339212596307787e+00 9.870822458289066903e-01 1.056048990899702611e+00
7.974999999999999645e+00 1.028746492019645409e+00 1.026280035726429896e+00 9.865385779795403653e-01 1.040643797666570780e+00
8.025000000000000355e+00 1.028597887080131779e+00 1.018105619015681862e+00 9.864939521729892968e-01 1.050651633789384753e+00
8.074999999999999289e+00 1.025833114104870436e+00 1.014853401052324244e+00 9.867844222934460952e-01 1.045422538454105821e+00
8.125000000000000000e+00 1.027090808630414687e+00 1.007278162905788976e+00 9.872657093865233602e-01 1.019709228082782193e+00
8.175000000000000711e+00 1.024139457262765340e+00 9.989808186851445448e-01 9.875911792320017923e-01 1.042943234806224861e+00
8.225000000000001421e+00 1.023201456271048082e+00 9.964094430150356452e-01 9.880968942131130861e-01 1.052687500380294461e+00
8.275000000000000355e+00 1.018776463429503565e+00 9.909649859547925432e-01 9.891402637739024062e-01 1.057752192810201830e+00
8.324999999999999289e+00 1.017252401105027682e+00 9.893236453253767548e-01 9.908303418162315301e-01 1.074354578040876751e+00
8.375000000000000000e+00 1.016230895708377213e+00 9.852249982189261734e-01 9.913551623074458030e-01 1.073826434354821391e+00
8.425000000000000711e+00 1.013938407936933572e+00 9.826669873486145734e-01 9.925947159466841363e-01 1.075605737851893950e+00
8.475000000000001421e+00 1.009040185562564584e+00 9.795573980144294257e-01 9.936896912210669841e-01 1.075576447263767887e+00
8.525000000000000355e+00 1.008008726302874747e+00 9.776144433884222940e-01 9.944702963861866696e-01 1.057079778760295907e+00
8.574999999999999289e+00 1.005098326112051854e+00 9.782079068819862222e-01 9.958831599292192749e-01 1.076063289079137064e+00
8.625000000000000000e+00 1.001964063429313878e+00 9.786347590403066121e-01 9.965295098251230055e-01 1.086996966805631182e+00
8.675000000000000711e+00 1.001781342374814976e+00 9.802202536907842489e-01 9.973522353645719596e-01 1.092514785257352905e+00
8.725000000000001421e+00 9.996520526441921017e-01 9.808612702367532910e-01 9.983274420299460550e-01 1.095501882210699884e+00
8.775000000000000355e+00 9.952254040005927838e-01 9.821386793741161414e-01 9.986855110292132132e-01 1.086088254465547465e+00
8.824999999999999289e+00 9.943672950083277673e-01 9.832969242773748064e-01 9.992991914822249022e-01 1.087860075983702046e+00
8.875000000000000000e+00 9.908780365345987162e-01 9.849251596458600266e-01 9.999637969601891108e-01 1.072313894127889133e+00
8.925000000000000711e+00 9.912068713791939434e-01 9.871918793930440916e-01 1.000340960564744419e+00 1.079110197589268960e+00
8.975000000000001421e+00 9.890652897717790992e-01 9.881406286983261955e-01 1.000627325612106766e+00 1.075592179528268133e+00
9.025000000000000355e+00 9.874289954691933824e-01 9.904895833117086656e-01 1.000687297870711312e+00 1.060493687431549370e+00
9.074999999999999289e+00 9.874039092016519970e-01 9.920747720091024346e-01 1.000766272774987309e+00 1.078693375701086365e+00
9.125000000000000000e+00 9.850065186097840542e-01 9.944080138149473669e-01 1.000300211146134099e+00 1.080826010080893962e+00
9.175000000000000711e+00 9.845190364147496931e-01 9.958551613451066542e-01 1.000882255881419880e+00 1.040760276379311344e+00
9.225000000000001421e+00 9.833745421049004953e-01 9.988296732006055612e-01 1.000976113500378739e+00 1.064880442842497388e+00
9.275000000000000355e+00 9.840727755936489185e-01 1.000154501837948962e+00 1.000657139981221189e+00 1.072338505705383360e+00
9.324999999999999289e+00 9.833966374511645681e-01 1.000111643981947518e+00 9.999957915828057153e-01 1.050764185385922866e+00
9.375000000000000000e+00 9.835839915441098036e-01 1.003453292109449002e+00 1.000255466753973588e+00 1.054370320461511579e+00
9.425000000000000711e+00 9.844250152025026956e-01 1.002880538692458634e+00 9.995627234872753730e-01 1.048474910615174061e+00
9.475000000000001421e+00 9.842792487868942120e-01 1.006600694562498566e+00 9.995570444579742198e-01 1.042540761995886411e+00
9.525000000000000355e+00 9.867607319503659546e-01 1.006960799456087852e+00 9.996376720509198011e-01 1.043988857951093863e+00
9.575000000000001066e+00 9.863138595695195576e-01 1.006823010454738210e+00 9.994624670878264894e-01 1.042800791862776189e+00
9.625000000000000000e+00 9.879297709719255804e-01 1.006696079765185603e+00 9.990637015615787542e-01 1.022307415013507637e+00
9.675000000000000711e+00 9.910889722416436065e-01 1.008443906537535240e+00 9.989002225241414568e-01 1.045124352083476094e+00
9.725000000000001421e+00 9.905791758423774240e-01 1.006988930884623157e+00 9.989145840375097674e-01 1.018392451647003982e+00
9.775000000000000355e+00 9.898635363746847160e-01 1.008561017647825242e+00 9.991706454279503102e-01 1.011620701906079001e+00
9.825000000000001066e+00 9.942519021751250463e-01 1.007394125949445662e+00 9.987450867746280325e-01 1.008710552869567012e+00
9.875000000000000000e+00 9.932124816917876631e-01 1.006122195733031077e+00 9.991890955477589209e-01 1.003218990903060437e+00
9.925000000000000711e+00 9.935621121940756417e-01 1.007435626285925201e+00 9.992041440857238888e-01 1.003195954036849358e+00
9.975000000000001421e+00 9.976251322445849334e-01 1.006794213169696750e+00 9.996552399300802083e-01 1.005847566416404382e+00
1.002500000000000036e+01 9.986801393832666074e-01 1.007058216813167428e+00 9.997921644223670690e-01 9.998389437503762966e-01
1.007500000000000107e+01 9.993975616591844746e-01 1.003251116796746834e+00 9.995319574856432743e-01 9.991492269854881370e-01
1.012500000000000000e+01 9.994036865736065645e-01 1.003515824357173347e+00 1.000036783917432004e+00 9.929530175493010979e-01
1.017500000000000071e+01 1.002159825226535350e+00 1.003235530397665887e+00 1.000165065903768191e+00 9.730149688338327607e-01
1.022500000000000142e+01 1.003350816761566566e+00 1.001627482463308683e+00 1.000721710299559364e+00 9.929393284610534831e-01
1.027500000000000036e+01 1.002738701995504522e+00 1.002621601000238671e+00 1.001203239971545811e+00 9.948101487484058980e-01
1.032500000000000107e+01 1.001594208194400037e+00 1.000492497055884833e+00 1.001248795627244670e+00 1.008524104335522198e+00
1.037500000000000000e+01 1.003019727938085026e+00 1.000483514415857478e+00 1.001440398060739589e+00 9.943976375359615538e-01
1.042500000000000071e+01 1.002864159914164555e+00 1.001201652246327400e+00 1.001853576647915300e+00 9.915051671847703307e-01
1.047500000000000142e+01 1.004172145427767227e+00 9.999395550231383600e-01 1.001949894493870064e+00 9.979941149866229377e-01
1.052500000000000036e+01 1.004820946532497983e+00 1.000361357200233448e+00 1.002176689886772110e+00 9.870999107074119872e-01
1.057500000000000107e+01 1.005080049451263502e+00 9.992869842445436523e-01 1.002595618391923127e+00 9.815494033140041985e-01
1.062500000000000000e+01 1.004145279936031532e+00 9.992234699777793328e-01 1.002811623952188702e+00 9.991628786642315907e-01
1.067500000000000071e+01 1.005861444657021320e+00 9.985028189256353048e-01 1.002648922149970145e+00 9.997511175202495881e-01
1.072500000000000142e+01 1.002654837502305440e+00 9.999255373540919534e-01 1.002752765621136577e+00 1.004267265390061281e+00
1.077500000000000036e+01 1.003650388392485882e+00 1.000841619695015838e+00 1.002792355753927556e+00 1.004147683596147811e+00
1.082500000000000107e+01 1.005129621102919035e+00 1.001567567230404965e+00 1.002964892800465968e+00 9.792567348996301657e-01
1.087500000000000000e+01 1.004588227418490076e+00 1.002083648084733936e+00 1.002373765741261469e+00 1.006791408948397804e+00
1.092500000000000071e+01 1.003621516091389498e+00 1.001881859276415820e+00 1.002575008336478390e+00 9.821674467611952730e-01
1.097500000000000142e+01 1.002970568819571584e+00 1.001959315564985520e+00 1.002612223682792791e+00 1.003196460249568656e+00
1.102500000000000036e+01 1.002615260445435252e+00 1.001951639017386375e+00 1.002087822799430095e+00 9.925027453488558526e-01
1.107500000000000107e+01 1.004428076412221760e+00 1.002650127272938896e+00 1.002155081524177094e+00 1.013895118558949093e+00
1.112500000000000000e+01 1.002123123350029843e+00 1.004468094570013514e+00 1.001433235628903295e+00 1.002233862650833807e+00
1.117500000000000071e+01 1.001860758923763361e+00 1.005268909513841402e+00 1.001508092965588181e+00 1.020009566548142121e+00
1.122500000000000142e+01 1.000389085068661199e+00 1.004440903907979354e+00 1.001414682219073704e+00 1.008939685494409932e+00
1.127500000000000036e+01 1.001256397197265890e+00 1.004620303664399472e+00 1.000880586210442624e+00 9.966284351186970314e-01
1.132500000000000107e+01 1.002590899948658576e+00 1.005478755911121569e+00 1.000434183650157127e+00 1.000821643734172817e+00
1.137500000000000000e+01 1.000809679304734745e+00 1.006291158337924818e+00 1.000199454492010309e+00 1.002735323907228748e+00
1.142500000000000071e+01 1.001521759406124978e+00 1.005051002669598459e+00 1.000293906650573383e+00 1.003574597395443080e+00
1.147500000000000142e+01 1.001327669148189603e+00 1.004022771976875505e+00 9.997990368431763919e-01 1.021328918424640797e+00
1.152500000000000036e+01 9.993559520262563778e-01 1.005045095252873999e+00 9.995559545632530796e-01 1.001999683227280613e+00
1.157500000000000107e+01 9.994978841133306258e-01 1.004042032692459507e+00 9.992622063884056827e-01 1.003478930392665891e+00
1.162500000000000000e+01 1.000716192811536009e+00 1.004056807523531214e+00 9.990080176568952863e-01 1.011328924577836075e+00
1.167500000000000071e+01 1.002888101874767512e+00 1.004598776644231028e+00 9.990118868302068078e-01 9.926720056798153946e-01
1.172500000000000142e+01 1.001261972904134545e+00 1.004416851718828330e+00 9.985591371724488186e-01 9.883717498779078792e-01
1.177500000000000036e+01 1.001569903646100768e+00 1.003885313954214764e+00 9.986444647065030322e-01 9.832320805769220184e-01
1.182500000000000107e+01 1.000755572133841254e+00 1.004001533826946346e+00 9.985116619241170000e-01 9.894421745024359893e-01
1.187500000000000000e+01 9.988953850998396611e-01 1.003397519656880288e+00 9.985043776878358424e-01 9.880219935623164584e-01
1.192500000000000071e+01 1.000732405672599024e+00 1.003430321970141481e+00 9.981838637837675554e-01 1.006903728867472703e+00
1.197500000000000142e+01 1.000606585030280327e+00 1.002564753820213816e+00 9.981142138664493846e-01 9.751749473708363203e-01
1.202500000000000036e+01 1.000433532599814157e+00 1.003566812175322731e+00 9.982069731770860654e-01 9.833737678880052346e-01
1.207500000000000107e+01 1.000675223264134717e+00 1.000859400626136431e+00 9.985054355729667819e-01 9.851204025297082278e-01
1.212500000000000000e+01 1.001606799692532634e+00 1.001815654170956638e+00 9.982238267550211930e-01 9.848336482800935654e-01
1.217500000000000071e+01 1.000011159746153400e+00 1.000286666195446594e+00 9.982153924542485068e-01 9.859058106353508766e-01
1.222500000000000142e+01 1.001223358732181268e+00 1.001424741999152879e+00 9.984698840750944049e-01 9.786708060348353611e-01
1.227500000000000036e+01 1.000206305842321397e+00 1.000598399869201627e+00 9.985441470010987253e-01 9.807650330549708695e-01
1.232500000000000107e+01 1.000344195239298850e+00 1.001258121989918592e+00 9.987177335687431601e-01 9.724544195994921925e-01
1.237500000000000000e+01 1.001335894178281505e+00 9.999859853578735303e-01 9.988968623660149371e-01 9.832914512254841144e-01
1.242500000000000071e+01 9.994888859750133969e-01 9.993648254265106168e-01 9.990786506271840395e-01 9.871409229688755671e-01
1.247500000000000142e+01 1.000469172925790184e+00 1.001001816739510275e+00 9.991044392502922422e-01 9.836889393321841535e-01
1.252500000000000036e+01 1.001373559330714258e+00 9.999466218559536212e-01 9.992853003788779720e-01 9.750761481347546278e-01
1.257500000000000107e+01 1.000473494924529971e+00 9.993212669862504560e-01 9.994662528289957049e-01 9.811709533939783068e-01
1.262500000000000000e+01 9.996052026952491065e-01 9.976196842925230124e-01 9.995983590922790096e-01 9.889569622315740327e-01
1.267500000000000071e+01 9.996769510093841404e-01 1.000070549445479351e+00 9.996670023309649489e-01 9.704051173166575728e-01
1.272500000000000142e+01 9.991328180726563035e-01 9.991234307792566938e-01 9.997837942221526886e-01 9.718003052456127833e-01
1.277500000000000036e+01 9.996562927670721299e-01 9.980505668312128487e-01 9.998648496480515568e-01 9.638071883417570485e-01
1.282500000000000107e+01 9.993852951651186478e-01 9.986428967724756411e-01 1.000214920714767253e+00 9.763695587721222813e-01
1.287500000000000000e+01 9.989972593656745170e-01 9.999356391264603294e-01 1.000433952965443130e+00 9.632741811205002280e-01
1.292500000000000071e+01 1.000499133039683963e+00 9.997281422693182762e-01 1.000407680845657454e+00 9.619912983887968227e-01
1.297500000000000142e+01 9.980422711048759776e-01 9.986195273104840897e-01 1.000680140340194368e+00 9.696396405629343906e-01
1.302500000000000036e+01 9.980897880722853222e-01 9.995012624472859875e-01 1.000749423195718579e+00 9.724035528025558595e-01
1.307500000000000107e+01 9.988459726750185119e-01 9.998489282760516517e-01 1.000594443056154859e+00 9.709410448533656313e-01
1.312500000000000000e+01 9.993063840002730513e-01 1.001348219442121268e+00 1.000714789240381819e+00 9.680073585215359655e-01
1.317500000000000071e+01 9.984881391250001181e-01 9.994420670378508786e-01 1.000692805431511845e+00 9.608894265575060878e-01
1.322500000000000142e+01 9.995535075652773882e-01 1.001255764791205927e+00 1.000793570744071825e+00 9.668393740787912805e-01
1.327500000000000036e+01 9.989799484396764129e-01 1.000018465048952754e+00 1.000745942806110955e+00 9.794095744681096116e-01
1.332500000000000107e+01 9.987806376988731527e-01 1.000420914310764742e+00 1.000438285213548939e+00 9.673347258363644841e-01
1.337500000000000000e+01 9.997533320941035528e-01 1.001634580141216313e+00 1.000778072359845172e+00 9.594365040275236733e-01
1.342500000000000071e+01 9.994288929108872122e-01 1.002316091327279279e+00 1.000568847280286722e+00 9.843059612641306133e-01
1.347500000000000142e+01 9.982814237362750420e-01 1.002302489841140121e+00 1.000672028523502899e+00 9.734109484971865678e-01
1.352500000000000036e+01 9.986824593115429805e-01 1.000959850879141744e+00 1.000546090042101044e+00 9.790542911462845055e-01
1.357500000000000107e+01 9.989091867080424070e-01 1.002544037312268266e+00 1.000659342185640899e+00 9.777906222122270119e-01
1.362500000000000000e+01 9.995451217804991462e-01 1.002538144477707727e+00 1.000437279760932219e+00 9.775765917433870689e-01
1.367500000000000071e+01 1.000146148979401461e+00 1.001882360474394718e+00 1.000227806765044525e+00 9.681415231496013352e-01
1.372500000000000142e+01 1.000970656256896740e+00 1.000736648990105060e+00 1.000427120566776074e+00 9.730106879964125488e-01
1.377500000000000036e+01 9.993402856380664279e-01 1.001980626785531792e+00 1.000321231967915336e+00 9.650238614647892454e-01
1.382500000000000107e+01 1.001472177785434514e+00 1.002290796777906667e+00 1.000324534121317610e+00 9.700881600840760566e-01
1.387500000000000000e+01 1.000747628990649174e+00 1.002980003693953126e+00 1.000396494041016826e+00 9.772396600786277254e-01
1.392500000000000071e+01 1.000346292968289807e+00 1.001376872018904018e+00 1.000289338827196062e+00 9.629064064975494386e-01
1.397500000000000142e+01 1.000628142708389401e+00 1.003146752858595114e+00 1.000272125436421966e+00 9.673727857982294953e-01
1.402500000000000036e+01 1.000563201316393647e+00 1.001551316736283725e+00 1.000207905759135985e+00 9.708956540503019816e-01
1.407500000000000107e+01 1.001614118419993149e+00 1.001390069878855371e+00 1.000061206211283471e+00 9.844896229318536029e-01
1.412500000000000000e+01 1.000015458399571511e+00 1.001618934492131574e+00 9.998753271756478656e-01 9.737368876631389281e-01
1.417500000000000071e+01 1.001909932775481238e+00 1.002124779277572930e+00 1.000063529958218789e+00 9.813953700000521696e-01
1.422500000000000142e+01 1.001218583004805929e+00 1.003219260376001509e+00 9.998157575497894634e-01 9.733534540639506849e-01
1.427500000000000036e+01 1.000645593392875066e+00 1.002176262127177253e+00 9.999182568148802241e-01 9.839794305292549614e-01
1.432500000000000107e+01 1.002415703622993259e+00 1.001181134018912733e+00 9.999744636804542841e-01 9.720202295996487329e-01
1.437500000000000000e+01 1.001110277379945845e+00 1.002125892664024187e+00 1.000006301324141367e+00 9.709702632499225272e-01
1.442500000000000071e+01 9.996225363585325985e-01 1.001750747106540995e+00 9.999535504501004812e-01 9.824009527146515541e-01
1.447500000000000142e+01 1.001495184599941135e+00 1.003138614074085444e+00 9.999786499711144083e-01 9.713426307466684895e-01
1.452500000000000036e+01 1.000442232931668229e+00 1.001700676814412549e+00 9.999894011432850505e-01 9.658188152855753383e-01
1.457500000000000107e+01 1.001062148573837574e+00 1.000941459420100710e+00 1.000064087266951285e+00 9.733736476938330551e-01
1.462500000000000000e+01 1.002041079727943762e+00 1.001920266835649720e+00 9.999863014513368231e-01 9.796227077906446423e-01
1.467500000000000071e+01 1.001067357893439036e+00 1.001230169264090586e+00 1.000125605172401455e+00 9.712657011295151577e-01
1.472500000000000142e+01 9.998220087330104144e-01 1.001345144476773585e+00 1.000048810203662875e+00 9.792103694045513063e-01
1.477500000000000036e+01 1.000504902460770618e+00 1.001740616358900660e+00 1.000154808808934481e+00 9.723799937926748127e-01
1.482500000000000107e+01 9.998085799184965872e-01 1.000369713210522038e+00 9.999876910392843099e-01 9.658745397433169400e-01
1.487500000000000000e+01 1.001431053093993828e+00 1.002287942361707040e+00 9.999792790090893391e-01 9.853331218724618035e-01
1.492500000000000071e+01 9.998435825022059520e-01 1.001585475824419813e+00 9.999480504121616153e-01 9.808406136185516822e-01
1.497500000000000142e+01 1.002079733287184249e+00 1.000395093273937608e+00 9.999834094564249432e-01 9.769696496991832069e-01
1.502500000000000036e+01 1.000099260166668946e+00 1.001577890142798966e+00 9.999177119966302651e-01 9.810376593883184393e-01
1.507500000000000107e+01 1.000700794636225632e+00 1.000484526781379779e+00 1.000004018555824103e+00 9.801763063417067157e-01
1.512500000000000000e+01 1.000831331591975237e+00 1.002040639126008381e+00 1.000039115531330181e+00 9.690888914452212566e-01
1.517500000000000071e+01 1.001275505661896936e+00 1.000255016891814730e+00 9.999380767362108235e-01 9.803316128628037918e-01
1.522500000000000142e+01 1.001633685575002319e+00 1.001300124919455525e+00 9.998601250862946266e-01 9.601913971428857053e-01
1.527500000000000036e+01 1.000730541732440582e+00 1.001730763694096193e+00 1.000067369903141712e+00 9.708232318943804673e-01
1.532500000000000107e+01 9.994843042201480010e-01 1.001314224602448455e+00 9.998425498962678626e-01 9.686781274659104213e-01
1.537500000000000000e+01 9.999285196326286318e-01 1.001434906077949494e+00 1.000151749954270031e+00 9.790368386946383117e-01
1.542500000000000071e+01 1.000809793507810408e+00 1.000184136456155004e+00 1.000013122766917784e+00 9.850763713531417443e-01
1.547500000000000142e+01 1.000837890248919004e+00 1.001071474016014928e+00 9.999023097857591136e-01 9.606081642746016058e-01
1.552500000000000036e+01 1.000320578308288022e+00 1.001321220101020648e+00 9.999231153942008676e-01 9.704490032782865372e-01
1.557500000000000107e+01 1.000325233378942302e+00 1.000328575319931357e+00 1.000097024772385934e+00 9.727062842515774577e-01
1.562500000000000000e+01 1.000833164980905909e+00 1.000088938462873278e+00 1.000059148794716357e+00 9.708560487424967578e-01
1.567500000000000071e+01 9.999115969796604775e-01 1.002503716893033081e+00 1.000061410627653746e+00 9.631884547033485733e-01
1.572500000000000142e+01 1.000175273619133831e+00 1.001013746902224222e+00 1.000022249751675307e+00 9.805121325653914921e-01
1.577500000000000036e+01 9.991055040931406950e-01 9.998812529678265948e-01 9.998680189587573208e-01 9.544716421993374444e-01
1.582500000000000107e+01 9.998210457601063306e-01 1.002212515862975106e+00 9.999649809433893699e-01 9.704364132622054218e-01
1.587500000000000000e+01 1.000913888811106878e+00 1.000588587384161565e+00 9.997715530666974049e-01 9.677828029984346658e-01
1.592500000000000071e+01 1.000081694734748838e+00 1.001789109086965945e+00 9.999297939749790531e-01 9.711886116938642788e-01
1.597500000000000142e+01 1.000627309691337397e+00 1.000405736412510294e+00 1.000046935386198488e+00 9.557045186633398304e-01
1.602499999999999858e+01 1.001368030393720909e+00 1.000770984421335053e+00 9.999537521009477237e-01 9.756324091342641891e-01
1.607500000000000284e+01 9.998786035309714659e-01 1.001304888355467382e+00 9.996786169632766450e-01 9.731902732698046732e-01
1.612500000000000000e+01 9.988560433866641164e-01 9.995482064829649405e-01 9.984092041066036094e-01 9.524956334318818163e-01
1.617500000000000071e+01 9.951738175670638009e-01 9.967676629500089591e-01 9.951934147795226115e-01 9.630879476763031244e-01
1.622500000000000142e+01 9.894350175213779686e-01 9.905155502643042675e-01 9.888403381622478117e-01 9.481770092372098224e-01
1.627499999999999858e+01 9.812488298693802236e-01 9.806814628478487395e-01 9.808086610458589538e-01 9.468069162111690806e-01
1.632500000000000284e+01 9.729712061538355883e-01 9.718753525738262899e-01 9.716353166411167974e-01 9.305981376866971910e-01
1.637500000000000000e+01 9.631390728400383017e-01 9.619988817862946684e-01 9.625337091902251840e-01 9.230062940472091304e-01
1.642500000000000071e+01 9.539283107807633444e-01 9.541356556339439798e-01 9.536622402069706572e-01 9.273056260383298888e-01
1.647500000000000142e+01 9.446706994830549320e-01 9.444410903231591492e-01 9.447957772099611073e-01 9.135918863094183440e-01
1.652499999999999858e+01 9.376724487302725564e-01 9.362140557797266061e-01 9.356221624696998695e-01 8.999241923141316768e-01
1.657500000000000284e+01 9.273448873286835870e-01 9.276100954142605381e-01 9.268259437055892391e-01 8.976334668930513461e-01
1.662500000000000000e+01 9.186016162078114444e-01 9.194954882204984248e-01 9.180516569166800034e-01 8.823322459949156649e-01
1.667500000000000071e+01 9.105856174857451801e-01 9.104726392062009177e-01 9.092230247674426558e-01 8.725773553476317002e-01
1.672500000000000142e+01 9.012389563189862063e-01 9.016610011860254348e-01 9.005572510436656852e-01 8.654630461616906745e-01
1.677499999999999858e+01 8.923464186529350695e-01 8.919902659980663007e-01 8.920705811587025247e-01 8.631352388464088587e-01
1.682500000000000284e+01 8.839458775370131471e-01 8.840110293036238520e-01 8.833862667608285424e-01 8.576495327038841099e-01
1.687500000000000000e+01 8.756657361737872902e-01 8.756422495101302550e-01 8.748899365888225255e-01 8.535267088087188370e-01
1.692500000000000071e+01 8.669591607356877949e-01 8.667925402062047757e-01 8.662763453019095561e-01 8.336425722196746380e-01
1.697500000000000142e+01 8.576491248294658698e-01 8.590730696837957092e-01 8.580290239663461715e-01 8.254296909543109573e-01
1.702499999999999858e+01 8.492346607804547309e-01 8.489727987457751368e-01 8.497399973466678302e-01 8.258455563892035389e-01
1.707500000000000284e+01 8.421819216711858846e-01 8.413741666574784395e-01 8.413131919653797919e-01 8.112687827741775770e-01
1.712500000000000000e+01 8.328624534171203964e-01 8.332539551734318151e-01 8.328374365675452751e-01 8.168982177445464066e-01
1.717500000000000071e+01 8.257109986810251545e-01 8.245659952471300347e-01 8.247262410042713876e-01 8.108811773533195488e-01
1.722500000000000142e+01 8.165972622845871776e-01 8.171290461054818710e-01 8.165792872652205547e-01 7.843772934510123696e-01
1.727499999999999858e+01 8.075889746214121034e-01 8.087282307745581322e-01 8.083320965587686979e-01 7.855758631424498706e-01
1.732500000000000284e+01 8.004379894081649072e-01 8.015835085357041478e-01 8.001460817938395031e-01 7.811103504416561094e-01
1.737500000000000000e+01 7.930352567563130339e-01 7.937042514085332900e-01 7.922178531557793058e-01 7.668670089644789023e-01
1.742500000000000071e+01 7.847516694461722508e-01 7.848871713620252377e-01 7.840275255151013534e-01 7.548984447055200331e-01
1.747500000000000142e+01 7.760835296572923259e-01 7.773110111134586830e-01 7.761969582746116592e-01 7.583909059596199986e-01
1.752499999999999858e+01 7.685054357685286996e-01 7.687390407951302240e-01 7.683009763784852675e-01 7.390941339836082369e-01
1.757500000000000284e+01 7.611180166120206092e-01 7.623036828722276059e-01 7.604644743279800334e-01 7.414017219736441788e-01
1.762500000000000000e+01 7.525218617594024995e-01 7.535129093285054536e-01 7.526163029377778146e-01 7.266082350362498277e-01
1.767500000000000071e+01 7.452896637666968083e-01 7.453363736337518253e-01 7.448061864029261736e-01 7.222936501551379118e-01
1.772500000000000142e+01 7.368838843054796861e-01 7.384353335574472821e-01 7.368945720495111429e-01 7.111129736618168051e-01
1.777499999999999858e+01 7.297949437767172753e-01 7.305114647996985289e-01 7.291120225245415476e-01 7.027685662115915610e-01
1.782500000000000284e+01 7.219659656105462675e-01 7.214129275701847144e-01 7.216692497931844752e-01 6.965660032369237475e-01
1.787500000000000000e+01 7.140845933399642131e-01 7.146040948173588703e-01 7.140317537803092529e-01 6.900999110433476691e-01
1.792500000000000071e+01 7.074719714556177985e-01 7.063450862439573097e-01 7.063219483089895334e-01 6.871863818530161705e-01
1.797500000000000142e+01 6.993134422847316900e-01 6.990578281859789467e-01 6.989207152993698324e-01 6.771770261050477080e-01
1.802499999999999858e+01 6.923778475520168119e-01 6.928775102862319013e-01 6.914499833772297377e-01 6.650237300735877266e-01
1.807500000000000284e+01 6.842432882434896779e-01 6.845574966716555521e-01 6.841155469502125941e-01 6.659563887418491479e-01
1.812500000000000000e+01 6.773689486017747674e-01 6.769790460821314415e-01 6.766146443522589315e-01 6.541487729145352148e-01
1.817500000000000071e+01 6.700385878643192461e-01 6.699250821085446228e-01 6.691466203453076966e-01 6.440739161516270128e-01
1.822500000000000142e+01 6.618911572260663956e-01 6.623182851481845823e-01 6.618338587511715110e-01 6.304689577255421229e-01
1.827499999999999858e+01 6.545910081824590776e-01 6.552130278152736853e-01 6.544684330240412296e-01 6.332377568924089095e-01
1.832500000000000284e+01 6.474888218704908383e-01 6.478829343750409642e-01 6.473335694439918964e-01 6.272535891043288236e-01
1.837500000000000000e+01 6.404619428419167093e-01 6.411840571216155249e-01 6.402137307496235108e-01 6.116346215703607481e-01
1.842500000000000071e+01 6.336479662130507506e-01 6.334581177307022637e-01 6.330150133596909034e-01 6.015454385840310891e-01
1.847500000000000142e+01 6.253817560213931204e-01 6.263617911406590411e-01 6.257758397731482125e-01 6.023746819484340209e-01
1.852499999999999858e+01 6.197107163305699551e-01 6.192798883823793510e-01 6.187486346636136281e-01 5.989094630280537013e-01
1.857500000000000284e+01 6.124553771350627063e-01 6.117340442546262969e-01 6.117622802696655038e-01 5.912461051638132625e-01
1.862500000000000000e+01 6.047389913446591381e-01 6.049119308278176899e-01 6.047132841241896761e-01 5.833598589623261166e-01
1.867500000000000071e+01 5.984320817935235848e-01 5.982141577961022083e-01 5.977499572395570393e-01 5.863249509101183810e-01
1.872500000000000142e+01 5.918725522188478250e-01 5.911121520389125417e-01 5.907557307312792938e-01 5.676274627112467552e-01
1.877499999999999858e+01 5.844722093053694723e-01 5.840007448307933391e-01 5.838305358405304624e-01 5.618235877816559753e-01
1.882500000000000284e+01 5.771114366378559124e-01 5.777659836447779362e-01 5.769619830514671754e-01 5.559677668087507074e-01
1.887500000000000000e+01 5.705689996279942333e-01 5.697472516560124767e-01 5.702450367938436404e-01 5.466761582391105323e-01
1.892500000000000071e+01 5.628825168206860186e-01 5.638354563171762424e-01 5.634268252869731874e-01 5.452007923687376412e-01
1.897500000000000142e+01 5.562006206502838612e-01 5.572284765242027094e-01 5.565875573734062609e-01 5.393714508657718731e-01
1.902499999999999858e+01 5.506715934675091573e-01 5.503639034650784634e-01 5.499451363785881064e-01 5.341381553591932896e-01
1.907500000000000284e+01 5.432906165727247050e-01 5.437938785091251948e-01 5.433410300922355551e-01 5.185982660105834530e-01
1.912500000000000000e+01 5.374112823583979681e-01 5.366482796587569437e-01 5.366646242570731751e-01 5.186249036157496439e-01
1.917500000000000426e+01 5.308226401166146191e-01 5.301755088629022117e-01 5.299085044430120739e-01 5.117031913232118479e-01
1.922500000000000142e+01 5.240177130264689342e-01 5.238359331264061947e-01 5.234206079579027948e-01 5.019376927144404421e-01
1.927499999999999858e+01 5.177433924578010993e-01 5.171234152948619434e-01 5.168368450274617443e-01 4.953362503882733359e-01
1.932500000000000284e+01 5.100914778695637697e-01 5.106043248825746783e-01 5.102479351458133472e-01 4.994348425563484573e-01
1.937500000000000000e+01 5.041714687357581326e-01 5.041128898179625395e-01 5.039339261140879378e-01 4.818938658057279611e-01
1.942500000000000426e+01 4.980907255733521000e-01 4.975256731856668169e-01 4.974920652120740083e-01 4.820423917958746585e-01
1.947500000000000142e+01 4.918674519985827831e-01 4.916048103351899901e-01 4.909541808840925947e-01 4.687007473111002853e-01
1.952499999999999858e+01 4.850497929704163935e-01 4.846109289023555200e-01 4.845388780549206298e-01 4.679462554493622473e-01
1.957500000000000284e+01 4.777658327728198095e-01 4.785502238464895419e-01 4.783694422352061104e-01 4.596792185705909639e-01
1.962500000000000000e+01 4.727267263825606913e-01 4.726217434733157030e-01 4.720342089687267206e-01 4.538203963550408448e-01
1.967500000000000426e+01 4.658729260824827079e-01 4.657056490112527203e-01 4.656601660725879777e-01 4.493433205614429382e-01
1.972500000000000142e+01 4.596208146120451254e-01 4.595403343286895148e-01 4.595288390611973472e-01 4.436082985586751737e-01
1.977499999999999858e+01 4.535401790775906439e-01 4.534945706892625217e-01 4.532833608160415917e-01 4.406267858550526051e-01
1.982500000000000284e+01 4.472287673995541391e-01 4.470059996108015632e-01 4.470824195216218100e-01 4.324845177563087506e-01
1.987500000000000000e+01 4.413026443970188839e-01 4.408460077397482468e-01 4.408753524257607581e-01 4.259804322460059578e-01
1.992500000000000426e+01 4.351650921438232067e-01 4.346887927541178698e-01 4.347456329160398480e-01 4.181939271798741919e-01
1.997500000000000142e+01 4.287478838254732416e-01 4.290607813871046283e-01 4.286594508671692783e-01 4.135257476199855620e-01
