# r (Angstroms), cation-water g(r), anion-water g(r), water-water g(r), cation-anion g(r)
2.500000000000000139e-02 0.000000000000000000e+00 0.000000000000000000e+00 5.860328055365457840e+04 0.000000000000000000e+00
7.500000000000001110e-02 0.000000000000000000e+00 0.000000000000000000e+00 0.000000000000000000e+00 0.000000000000000000e+00
1.250000000000000000e-01 0.000000000000000000e+00 0.000000000000000000e+00 0.000000000000000000e+00 0.000000000000000000e+00
1.750000000000000167e-01 0.000000000000000000e+00 0.000000000000000000e+00 0.000000000000000000e+00 0.000000000000000000e+00
2.250000000000000056e-01 0.000000000000000000e+00 0.000000000000000000e+00 0.000000000000000000e+00 0.000000000000000000e+00
2.750000000000000222e-01 0.000000000000000000e+00 0.000000000000000000e+00 0.000000000000000000e+00 0.000000000000000000e+00
3.250000000000000666e-01 0.000000000000000000e+00 0.000000000000000000e+00 0.000000000000000000e+00 0.000000000000000000e+00
3.750000000000000000e-01 0.000000000000000000e+00 0.000000000000000000e+00 0.000000000000000000e+00 0.000000000000000000e+00
4.250000000000000444e-01 0.000000000000000000e+00 0.000000000000000000e+00 0.000000000000000000e+00 0.000000000000000000e+00
4.749999999999999778e-01 0.000000000000000000e+00 0.000000000000000000e+00 0.000000000000000000e+00 0.000000000000000000e+00
5.250000000000000222e-01 0.000000000000000000e+00 0.000000000000000000e+00 0.000000000000000000e+00 0.000000000000000000e+00
5.750000000000000666e-01 0.000000000000000000e+00 0.000000000000000000e+00 0.000000000000000000e+00 0.000000000000000000e+00
6.250000000000000000e-01 0.000000000000000000e+00 0.000000000000000000e+00 0.000000000000000000e+00 0.000000000000000000e+00
6.750000000000000444e-01 0.000000000000000000e+00 0.000000000000000000e+00 0.000000000000000000e+00 0.000000000000000000e+00
7.250000000000000888e-01 0.000000000000000000e+00 0.000000000000000000e+00 0.000000000000000000e+00 0.000000000000000000e+00
7.750000000000000222e-01 0.000000000000000000e+00 0.000000000000000000e+00 0.000000000000000000e+00 0.000000000000000000e+00
8.250000000000000666e-01 0.000000000000000000e+00 0.000000000000000000e+00 0.000000000000000000e+00 0.000000000000000000e+00
8.750000000000000000e-01 0.000000000000000000e+00 0.000000000000000000e+00 0.000000000000000000e+00 0.000000000000000000e+00
9.250000000000000444e-01 0.000000000000000000e+00 0.000000000000000000e+00 0.000000000000000000e+00 0.000000000000000000e+00
9.750000000000000888e-01 0.000000000000000000e+00 0.000000000000000000e+00 0.000000000000000000e+00 0.000000000000000000e+00
1.024999999999999911e+00 0.000000000000000000e+00 0.000000000000000000e+00 0.000000000000000000e+00 0.000000000000000000e+00
1.075000000000000178e+00 0.000000000000000000e+00 0.000000000000000000e+00 0.000000000000000000e+00 0.000000000000000000e+00
1.125000000000000000e+00 0.000000000000000000e+00 0.000000000000000000e+00 0.000000000000000000e+00 0.000000000000000000e+00
1.175000000000000266e+00 0.000000000000000000e+00 0.000000000000000000e+00 0.000000000000000000e+00 0.000000000000000000e+00
1.225000000000000089e+00 0.000000000000000000e+00 0.000000000000000000e+00 0.000000000000000000e+00 0.000000000000000000e+00
1.274999999999999911e+00 0.000000000000000000e+00 0.000000000000000000e+00 0.000000000000000000e+00 0.000000000000000000e+00
1.325000000000000178e+00 0.000000000000000000e+00 0.000000000000000000e+00 0.000000000000000000e+00 0.000000000000000000e+00
1.375000000000000000e+00 0.000000000000000000e+00 0.000000000000000000e+00 0.000000000000000000e+00 0.000000000000000000e+00
1.425000000000000266e+00 0.000000000000000000e+00 0.000000000000000000e+00 0.000000000000000000e+00 0.000000000000000000e+00
1.475000000000000089e+00 0.000000000000000000e+00 0.000000000000000000e+00 0.000000000000000000e+00 0.000000000000000000e+00
1.524999999999999911e+00 0.000000000000000000e+00 0.000000000000000000e+00 0.000000000000000000e+00 0.000000000000000000e+00
1.575000000000000178e+00 0.000000000000000000e+00 0.000000000000000000e+00 0.000000000000000000e+00 0.000000000000000000e+00
1.625000000000000000e+00 0.000000000000000000e+00 0.000000000000000000e+00 0.000000000000000000e+00 0.000000000000000000e+00
1.675000000000000266e+00 0.000000000000000000e+00 0.000000000000000000e+00 0.000000000000000000e+00 0.000000000000000000e+00
1.725000000000000089e+00 0.000000000000000000e+00 0.000000000000000000e+00 0.000000000000000000e+00 0.000000000000000000e+00
1.774999999999999911e+00 0.000000000000000000e+00 0.000000000000000000e+00 0.000000000000000000e+00 0.000000000000000000e+00
1.825000000000000178e+00 0.000000000000000000e+00 0.000000000000000000e+00 0.000000000000000000e+00 0.000000000000000000e+00
1.875000000000000000e+00 0.000000000000000000e+00 0.000000000000000000e+00 0.000000000000000000e+00 0.000000000000000000e+00
1.925000000000000266e+00 0.000000000000000000e+00 0.000000000000000000e+00 0.000000000000000000e+00 0.000000000000000000e+00
1.975000000000000089e+00 0.000000000000000000e+00 0.000000000000000000e+00 0.000000000000000000e+00 0.000000000000000000e+00
2.025000000000000355e+00 0.000000000000000000e+00 0.000000000000000000e+00 0.000000000000000000e+00 0.000000000000000000e+00
2.075000000000000178e+00 1.653976794069209836e-04 0.000000000000000000e+00 0.000000000000000000e+00 0.000000000000000000e+00
2.125000000000000000e+00 2.097492243271999873e-02 0.000000000000000000e+00 0.000000000000000000e+00 0.000000000000000000e+00
2.174999999999999822e+00 5.676825068888025072e-01 0.000000000000000000e+00 0.000000000000000000e+00 0.000000000000000000e+00
2.225000000000000089e+00 4.032265554129902618e+00 0.000000000000000000e+00 0.000000000000000000e+00 0.000000000000000000e+00
2.275000000000000355e+00 1.102668184082350500e+01 0.000000000000000000e+00 0.000000000000000000e+00 0.000000000000000000e+00
2.325000000000000178e+00 1.531518594496923669e+01 0.000000000000000000e+00 0.000000000000000000e+00 0.000000000000000000e+00
2.375000000000000000e+00 1.336382269351608798e+01 0.000000000000000000e+00 7.429550536507582923e-06 0.000000000000000000e+00
2.425000000000000266e+00 8.618205094813461642e+00 0.000000000000000000e+00 8.367831129568628450e-04 0.000000000000000000e+00
2.475000000000000089e+00 4.597856246582008310e+00 0.000000000000000000e+00 1.744575529972355182e-02 0.000000000000000000e+00
2.525000000000000355e+00 2.215535679548905623e+00 0.000000000000000000e+00 1.446558257011534288e-01 0.000000000000000000e+00
2.575000000000000178e+00 1.033789567754942018e+00 0.000000000000000000e+00 5.883078334709147539e-01 0.000000000000000000e+00
2.625000000000000000e+00 4.951696316856733504e-01 0.000000000000000000e+00 1.419321411972417790e+00 7.491105369327882152e-03
2.675000000000000266e+00 2.432643005285244908e-01 0.000000000000000000e+00 2.338019608054198617e+00 5.377477502478150706e-02
2.725000000000000089e+00 1.296362123450470749e-01 0.000000000000000000e+00 2.933062309344370622e+00 1.415558387179271238e-01
2.775000000000000355e+00 7.613765257505963890e-02 0.000000000000000000e+00 3.050662081719070162e+00 2.541109017586792862e-01
2.825000000000000178e+00 4.733313776543533052e-02 0.000000000000000000e+00 2.805698146403261983e+00 2.234396908655178482e-01
2.875000000000000000e+00 3.214956609108614305e-02 6.154204841325831945e-06 2.397380669556237187e+00 1.453377015327508293e-01
2.925000000000000266e+00 2.336623962569088150e-02 1.664770253229884694e-04 1.972697966697032346e+00 7.569056324551087789e-02
2.975000000000000089e+00 1.966773890065379171e-02 4.327822148507395016e-03 1.611857989249139367e+00 4.718791739014985276e-02
3.025000000000000355e+00 1.526505871749121029e-02 4.224296474661897588e-02 1.336236863968234045e+00 2.205122784690759230e-02
3.075000000000000178e+00 1.522457641964795882e-02 2.189218773219625547e-01 1.142440247958207866e+00 6.947894150521319832e-03
3.125000000000000000e+00 1.386619599964140914e-02 7.114056545661254782e-01 1.012387842097079549e+00 3.363672451828865397e-03
3.175000000000000266e+00 1.499722690289684995e-02 1.555498043236427597e+00 9.304014445435098146e-01 6.051623271634941868e-03
3.225000000000000089e+00 1.609112292536313618e-02 2.545698792412427469e+00 8.819684429895180422e-01 1.353561784071199764e-03
3.275000000000000355e+00 1.716864884720856535e-02 3.339923497190624868e+00 8.568225393224983000e-01 1.750063929453027399e-03
3.325000000000000178e+00 1.961933598773045462e-02 3.661992312991288134e+00 8.456509691097722214e-01 8.489135763921829740e-04
3.375000000000000000e+00 2.267753212492519196e-02 3.567799234421398236e+00 8.432627773944395555e-01 0.000000000000000000e+00
3.425000000000000266e+00 2.651277349707145334e-02 3.154035682464254808e+00 8.479834317700821744e-01 4.000332605667060665e-04
3.475000000000000089e+00 3.163598918201286636e-02 2.642645587953461384e+00 8.558287447215562338e-01 3.886045275686666719e-04
3.525000000000000355e+00 3.820390863031377510e-02 2.123006595503001304e+00 8.662419434851834632e-01 7.553173105757491788e-04
3.575000000000000178e+00 4.691800610257945009e-02 1.669079808035527135e+00 8.775448134185124260e-01 1.835844105430502757e-03
3.625000000000000000e+00 5.750923298816833229e-02 1.317799918187888775e+00 8.902646770582730573e-01 7.142200785081486607e-04
3.675000000000000266e+00 7.310010305375044815e-02 1.054663337607521179e+00 9.027183410970618382e-01 2.432213084653717106e-03
3.725000000000000089e+00 9.412241327843473560e-02 8.680532499213623465e-01 9.162141353384664066e-01 2.029163969370321053e-03
3.775000000000000355e+00 1.177821901564456153e-01 7.379698881247197528e-01 9.297072686118127427e-01 4.610125426932037106e-03
3.825000000000000178e+00 1.544012254781527149e-01 6.559305348716650830e-01 9.452314186669226181e-01 8.660035407127293638e-03
3.875000000000000000e+00 2.026677286802897049e-01 6.033958693952888863e-01 9.587641588029289785e-01 1.218821578061500717e-02
3.925000000000000266e+00 2.673738871102230852e-01 5.797041240735556489e-01 9.734575920956937134e-01 1.949484315334251705e-02
3.975000000000000089e+00 3.544782436290966343e-01 5.718088914995650418e-01 9.883179926611896926e-01 2.465034868133512275e-02
4.025000000000000355e+00 4.623120867933330769e-01 5.787441719517425476e-01 1.003610067239987469e+00 3.446946745901485754e-02
4.075000000000000178e+00 6.008043770373429071e-01 5.950115648809861657e-01 1.018690946714376766e+00 5.030188895476218197e-02
4.125000000000000000e+00 7.535392084467259499e-01 6.202921142871316018e-01 1.031528423281608875e+00 7.115271060881343812e-02
4.175000000000000711e+00 9.293142600910019313e-01 6.507732966317021361e-01 1.045313844476250642e+00 1.066109963552625550e-01
4.224999999999999645e+00 1.118959961109285528e+00 6.855994305564602209e-01 1.057438046498133888e+00 1.508962210897990819e-01
4.275000000000000355e+00 1.306840392976097665e+00 7.270254056906148010e-01 1.068371181758890565e+00 2.108098672922794070e-01
4.325000000000000178e+00 1.479453048834472817e+00 7.689606424097047421e-01 1.079651135049272126e+00 2.864929965997713990e-01
4.375000000000000000e+00 1.640599101644215407e+00 8.131106081643469929e-01 1.088244003412814687e+00 3.868754074534420107e-01
4.425000000000000711e+00 1.771923253990079772e+00 8.626218251707700180e-01 1.098072433294259520e+00 5.121513453899552148e-01
4.474999999999999645e+00 1.867611279944788594e+00 9.101081096609986432e-01 1.105921618634209347e+00 7.044064848007399737e-01
4.525000000000000355e+00 1.925648359504083862e+00 9.562828225527831849e-01 1.108178893600278547e+00 9.419442570094781475e-01
4.575000000000000178e+00 1.929284597833550885e+00 1.002446676107816348e+00 1.102558435510438972e+00 1.260460639048599507e+00
4.625000000000000000e+00 1.906416779053536237e+00 1.043583485084666584e+00 1.090204858937057875e+00 1.663340042877370584e+00
4.675000000000000711e+00 1.830566587022600888e+00 1.083899625777683839e+00 1.075593997883386166e+00 2.096883567661954384e+00
4.724999999999999645e+00 1.737555167685210344e+00 1.118499986650861588e+00 1.060023747539841521e+00 2.549215066205892999e+00
4.775000000000000355e+00 1.618371562469923974e+00 1.142619566677035792e+00 1.046588900875741412e+00 3.068270401656871815e+00
4.825000000000001066e+00 1.498878599909207798e+00 1.172424373875440740e+00 1.033766327184149958e+00 3.385372429756727364e+00
4.875000000000000000e+00 1.369255868452482705e+00 1.191195926377983882e+00 1.022859415015819229e+00 3.693625411743328701e+00
4.925000000000000711e+00 1.253021420667865815e+00 1.205506979262186640e+00 1.011061652311561421e+00 3.982535337967310518e+00
4.974999999999999645e+00 1.142976444411856196e+00 1.216111152384868443e+00 1.000624138097151228e+00 4.138179183515041437e+00
5.025000000000000355e+00 1.056063018795419639e+00 1.218761899135695881e+00 9.899569825203848872e-01 4.161053932195401650e+00
5.075000000000001066e+00 9.796002813353128502e-01 1.221232594642738256e+00 9.798763097244258535e-01 4.234884232754057898e+00
5.125000000000000000e+00 9.284996479419255211e-01 1.218754318683133553e+00 9.692742706631840566e-01 4.205004237665079359e+00
5.175000000000000711e+00 8.897995581402411425e-01 1.210340444639549373e+00 9.598083841924188730e-01 4.148848286536871655e+00
5.224999999999999645e+00 8.600282846991185171e-01 1.199342592975900956e+00 9.518671502756729241e-01 4.077216260719188412e+00
5.275000000000000355e+00 8.444160782982013114e-01 1.187130929919664402e+00 9.431902650928867260e-01 3.884935894775982224e+00
5.325000000000001066e+00 8.332830450033255065e-01 1.173160414357036219e+00 9.363899337660539501e-01 3.663212208133564296e+00
5.375000000000000000e+00 8.268427291979206784e-01 1.158156643673887043e+00 9.304456661473805568e-01 3.443992611133141146e+00
5.425000000000000711e+00 8.297547436216852201e-01 1.139653166829220243e+00 9.251687858127070063e-01 3.117391759042684285e+00
5.474999999999999645e+00 8.282890071323981696e-01 1.120460095492114228e+00 9.209041585717101519e-01 2.833402555243022203e+00
5.525000000000000355e+00 8.365555411044589551e-01 1.102356899505342325e+00 9.166429693748497920e-01 2.501333980197026907e+00
5.575000000000001066e+00 8.401611265332667999e-01 1.081050524706552496e+00 9.147300844765530181e-01 2.204675399838652794e+00
5.625000000000000000e+00 8.434200714873206772e-01 1.062438292625939473e+00 9.132012006978580398e-01 1.933843561250467635e+00
5.675000000000000711e+00 8.498333528792370029e-01 1.041409698805362272e+00 9.139885787743534662e-01 1.710056762511837913e+00
5.724999999999999645e+00 8.593000953193485891e-01 1.021743535246856460e+00 9.152642662069486734e-01 1.531986723863456579e+00
5.775000000000000355e+00 8.655064681765878287e-01 1.006734425054587767e+00 9.193018442167580906e-01 1.327437702298337241e+00
5.825000000000001066e+00 8.761415426150643837e-01 9.897700843636628720e-01 9.243366813344179311e-01 1.230893412090234840e+00
5.875000000000000000e+00 8.829039311076163354e-01 9.753027049562550399e-01 9.311697653518159479e-01 1.148713998353900312e+00
5.925000000000000711e+00 8.874304847073805069e-01 9.601344387063944774e-01 9.392492370521789979e-01 1.065779700200287783e+00
5.974999999999999645e+00 8.975017395982918256e-01 9.452582318354565416e-01 9.479421771863478785e-01 1.036449892111424909e+00
6.025000000000000355e+00 9.051167287808815631e-01 9.339365862255902817e-01 9.576213290878357043e-01 1.006650112335875757e+00
6.075000000000001066e+00 9.116381961844479687e-01 9.206113386735630399e-01 9.671403354534260366e-01 1.022063672498075393e+00
6.125000000000000000e+00 9.172954239710017221e-01 9.116885666087704010e-01 9.771763952888966598e-01 1.004569514792844620e+00
6.175000000000000711e+00 9.239633597040174395e-01 9.010264999969044286e-01 9.863706848406196270e-01 1.004981449716413122e+00
6.224999999999999645e+00 9.283252123016686452e-01 8.936532170935826969e-01 9.956878173703805901e-01 1.037463167383110285e+00
6.275000000000000355e+00 9.363431427395073614e-01 8.876333523840196360e-01 1.005632623949664906e+00 1.067951882940595398e+00
6.325000000000001066e+00 9.414722987549521971e-01 8.830913778425710792e-01 1.012714540303517152e+00 1.102394622204233343e+00
6.375000000000000000e+00 9.489645322840356556e-01 8.841383742099887533e-01 1.020971582032370817e+00 1.116000066434851723e+00
6.425000000000000711e+00 9.536680374667326765e-01 8.878580125270620904e-01 1.027985080060820122e+00 1.152240437781841598e+00
6.474999999999999645e+00 9.578637056728732668e-01 8.917690788766012844e-01 1.033214451294411473e+00 1.192381392348610625e+00
6.525000000000000355e+00 9.593173555058177593e-01 8.986764454893249043e-01 1.038500431190053419e+00 1.239097242284338263e+00
6.575000000000001066e+00 9.612751222424050779e-01 9.093709771397734398e-01 1.042043367484991823e+00 1.254516774126962053e+00
6.625000000000000000e+00 9.629882311829399688e-01 9.211760192185123319e-01 1.044449219515086513e+00 1.311670971311062361e+00
6.675000000000000711e+00 9.633252725445753395e-01 9.350258230203476462e-01 1.046879932976813476e+00 1.338014688071228253e+00
6.724999999999999645e+00 9.653972700389140682e-01 9.475738244190925474e-01 1.047384356616966050e+00 1.366026901502694235e+00
6.775000000000000355e+00 9.683739622424614168e-01 9.624459291496504365e-01 1.046981524954072817e+00 1.412289882883224879e+00
6.825000000000001066e+00 9.665908893205372721e-01 9.774417183544847898e-01 1.046237997101258310e+00 1.394896678207770746e+00
6.875000000000000000e+00 9.653124022330799026e-01 9.945055563066292903e-01 1.044595602678723978e+00 1.428989286343222309e+00
6.925000000000000711e+00 9.648821798511267867e-01 1.007076031823433970e+00 1.042447443201022006e+00 1.457943334072231201e+00
6.974999999999999645e+00 9.634490897530955111e-01 1.020238074395020345e+00 1.039591866841708789e+00 1.476566926625687337e+00
7.025000000000000355e+00 9.586459840093948248e-01 1.033755504749518161e+00 1.036551898206224953e+00 1.479585507370697162e+00
7.075000000000001066e+00 9.606908646439649146e-01 1.046545340617217157e+00 1.032706754227892265e+00 1.511433999791211402e+00
7.125000000000000000e+00 9.555197135783133344e-01 1.059128123894133688e+00 1.028507836391234775e+00 1.499354394358738407e+00
7.175000000000000711e+00 9.536379798132512686e-01 1.064249969810386443e+00 1.024311542547956311e+00 1.496579009264308979e+00
7.224999999999999645e+00 9.486274715933147306e-01 1.074075632412419212e+00 1.020219198777669423e+00 1.494096161196969197e+00
7.275000000000000355e+00 9.430067173195070263e-01 1.078479760277855970e+00 1.015940492538608630e+00 1.508297830348372726e+00
7.325000000000001066e+00 9.437589829162028598e-01 1.083667021359044691e+00 1.011787886536968717e+00 1.511915969511556046e+00
7.375000000000000000e+00 9.416171511753483880e-01 1.084745771419440175e+00 1.007818278659712963e+00 1.480786533745342526e+00
7.425000000000000711e+00 9.417521479894699343e-01 1.086385620560799126e+00 1.003885078250212892e+00 1.513599638623189580e+00
7.474999999999999645e+00 9.429573201676793026e-01 1.084542577192651791e+00 1.000468470033781143e+00 1.455961367782450999e+00
7.525000000000000355e+00 9.460273681921348432e-01 1.082678480823301426e+00 9.975894801737845707e-01 1.442975703890501782e+00
7.575000000000001066e+00 9.489965169341358919e-01 1.078191802357349127e+00 9.947845266824232313e-01 1.429877766474181078e+00
7.625000000000000000e+00 9.557981531600425740e-01 1.071872694029133211e+00 9.920123731498332598e-01 1.371476005206985205e+00
7.675000000000000711e+00 9.611422041357112755e-01 1.066355919063988855e+00 9.896736791761990837e-01 1.358046446429774567e+00
7.724999999999999645e+00 9.682101052125344776e-01 1.061222446446322021e+00 9.886152371385605875e-01 1.320707008282435702e+00
7.775000000000000355e+00 9.776814850783618338e-01 1.053562445354660593e+00 9.871675546557737713e-01 1.290267695534199843e+00
7.825000000000001066e+00 9.839297356007934425e-01 1.044017891166855394e+00 9.858446152330362366e-01 1.261569007829774769e+00
7.875000000000000000e+00 9.922278879804089513e-01 1.039031585500058918e+00 9.852989936836156204e-01 1.213894363116125419e+00
7.925000000000000711e+00 9.986287714190491549e-01 1.030531111374970665e+00 9.850569162624667197e-01 1.175612323700920614e+00
7.974999999999999645e+00 1.007725394132059193e+00 1.020396245444306738e+00 9.845668363461425043e-01 1.139151083957401056e+00
8.025000000000000355e+00 1.012853390707619816e+00 1.013614055634079358e+00 9.848402078632213508e-01 1.120482540983603892e+00
8.074999999999999289e+00 1.017722889311464041e+00 1.008310508963185859e+00 9.853223817482285041e-01 1.075271618217102043e+00
8.125000000000000000e+00 1.022225113707462496e+00 1.001074587002078076e+00 9.857892664965369756e-01 1.045870929435861685e+00
8.175000000000000711e+00 1.028567622187251951e+00 9.977371888046283610e-01 9.868530877116336031e-01 1.037048769638307055e+00
8.225000000000001421e+00 1.031068484725988998e+00 9.919516110558928013e-01 9.875668794488293711e-01 1.002003785109453204e+00
8.275000000000000355e+00 1.032309254773384977e+00 9.890644653965673383e-01 9.886749443054213549e-01 9.947973046671798603e-01
8.324999999999999289e+00 1.034413316563548735e+00 9.846460122901865564e-01 9.901042752705432326e-01 1.000623824264032846e+00
8.375000000000000000e+00 1.033209846908692553e+00 9.826019097256786239e-01 9.911613560743041118e-01 9.965395807603427691e-01
8.425000000000000711e+00 1.032323195973305907e+00 9.813337615971673422e-01 9.925651244536984885e-01 1.008943542711173702e+00
8.475000000000001421e+00 1.030622004235384415e+00 9.822898637986080539e-01 9.938706430765761324e-01 1.000405829102482436e+00
8.525000000000000355e+00 1.030300687794500902e+00 9.798096139227896462e-01 9.948654917473555015e-01 1.014016992742840850e+00
8.574999999999999289e+00 1.025861351400198407e+00 9.789522375180587099e-01 9.959202094057161281e-01 1.018053542957378488e+00
8.625000000000000000e+00 1.026346059318274495e+00 9.800859165296453845e-01 9.970037580591277759e-01 1.015178833496464872e+00
8.675000000000000711e+00 1.021007192362779037e+00 9.810460259939659533e-01 9.980678325599093847e-01 1.038118342358721247e+00
8.725000000000001421e+00 1.019661496884870955e+00 9.797380438080313114e-01 9.989428920464382688e-01 1.036117350185904451e+00
8.775000000000000355e+00 1.014601657484210495e+00 9.831123750787904569e-01 9.994571695664926647e-01 1.051097745701653707e+00
8.824999999999999289e+00 1.009879402902213341e+00 9.851646555763280411e-01 1.000225273707232798e+00 1.062238540252948837e+00
8.875000000000000000e+00 1.004130650093864707e+00 9.875320775363856107e-01 1.000726448279595004e+00 1.054414295145281955e+00
8.925000000000000711e+00 1.003968458852526835e+00 9.884251406836545017e-01 1.000933940992985605e+00 1.061131775037001956e+00
8.975000000000001421e+00 9.984351789042441583e-01 9.902531785614964166e-01 1.000871906075884388e+00 1.065071180692259922e+00
9.025000000000000355e+00 9.962426550317633467e-01 9.930899567794335692e-01 1.001269554057987232e+00 1.071969555218443837e+00
9.074999999999999289e+00 9.962959425081999720e-01 9.961872306564133472e-01 1.001091661128568955e+00 1.081671652599012656e+00
9.125000000000000000e+00 9.916610551357659675e-01 9.968790119542900729e-01 1.001190301654067749e+00 1.074133456052221547e+00
9.175000000000000711e+00 9.886244001595337894e-01 9.980996665665249346e-01 1.001099627173499540e+00 1.069537917952677608e+00
9.225000000000001421e+00 9.842382293305804719e-01 9.994935895322296648e-01 1.000620974094835525e+00 1.072864095281652164e+00
9.275000000000000355e+00 9.848135168074446666e-01 1.003011688790130806e+00 1.000893970418267998e+00 1.083857252613749989e+00
9.324999999999999289e+00 9.830079633255220939e-01 1.004938060520842003e+00 1.000229729427140501e+00 1.060338656313889905e+00
9.375000000000000000e+00 9.803467243737558068e-01 1.006394807883973064e+00 1.000011079367700395e+00 1.059309951421837370e+00
9.425000000000000711e+00 9.811888495591747361e-01 1.005104166704358981e+00 9.998004500216631785e-01 1.071450245456120109e+00
9.475000000000001421e+00 9.803392192748089373e-01 1.005590494309293481e+00 9.996138649449289870e-01 1.047313120972389155e+00
9.525000000000000355e+00 9.791976302647690256e-01 1.006636421027154560e+00 9.994679867532316742e-01 1.062725947424576045e+00
9.575000000000001066e+00 9.775380863551861310e-01 1.006332876948315747e+00 9.992375508687969532e-01 1.053191549199953281e+00
9.625000000000000000e+00 9.782541895728619208e-01 1.007787852351231361e+00 9.994191133010531525e-01 1.046938007390223468e+00
9.675000000000000711e+00 9.778175089353112748e-01 1.005780476589439143e+00 9.994715929609333527e-01 1.028424475320920406e+00
9.725000000000001421e+00 9.807481721750911374e-01 1.006561156318265704e+00 9.993963440156962141e-01 1.027304165079940157e+00
9.775000000000000355e+00 9.776030408650967507e-01 1.007225891217720770e+00 9.997087252033732829e-01 1.023157050767422360e+00
9.825000000000001066e+00 9.820415366472334817e-01 1.005058884459335555e+00 9.994998285815719363e-01 1.018020041650040231e+00
9.875000000000000000e+00 9.830715504257810933e-01 1.004278395092900844e+00 9.999984921053364229e-01 1.002443603702217967e+00
9.925000000000000711e+00 9.829382851234322871e-01 1.003525064523455690e+00 9.996437049011612785e-01 1.003230580365600977e+00
9.975000000000001421e+00 9.855323181936795907e-01 1.003084494700697382e+00 1.000325275176340067e+00 9.918306415793897157e-01
1.002500000000000036e+01 9.858999497254878897e-01 1.002382585996220765e+00 1.000347831324668313e+00 9.826154691100601468e-01
1.007500000000000107e+01 9.889831144663157048e-01 1.002575801411909717e+00 1.000639120780931535e+00 9.842595267066392983e-01
1.012500000000000000e+01 9.909501311860762218e-01 1.001559153095012089e+00 1.001122260232352623e+00 9.848162011427032958e-01
1.017500000000000071e+01 9.925379733291548323e-01 1.000317480649692614e+00 1.001272680452083952e+00 9.802378219675250692e-01
1.022500000000000142e+01 9.949193474643907020e-01 9.988463252118516822e-01 1.001460643420683638e+00 9.726495252626606858e-01
1.027500000000000036e+01 9.987281320728434997e-01 9.993646298499681002e-01 1.001892788015651403e+00 9.652065984038227242e-01
1.032500000000000107e+01 9.989304140268772114e-01 9.971271699501305097e-01 1.002212050795824760e+00 9.592264771491827435e-01
1.037500000000000000e+01 9.993716373695141764e-01 9.978565242512390521e-01 1.001914625386807201e+00 9.531857343598337806e-01
1.042500000000000071e+01 1.000057084348106251e+00 9.978894780063750636e-01 1.002387953843731916e+00 9.545137139184018960e-01
1.047500000000000142e+01 1.000937992277498356e+00 9.966612204682178122e-01 1.002504696467978240e+00 9.441401446167526634e-01
1.052500000000000036e+01 1.002215355813220743e+00 9.971323342341920082e-01 1.002577147948685576e+00 9.423502517031215886e-01
1.057500000000000107e+01 1.004682064628742211e+00 9.979703073193352258e-01 1.002543883619934073e+00 9.408876188151790165e-01
1.062500000000000000e+01 1.003916415602350787e+00 9.984982923472808247e-01 1.002846044474848153e+00 9.322609019273035980e-01
1.067500000000000071e+01 1.006328810065159507e+00 9.980566127227460393e-01 1.002611688377849530e+00 9.422852359340981865e-01
1.072500000000000142e+01 1.005977984923906110e+00 9.979998801279336140e-01 1.002466253006855545e+00 9.308680421405263195e-01
1.077500000000000036e+01 1.005158301591740244e+00 9.987078507749762579e-01 1.002269902258200007e+00 9.380125130181654614e-01
1.082500000000000107e+01 1.005942197069984667e+00 9.991574572079044980e-01 1.002412612972467532e+00 9.306087502982036685e-01
1.087500000000000000e+01 1.004955577338919825e+00 9.985307320174762191e-01 1.002253382178859287e+00 9.471485294342031347e-01
1.092500000000000071e+01 1.006148299058576168e+00 9.997267215229810322e-01 1.001853742903200395e+00 9.370440994019086922e-01
1.097500000000000142e+01 1.004828122420675651e+00 9.993881291433788228e-01 1.001758817341091179e+00 9.397459576814300997e-01
1.102500000000000036e+01 1.005515179445369389e+00 1.000824575404131611e+00 1.001492600117099174e+00 9.362604488958420346e-01
1.107500000000000107e+01 1.004737138908587291e+00 1.001424238041832560e+00 1.001273227401666466e+00 9.357453977298249015e-01
1.112500000000000000e+01 1.004299057989725963e+00 1.001230829957389323e+00 1.000768092625772043e+00 9.467661860009244368e-01
1.117500000000000071e+01 1.004247323114994650e+00 1.002031364203853858e+00 1.000618683774499251e+00 9.467679356032138172e-01
1.122500000000000142e+01 1.002535297242158174e+00 1.002790047442124521e+00 1.000508385485738394e+00 9.459872124426398354e-01
1.127500000000000036e+01 1.003898444456318817e+00 1.000841284675305864e+00 1.000078612688023671e+00 9.482838461952792786e-01
1.132500000000000107e+01 1.003573907030657519e+00 1.002756460308485531e+00 9.996502564927145507e-01 9.501372442529895102e-01
1.137500000000000000e+01 1.002266426542265609e+00 1.003896807586029283e+00 9.995998642188483885e-01 9.466626486372456961e-01
1.142500000000000071e+01 1.001394630235252992e+00 1.003610541353129548e+00 9.990194794240542242e-01 9.578444358122192304e-01
1.147500000000000142e+01 1.001952518412936755e+00 1.003485454964405665e+00 9.989200158103439531e-01 9.564649055640337405e-01
1.152500000000000036e+01 1.001641175490707081e+00 1.003968544670139407e+00 9.989125190853417324e-01 9.560977738510298973e-01
1.157500000000000107e+01 1.003723194646595651e+00 1.003416034802356416e+00 9.986659377301536633e-01 9.604647233567391584e-01
1.162500000000000000e+01 1.001926059062304031e+00 1.002689061187885367e+00 9.985108721450715041e-01 9.576027687136764444e-01
1.167500000000000071e+01 1.002482208825649312e+00 1.003044997684002348e+00 9.983926049336214747e-01 9.566480385616382698e-01
1.172500000000000142e+01 1.002525479386912055e+00 1.002989862006072208e+00 9.981128662925458084e-01 9.527049948968283610e-01
1.177500000000000036e+01 1.003399193655325039e+00 1.001706729177838096e+00 9.982908611381715591e-01 9.590833522959941737e-01
1.182500000000000107e+01 1.003429970442073049e+00 1.002205075722956140e+00 9.980902421176630623e-01 9.656555924461844853e-01
1.187500000000000000e+01 1.003979465975483931e+00 1.002497197559484743e+00 9.982239273479525110e-01 9.627322539803603307e-01
1.192500000000000071e+01 1.003644561473476138e+00 1.001265019221775132e+00 9.980977792948645400e-01 9.621338546914339762e-01
1.197500000000000142e+01 1.004216029754410044e+00 1.001579267036362575e+00 9.983270821231596814e-01 9.570613260054556815e-01
1.202500000000000036e+01 1.003307288152644361e+00 1.000772264278537271e+00 9.986768297251754634e-01 9.513257546841646928e-01
1.207500000000000107e+01 1.002717549766492855e+00 1.000198591977490281e+00 9.983201040112937852e-01 9.626135263387070040e-01
1.212500000000000000e+01 1.003515828314891056e+00 9.996930585066069463e-01 9.986982504584912546e-01 9.592234450290960668e-01
1.217500000000000071e+01 1.001058478810278762e+00 1.000265050173173353e+00 9.986687401454863444e-01 9.534187859148017807e-01
1.222500000000000142e+01 1.004955026577563526e+00 9.991223257070286357e-01 9.988222958035575250e-01 9.562803447344589980e-01
1.227500000000000036e+01 1.004703004942047340e+00 9.983380481883022961e-01 9.991146229096108389e-01 9.608389728267598962e-01
1.232500000000000107e+01 1.003279389163399093e+00 9.986487225906302001e-01 9.992896227905744277e-01 9.566115595726257803e-01
1.237500000000000000e+01 1.002708923493646598e+00 9.992001537813206546e-01 9.996091050206656892e-01 9.592543901009508156e-01
1.242500000000000071e+01 1.003462154601131306e+00 9.986124642573865895e-01 9.995678768528369895e-01 9.522183124797172216e-01
1.247500000000000142e+01 1.002794990173881073e+00 9.980641806341999933e-01 9.996403553333613745e-01 9.510836920819383256e-01
1.252500000000000036e+01 1.003226492787219648e+00 9.979960685788248353e-01 9.996810012860292138e-01 9.504453352411211808e-01
1.257500000000000107e+01 1.002884047514644994e+00 9.986138904900430102e-01 1.000080070965191137e+00 9.531107736124110330e-01
1.262500000000000000e+01 1.002081501320952750e+00 9.979986115938902502e-01 1.000021113719775645e+00 9.524656783340846866e-01
1.267500000000000071e+01 1.002583925367148021e+00 9.977501401342376841e-01 1.000179064110522598e+00 9.532323586778225222e-01
1.272500000000000142e+01 1.000972853351183245e+00 9.988598542419985238e-01 1.000233709679210659e+00 9.456111614442080926e-01
1.277500000000000036e+01 1.002361021914018435e+00 9.968950580456201749e-01 1.000459657843216110e+00 9.461022864499346596e-01
1.282500000000000107e+01 1.002677171221186381e+00 9.989411423096160592e-01 1.000767400595967249e+00 9.440748670601313286e-01
1.287500000000000000e+01 1.001365495958114415e+00 9.975823230042052403e-01 1.000717823633082704e+00 9.457871776672918118e-01
1.292500000000000071e+01 1.000863800099316858e+00 9.982636168260875520e-01 1.000643112740600582e+00 9.422479985952965098e-01
1.297500000000000142e+01 1.001664770969459495e+00 9.987908851930471510e-01 1.000872987190598140e+00 9.504982880918779742e-01
1.302500000000000036e+01 1.001109430742733064e+00 9.979538199415808331e-01 1.001025186989912719e+00 9.514024886824794525e-01
1.307500000000000107e+01 1.000526726619360041e+00 9.987773709064794447e-01 1.000762926424346944e+00 9.404890706501620734e-01
1.312500000000000000e+01 1.001421575553332666e+00 9.997959640429963102e-01 1.000766076418246220e+00 9.508804130402790378e-01
1.317500000000000071e+01 9.993920921578371974e-01 9.995119537744175942e-01 1.000779731350208035e+00 9.515709703946242382e-01
1.322500000000000142e+01 9.996332317580990390e-01 9.993490728490447284e-01 1.000972581651128790e+00 9.520092747397608246e-01
1.327500000000000036e+01 9.995652746405629951e-01 9.992307158428334057e-01 1.000631512373498344e+00 9.389396988204116168e-01
1.332500000000000107e+01 9.997142832239312993e-01 1.000313639872129956e+00 1.000707701487420387e+00 9.370073817793609372e-01
1.337500000000000000e+01 1.001488681493293287e+00 9.995521809796569235e-01 1.000707931685548724e+00 9.454132001000420393e-01
1.342500000000000071e+01 1.000110451751756058e+00 1.000037067503622978e+00 1.000431700973909876e+00 9.473670052033872357e-01
1.347500000000000142e+01 9.987693271484111568e-01 9.997924583156585499e-01 1.000486136187533903e+00 9.477151659496854119e-01
1.352500000000000036e+01 9.991286827630478928e-01 1.000744378882789665e+00 1.000429173857307008e+00 9.423371727207464632e-01
1.357500000000000107e+01 9.996251457097303783e-01 1.000636847231476612e+00 1.000623976396114001e+00 9.487010184917056277e-01
1.362500000000000000e+01 9.988099347084643531e-01 1.000966760135745481e+00 1.000466747619034535e+00 9.447337231610662966e-01
1.367500000000000071e+01 1.000395449503653778e+00 1.000447133613266981e+00 1.000276874611868205e+00 9.483522713392698034e-01
1.372500000000000142e+01 9.986860109027707599e-01 1.000556600836134624e+00 1.000016910154931438e+00 9.491279346820383767e-01
1.377500000000000036e+01 1.000603804388425333e+00 1.000059588849728343e+00 1.000273144063360764e+00 9.408405605372325287e-01
1.382500000000000107e+01 1.001483552709106828e+00 1.001182003809307330e+00 1.000138429257417583e+00 9.489262809050594827e-01
1.387500000000000000e+01 9.999676693198473743e-01 1.000849160923963144e+00 1.000263542134594452e+00 9.385650146492157120e-01
1.392500000000000071e+01 1.002014495913453374e+00 1.001762122972017499e+00 1.000170399895738083e+00 9.531096961796070577e-01
1.397500000000000142e+01 1.000059348387440039e+00 1.000957963235827197e+00 9.999851820450967876e-01 9.429378536774284392e-01
1.402500000000000036e+01 1.001712678113032995e+00 1.000798994092960248e+00 1.000142999163437185e+00 9.498013054367875352e-01
1.407500000000000107e+01 1.000391050139916693e+00 1.001038906279028584e+00 1.000024325042600637e+00 9.535115456669822631e-01
1.412500000000000000e+01 1.000753419265411504e+00 1.000296776258559062e+00 9.998002218407497921e-01 9.547464451009848307e-01
1.417500000000000071e+01 1.001771374694289340e+00 1.000746796259330385e+00 1.000083244909768965e+00 9.604710787502378500e-01
1.422500000000000142e+01 1.002044905481764614e+00 1.000643136778025966e+00 9.999250609437533299e-01 9.491159443435124299e-01
1.427500000000000036e+01 1.001370873451230326e+00 1.000873350393877814e+00 1.000076196029188624e+00 9.520127417789766566e-01
1.432500000000000107e+01 1.001722981643117460e+00 9.999822584545309256e-01 9.999925155565398960e-01 9.564696944178746607e-01
1.437500000000000000e+01 1.002271957589571549e+00 1.000189570454047550e+00 1.000177824144398597e+00 9.570719218934384820e-01
1.442500000000000071e+01 1.001601137984683199e+00 1.000630345511775543e+00 9.999356020056191507e-01 9.570790207869264155e-01
1.447500000000000142e+01 1.003199770287643400e+00 1.000085330303197573e+00 1.000041359326734325e+00 9.575335171051997385e-01
1.452500000000000036e+01 1.003305031041651807e+00 1.000244787823172832e+00 9.998051505207991019e-01 9.568024508266558259e-01
1.457500000000000107e+01 1.004060048291975926e+00 9.999122846472623394e-01 1.000114580186528546e+00 9.559042274141621442e-01
1.462500000000000000e+01 1.003324358655881543e+00 9.995407230731812032e-01 1.000078544090414301e+00 9.574970377298198665e-01
1.467500000000000071e+01 1.002145460876740390e+00 1.000077424840553064e+00 1.000023649803069237e+00 9.650601773037608133e-01
1.472500000000000142e+01 1.002782335547452996e+00 1.000036922702186803e+00 9.998724613311059661e-01 9.638848421195127525e-01
1.477500000000000036e+01 1.002880121277255343e+00 1.000699469905142802e+00 9.999670882314205533e-01 9.657558016552834079e-01
1.482500000000000107e+01 1.002476051248244238e+00 1.000540383237847664e+00 9.999647717970910898e-01 9.561350527188241522e-01
1.487500000000000000e+01 1.002026694481993330e+00 1.000626126710021380e+00 9.999166429743410189e-01 9.740866663818933402e-01
1.492500000000000071e+01 1.002743778074501879e+00 1.000074419818373306e+00 9.999041839369127160e-01 9.640107937454774900e-01
1.497500000000000142e+01 1.002840075671493025e+00 9.993979667741736961e-01 1.000048247529581991e+00 9.588396525329562214e-01
1.502500000000000036e+01 1.002503675585418419e+00 1.000520274284052213e+00 1.000252707852488099e+00 9.594531413855410529e-01
1.507500000000000107e+01 1.001062685297738675e+00 1.000039722706963730e+00 9.999838007762660297e-01 9.607807912090065017e-01
1.512500000000000000e+01 1.002577602277398450e+00 1.000351501142878963e+00 9.999107949961181241e-01 9.600391355399797710e-01
1.517500000000000071e+01 1.003175634473768119e+00 1.000239397304810707e+00 9.998572765399068585e-01 9.640345127979211837e-01
1.522500000000000142e+01 1.002115848765863459e+00 1.001139497700307412e+00 1.000037339397105596e+00 9.628956245647519729e-01
1.527500000000000036e+01 1.002549266817714946e+00 1.000011081304061467e+00 1.000066908531061172e+00 9.618716390716171016e-01
1.532500000000000107e+01 1.000810069435495553e+00 9.999395564651873958e-01 9.998692614500060971e-01 9.575036195082802237e-01
1.537500000000000000e+01 1.002075485883158867e+00 1.000776151087591215e+00 9.999942298591570911e-01 9.717331778602316117e-01
1.542500000000000071e+01 1.001177462050222511e+00 1.000376780745641403e+00 9.999441252829553983e-01 9.620118527515338913e-01
1.547500000000000142e+01 1.000631218556185864e+00 9.999431878092330805e-01 9.998862227864336871e-01 9.575493735716827937e-01
1.552500000000000036e+01 1.001190665640590227e+00 1.000777209511158894e+00 9.998884056086839722e-01 9.628592301923381003e-01
1.557500000000000107e+01 1.000922093678182856e+00 1.000124807526707960e+00 9.998210684277947236e-01 9.648313171339666372e-01
1.562500000000000000e+01 1.001693260782759998e+00 1.000430379713589835e+00 1.000150747405188056e+00 9.619915804194777431e-01
1.567500000000000071e+01 1.001296787236765518e+00 1.000876920881465404e+00 1.000139608064658070e+00 9.636948359304718936e-01
1.572500000000000142e+01 1.000282333528149215e+00 1.000242423811209314e+00 1.000065873517281823e+00 9.694941469710093296e-01
1.577500000000000036e+01 1.001119990207660182e+00 1.000390421765174453e+00 1.000034251636905180e+00 9.686571074759406930e-01
1.582500000000000107e+01 1.000531207060237682e+00 1.000204576483676888e+00 9.999893153559512582e-01 9.653939938816653576e-01
1.587500000000000000e+01 9.995686545486960339e-01 1.000111431712104926e+00 1.000015690367541232e+00 9.586892481631318352e-01
1.592500000000000071e+01 9.991219734485781157e-01 9.997319536978953591e-01 9.999999015670564262e-01 9.632259596399967982e-01
1.597500000000000142e+01 1.001231076945486631e+00 1.000763444634175325e+00 9.999549334037709514e-01 9.688272573804866949e-01
1.602499999999999858e+01 9.991440676547297395e-01 1.000443734980784205e+00 1.000012490216019456e+00 9.618407331900447055e-01
1.607500000000000284e+01 1.001939819332913428e+00 1.000631885113924868e+00 9.999332805231314625e-01 9.714299504193847357e-01
1.612500000000000000e+01 9.993763561879642765e-01 1.000108247354235536e+00 9.996082893438655859e-01 9.625814130770097288e-01
1.617500000000000071e+01 9.976151789488502120e-01 9.982105323700137811e-01 9.971659231173195526e-01 9.683341247341775704e-01
1.622500000000000142e+01 9.928078130101595233e-01 9.926161225458730586e-01 9.922516787801027860e-01 9.691847169049196964e-01
1.627499999999999858e+01 9.858105066361584345e-01 9.847146644304480834e-01 9.845408943143274527e-01 9.504296489231705003e-01
1.632500000000000284e+01 9.759872472758627238e-01 9.756724923554043194e-01 9.756566465237703767e-01 9.460605250448277381e-01
1.637500000000000000e+01 9.673922925072467871e-01 9.676195679199487421e-01 9.666084061582826958e-01 9.356541253434426109e-01
1.642500000000000071e+01 9.579013539068274019e-01 9.574469264723701745e-01 9.575423537297047538e-01 9.321232034508343256e-01
1.647500000000000142e+01 9.481069399714908696e-01 9.496503133873620550e-01 9.486238006673552992e-01 9.216848931158452274e-01
1.652499999999999858e+01 9.393168249839606299e-01 9.398641270852646779e-01 9.396045836324854461e-01 9.147238572213559626e-01
1.657500000000000284e+01 9.305075953613318740e-01 9.307216423007338424e-01 9.305953720488203684e-01 9.065317458843455967e-01
1.662500000000000000e+01 9.230368864550517749e-01 9.224503202737810437e-01 9.219437373746077746e-01 8.964010394768023859e-01
1.667500000000000071e+01 9.131863196997179744e-01 9.132229092083125055e-01 9.132862318646499666e-01 8.876917563225111829e-01
1.672500000000000142e+01 9.056049514946079571e-01 9.051159425335092434e-01 9.045730216011530489e-01 8.810500275571315765e-01
1.677499999999999858e+01 8.956141542275494194e-01 8.962828330113136177e-01 8.958181982787105646e-01 8.746383569863223073e-01
1.682500000000000284e+01 8.868760263538792987e-01 8.882412074086634135e-01 8.872589724542083722e-01 8.682043406618861203e-01
1.687500000000000000e+01 8.780455167218562673e-01 8.786207269272705567e-01 8.787634048903403272e-01 8.594745783531547723e-01
1.692500000000000071e+01 8.699060823255633235e-01 8.702479292327527371e-01 8.702244637580086595e-01 8.471139503392834946e-01
1.697500000000000142e+01 8.618927166950572927e-01 8.618106264287129781e-01 8.616011253328017538e-01 8.343626866472354520e-01
1.702499999999999858e+01 8.534314837268042186e-01 8.542681055527814316e-01 8.533271313817203385e-01 8.258262980226684924e-01
1.707500000000000284e+01 8.451975020466641064e-01 8.455368587735405672e-01 8.449886901249188398e-01 8.319096360909750132e-01
1.712500000000000000e+01 8.364545379049029838e-01 8.366743106019138843e-01 8.367184251561731179e-01 8.106572215084041355e-01
1.717500000000000071e+01 8.290433133074106564e-01 8.290200324719161351e-01 8.284963167230576797e-01 8.023010487014164971e-01
1.722500000000000142e+01 8.210585785136853554e-01 8.202759050534564889e-01 8.202095331025199831e-01 7.952301400124777153e-01
1.727499999999999858e+01 8.120480231632728474e-01 8.125875286811257148e-01 8.119769963657783585e-01 7.865606915566751844e-01
1.732500000000000284e+01 8.050132639927904954e-01 8.045734701286427759e-01 8.037884383911587660e-01 7.885310779928058622e-01
1.737500000000000000e+01 7.958071783765858775e-01 7.961756953100104228e-01 7.959056921306630894e-01 7.857247353767277120e-01
1.742500000000000071e+01 7.881160806074486436e-01 7.883997220453548005e-01 7.878627607810045896e-01 7.733707048582753041e-01
1.747500000000000142e+01 7.798731753928720423e-01 7.804322192487972432e-01 7.798705399011822692e-01 7.648330882710356882e-01
1.752499999999999858e+01 7.721019341129677915e-01 7.721618926205590094e-01 7.719108234957550163e-01 7.613460072498060560e-01
1.757500000000000284e+01 7.642173136842522752e-01 7.643345730727667542e-01 7.640237782078601603e-01 7.508975447103320988e-01
1.762500000000000000e+01 7.566801362634349992e-01 7.571913858242018680e-01 7.561014977853053320e-01 7.423075879531827459e-01
1.767500000000000071e+01 7.494940101632578955e-01 7.493082189795841064e-01 7.484024884484907769e-01 7.363412644478808389e-01
1.772500000000000142e+01 7.409063042436353497e-01 7.416582353080373169e-01 7.405814685986148449e-01 7.263227842129755807e-01
1.777499999999999858e+01 7.334188471124927222e-01 7.338129871014310579e-01 7.329246196725931473e-01 7.264902026071918817e-01
1.782500000000000284e+01 7.252284052014204008e-01 7.260388461398731286e-01 7.253617340466977925e-01 7.107671097123354764e-01
1.787500000000000000e+01 7.173727329094534699e-01 7.180175272706497136e-01 7.175538707444319986e-01 7.100568642456240864e-01
1.792500000000000071e+01 7.110808922395693843e-01 7.106451913857003699e-01 7.098601242538663536e-01 6.988277556536910406e-01
1.797500000000000142e+01 7.026849215788674163e-01 7.027732465237057635e-01 7.024839351714371460e-01 6.897603135076453285e-01
1.802499999999999858e+01 6.956796474747669601e-01 6.950503937822735123e-01 6.950691282611712873e-01 6.876143890718939833e-01
1.807500000000000284e+01 6.875517529788667259e-01 6.875852294878861404e-01 6.875221015729451324e-01 6.799515733509516879e-01
1.812500000000000000e+01 6.806146337651319822e-01 6.806045687219495210e-01 6.801997894874950434e-01 6.680630603760674413e-01
1.817500000000000071e+01 6.733327860485197602e-01 6.731495307922813476e-01 6.725615589881808187e-01 6.599884924800718533e-01
1.822500000000000142e+01 6.656448028974316644e-01 6.660785299334655019e-01 6.654352508406349287e-01 6.541398563317908366e-01
1.827499999999999858e+01 6.585242622430429460e-01 6.586986632693276889e-01 6.581275110016702179e-01 6.495255500750158895e-01
1.832500000000000284e+01 6.505685662065183728e-01 6.511230022313672094e-01 6.508699044480391604e-01 6.450356430946079245e-01
1.837500000000000000e+01 6.443920732757323355e-01 6.439271304507977467e-01 6.436735210421085096e-01 6.336217390273858330e-01
1.842500000000000071e+01 6.362824063054268731e-01 6.368134583012882155e-01 6.365459506084742980e-01 6.218935419883860893e-01
1.847500000000000142e+01 6.298742652101020356e-01 6.297723249976714399e-01 6.292436718026478415e-01 6.160847277244451137e-01
1.852499999999999858e+01 6.232994454580451649e-01 6.226292886994612141e-01 6.221551701336947016e-01 6.086612044133917765e-01
1.857500000000000284e+01 6.154799203527313578e-01 6.155702980265729263e-01 6.152366629403920317e-01 6.035527212361976312e-01
1.862500000000000000e+01 6.083458941391421959e-01 6.085532494568791639e-01 6.081970622951473615e-01 5.976515142979587081e-01
1.867500000000000071e+01 6.014937581969894698e-01 6.015305149933416473e-01 6.012118888931099470e-01 5.842023474638641245e-01
1.872500000000000142e+01 5.947280889096911993e-01 5.944963923436930031e-01 5.943071770003969245e-01 5.793734762348549117e-01
1.877499999999999858e+01 5.880111431629106988e-01 5.875924979085518363e-01 5.873604905435085843e-01 5.745876893164312271e-01
1.882500000000000284e+01 5.811027115763118811e-01 5.804850370187990549e-01 5.803298741039218944e-01 5.748367527226581064e-01
1.887500000000000000e+01 5.731499739366107127e-01 5.742008759680137242e-01 5.736972877884050082e-01 5.659337680888433253e-01
1.892500000000000071e+01 5.668933599798209322e-01 5.673389147334193527e-01 5.668455725232044440e-01 5.552430689916212359e-01
1.897500000000000142e+01 5.605892473741352910e-01 5.602195056228135295e-01 5.600770965073456065e-01 5.436664980220589083e-01
1.902499999999999858e+01 5.534097211997986987e-01 5.537624839602357518e-01 5.533025551189960645e-01 5.426925496147360084e-01
1.907500000000000284e+01 5.466396378693874070e-01 5.466866130574263849e-01 5.465904969972696925e-01 5.356596420383757939e-01
1.912500000000000000e+01 5.402673144987414355e-01 5.400815075656876241e-01 5.399805949196998522e-01 5.300783910537949506e-01
1.917500000000000426e+01 5.333933306392310003e-01 5.336880218640908113e-01 5.333315810976395621e-01 5.219826235425529815e-01
1.922500000000000142e+01 5.265903375369901385e-01 5.271189896314589785e-01 5.268192813956096288e-01 5.157667329977880799e-01
1.927499999999999858e+01 5.192446515336124335e-01 5.206130384714077186e-01 5.203289659344596529e-01 5.144206220470068924e-01
1.932500000000000284e+01 5.139132371160359813e-01 5.138181602699137818e-01 5.136872360840173402e-01 5.037954874256334037e-01
1.937500000000000000e+01 5.069132147147000778e-01 5.072223155748922796e-01 5.071498112509335021e-01 4.976608543544292496e-01
1.942500000000000426e+01 5.011364177025959821e-01 5.010912548771575548e-01 5.007401729591783868e-01 4.891823570666447574e-01
1.947500000000000142e+01 4.949314901037973335e-01 4.940289761010634439e-01 4.943511414842933216e-01 4.845084861197049286e-01
1.952499999999999858e+01 4.878929086509293245e-01 4.881224202909071885e-01 4.877526985479347932e-01 4.705699838756005060e-01
1.957500000000000284e+01 4.819440379468978297e-01 4.819018214751555895e-01 4.815495232160041383e-01 4.682670959082079754e-01
1.962500000000000000e+01 4.753049752102257441e-01 4.752909746668551594e-01 4.752875226742114823e-01 4.633740687674312020e-01
1.967500000000000426e+01 4.690122490182598303e-01 4.687674319285735081e-01 4.688978445617307256e-01 4.526937050560898568e-01
1.972500000000000142e+01 4.631102760533476470e-01 4.629267103920244320e-01 4.627456823839922739e-01 4.531877283667591905e-01
1.977499999999999858e+01 4.566859080977942464e-01 4.567496494769677784e-01 4.564478556744425153e-01 4.430987176624988089e-01
1.982500000000000284e+01 4.500289032682643353e-01 4.505563268972862523e-01 4.502584585999699907e-01 4.384307605942380781e-01
1.987500000000000000e+01 4.447220972057697175e-01 4.445042036195773760e-01 4.442047020192517737e-01 4.370710639810312381e-01
1.992500000000000426e+01 4.384638978085024785e-01 4.386273957835106763e-01 4.380496927989431799e-01 4.291237556531352082e-01
1.997500000000000142e+01 4.319467808021769661e-01 4.316627274129287151e-01 4.318778836929010878e-01 4.205330107517064042e-01
