# r (Angstroms), cation-water g(r), anion-water g(r), water-water g(r), cation-anion g(r)
2.500000000000000139e-02 0.000000000000000000e+00 0.000000000000000000e+00 5.857309876942166011e+04 0.000000000000000000e+00
7.500000000000001110e-02 0.000000000000000000e+00 0.000000000000000000e+00 0.000000000000000000e+00 0.000000000000000000e+00
1.250000000000000000e-01 0.000000000000000000e+00 0.000000000000000000e+00 0.000000000000000000e+00 0.000000000000000000e+00
1.750000000000000167e-01 0.000000000000000000e+00 0.000000000000000000e+00 0.000000000000000000e+00 0.000000000000000000e+00
2.250000000000000056e-01 0.000000000000000000e+00 0.000000000000000000e+00 0.000000000000000000e+00 0.000000000000000000e+00
2.750000000000000222e-01 0.000000000000000000e+00 0.000000000000000000e+00 0.000000000000000000e+00 0.000000000000000000e+00
3.250000000000000666e-01 0.000000000000000000e+00 0.000000000000000000e+00 0.000000000000000000e+00 0.000000000000000000e+00
3.750000000000000000e-01 0.000000000000000000e+00 0.000000000000000000e+00 0.000000000000000000e+00 0.000000000000000000e+00
4.250000000000000444e-01 0.000000000000000000e+00 0.000000000000000000e+00 0.000000000000000000e+00 0.000000000000000000e+00
4.749999999999999778e-01 0.000000000000000000e+00 0.000000000000000000e+00 0.000000000000000000e+00 0.000000000000000000e+00
5.250000000000000222e-01 0.000000000000000000e+00 0.000000000000000000e+00 0.000000000000000000e+00 0.000000000000000000e+00
5.750000000000000666e-01 0.000000000000000000e+00 0.000000000000000000e+00 0.000000000000000000e+00 0.000000000000000000e+00
6.250000000000000000e-01 0.000000000000000000e+00 0.000000000000000000e+00 0.000000000000000000e+00 0.000000000000000000e+00
6.750000000000000444e-01 0.000000000000000000e+00 0.000000000000000000e+00 0.000000000000000000e+00 0.000000000000000000e+00
7.250000000000000888e-01 0.000000000000000000e+00 0.000000000000000000e+00 0.000000000000000000e+00 0.000000000000000000e+00
7.750000000000000222e-01 0.000000000000000000e+00 0.000000000000000000e+00 0.000000000000000000e+00 0.000000000000000000e+00
8.250000000000000666e-01 0.000000000000000000e+00 0.000000000000000000e+00 0.000000000000000000e+00 0.000000000000000000e+00
8.750000000000000000e-01 0.000000000000000000e+00 0.000000000000000000e+00 0.000000000000000000e+00 0.000000000000000000e+00
9.250000000000000444e-01 0.000000000000000000e+00 0.000000000000000000e+00 0.000000000000000000e+00 0.000000000000000000e+00
9.750000000000000888e-01 0.000000000000000000e+00 0.000000000000000000e+00 0.000000000000000000e+00 0.000000000000000000e+00
1.024999999999999911e+00 0.000000000000000000e+00 0.000000000000000000e+00 0.000000000000000000e+00 0.000000000000000000e+00
1.075000000000000178e+00 0.000000000000000000e+00 0.000000000000000000e+00 0.000000000000000000e+00 0.000000000000000000e+00
1.125000000000000000e+00 0.000000000000000000e+00 0.000000000000000000e+00 0.000000000000000000e+00 0.000000000000000000e+00
1.175000000000000266e+00 0.000000000000000000e+00 0.000000000000000000e+00 0.000000000000000000e+00 0.000000000000000000e+00
1.225000000000000089e+00 0.000000000000000000e+00 0.000000000000000000e+00 0.000000000000000000e+00 0.000000000000000000e+00
1.274999999999999911e+00 0.000000000000000000e+00 0.000000000000000000e+00 0.000000000000000000e+00 0.000000000000000000e+00
1.325000000000000178e+00 0.000000000000000000e+00 0.000000000000000000e+00 0.000000000000000000e+00 0.000000000000000000e+00
1.375000000000000000e+00 0.000000000000000000e+00 0.000000000000000000e+00 0.000000000000000000e+00 0.000000000000000000e+00
1.425000000000000266e+00 0.000000000000000000e+00 0.000000000000000000e+00 0.000000000000000000e+00 0.000000000000000000e+00
1.475000000000000089e+00 0.000000000000000000e+00 0.000000000000000000e+00 0.000000000000000000e+00 0.000000000000000000e+00
1.524999999999999911e+00 0.000000000000000000e+00 0.000000000000000000e+00 0.000000000000000000e+00 0.000000000000000000e+00
1.575000000000000178e+00 0.000000000000000000e+00 0.000000000000000000e+00 0.000000000000000000e+00 0.000000000000000000e+00
1.625000000000000000e+00 0.000000000000000000e+00 0.000000000000000000e+00 0.000000000000000000e+00 0.000000000000000000e+00
1.675000000000000266e+00 0.000000000000000000e+00 0.000000000000000000e+00 0.000000000000000000e+00 0.000000000000000000e+00
1.725000000000000089e+00 0.000000000000000000e+00 0.000000000000000000e+00 0.000000000000000000e+00 0.000000000000000000e+00
1.774999999999999911e+00 0.000000000000000000e+00 0.000000000000000000e+00 0.000000000000000000e+00 0.000000000000000000e+00
1.825000000000000178e+00 0.000000000000000000e+00 0.000000000000000000e+00 0.000000000000000000e+00 0.000000000000000000e+00
1.875000000000000000e+00 0.000000000000000000e+00 0.000000000000000000e+00 0.000000000000000000e+00 0.000000000000000000e+00
1.925000000000000266e+00 0.000000000000000000e+00 0.000000000000000000e+00 0.000000000000000000e+00 0.000000000000000000e+00
1.975000000000000089e+00 0.000000000000000000e+00 0.000000000000000000e+00 0.000000000000000000e+00 0.000000000000000000e+00
2.025000000000000355e+00 0.000000000000000000e+00 0.000000000000000000e+00 0.000000000000000000e+00 0.000000000000000000e+00
2.075000000000000178e+00 2.952008866290877030e-03 0.000000000000000000e+00 0.000000000000000000e+00 0.000000000000000000e+00
2.125000000000000000e+00 8.286569434747355356e-02 0.000000000000000000e+00 0.000000000000000000e+00 0.000000000000000000e+00
2.174999999999999822e+00 7.492120586667933013e-01 0.000000000000000000e+00 0.000000000000000000e+00 0.000000000000000000e+00
2.225000000000000089e+00 2.861253756617248456e+00 0.000000000000000000e+00 0.000000000000000000e+00 0.000000000000000000e+00
2.275000000000000355e+00 5.921977159464639762e+00 0.000000000000000000e+00 0.000000000000000000e+00 0.000000000000000000e+00
2.325000000000000178e+00 7.932628894837101541e+00 0.000000000000000000e+00 0.000000000000000000e+00 0.000000000000000000e+00
2.375000000000000000e+00 7.911205079864130241e+00 0.000000000000000000e+00 1.055234488622077336e-05 0.000000000000000000e+00
2.425000000000000266e+00 6.467509426383285742e+00 0.000000000000000000e+00 7.917417074381581784e-04 0.000000000000000000e+00
2.475000000000000089e+00 4.709876650995682645e+00 0.000000000000000000e+00 1.717837324251677428e-02 0.000000000000000000e+00
2.525000000000000355e+00 3.199041407163117245e+00 0.000000000000000000e+00 1.439340375264694105e-01 0.000000000000000000e+00
2.575000000000000178e+00 2.105926420430063839e+00 0.000000000000000000e+00 5.886066256008136710e-01 0.000000000000000000e+00
2.625000000000000000e+00 1.371175256096759387e+00 0.000000000000000000e+00 1.427359112088087523e+00 0.000000000000000000e+00
2.675000000000000266e+00 9.173630767919331852e-01 0.000000000000000000e+00 2.357995908265086982e+00 0.000000000000000000e+00
2.725000000000000089e+00 6.174609963043673488e-01 0.000000000000000000e+00 2.944809569115491854e+00 6.316202447171040575e-03
2.775000000000000355e+00 4.302737594875779559e-01 0.000000000000000000e+00 3.039571842999212681e+00 6.943338946833071956e-02
2.825000000000000178e+00 3.128392114249593514e-01 0.000000000000000000e+00 2.760020045020753265e+00 3.549685989774632455e-01
2.875000000000000000e+00 2.415757607990282330e-01 0.000000000000000000e+00 2.325214034824858000e+00 9.771196387902741920e-01
2.925000000000000266e+00 1.919680043053998697e-01 0.000000000000000000e+00 1.894798522647263228e+00 2.046978291079881718e+00
2.975000000000000089e+00 1.591335775747995673e-01 0.000000000000000000e+00 1.540815800839451244e+00 3.115978141791153622e+00
3.025000000000000355e+00 1.375925800081813644e-01 0.000000000000000000e+00 1.282781061098521524e+00 3.628890396573392962e+00
3.075000000000000178e+00 1.253579402625825678e-01 2.150775332634169524e-05 1.109361989595868847e+00 3.781676005740670643e+00
3.125000000000000000e+00 1.208996871054402178e-01 1.124551391558654967e-03 9.997685143837939936e-01 3.380190629639399980e+00
3.175000000000000266e+00 1.210054364726797782e-01 1.043011181333368571e-02 9.317170721499551389e-01 2.798132194432841224e+00
3.225000000000000089e+00 1.224641944886965955e-01 6.589563075633203537e-02 8.941766787640442748e-01 2.153760561751432157e+00
3.275000000000000355e+00 1.330596058818564187e-01 2.618529614860615751e-01 8.762009147776017581e-01 1.762281333440792963e+00
3.325000000000000178e+00 1.461494798912587045e-01 6.894318888413447644e-01 8.672631041249476702e-01 1.324471613635683331e+00
3.375000000000000000e+00 1.621693113275648745e-01 1.345748184152762095e+00 8.674242523699611240e-01 9.923452250804400965e-01
3.425000000000000266e+00 1.886404403048733136e-01 2.070424617515792765e+00 8.706885912983558518e-01 7.596717483327972698e-01
3.475000000000000089e+00 2.191990167907947873e-01 2.641882445195865792e+00 8.762638064442647146e-01 5.600791289056716860e-01
3.525000000000000355e+00 2.563973855777260669e-01 2.933189037070876193e+00 8.837070871285601648e-01 4.310640638971090510e-01
3.575000000000000178e+00 3.012774231704948291e-01 2.924070558561370881e+00 8.909239711717777954e-01 3.640438845060121609e-01
3.625000000000000000e+00 3.552933531835378300e-01 2.701054380118774745e+00 9.013803937355889806e-01 2.876824534557235191e-01
3.675000000000000266e+00 4.176169825824083692e-01 2.363868576261619392e+00 9.108660698604804651e-01 2.479579658469378001e-01
3.725000000000000089e+00 4.860523463043365244e-01 2.007995282273251636e+00 9.215485398823194396e-01 2.068681290260379058e-01
3.775000000000000355e+00 5.677077620641894917e-01 1.676864634788033381e+00 9.324288701714135152e-01 1.750945427962458389e-01
3.825000000000000178e+00 6.523504613297786969e-01 1.399146863135477759e+00 9.452974565940381879e-01 1.602884319836568872e-01
3.875000000000000000e+00 7.416194256352630632e-01 1.191542749987451799e+00 9.586013049231238980e-01 1.405608302515859165e-01
3.925000000000000266e+00 8.354109262643911737e-01 1.028668224850081803e+00 9.716238279468457639e-01 1.388292209827122481e-01
3.975000000000000089e+00 9.373747419713615026e-01 9.141424493193827105e-01 9.867265643118178220e-01 1.359523518964581290e-01
4.025000000000000355e+00 1.028258671019701476e+00 8.404238188381666363e-01 1.000718746740465459e+00 1.204362475325566895e-01
4.075000000000000178e+00 1.116564341009890882e+00 7.888006352061165405e-01 1.014591999738556627e+00 1.406597713823287410e-01
4.125000000000000000e+00 1.196738720245537513e+00 7.636091469174837165e-01 1.029046362556103711e+00 1.405782692758603403e-01
4.175000000000000711e+00 1.267723155497659571e+00 7.526218414196561568e-01 1.043439515537114781e+00 1.485327310977728188e-01
4.224999999999999645e+00 1.332451593219561081e+00 7.514166134121068596e-01 1.054709333421904427e+00 1.860270082852001627e-01
4.275000000000000355e+00 1.378772073687180244e+00 7.637656830169471389e-01 1.065917065044874823e+00 1.996657838003037810e-01
4.325000000000000178e+00 1.414740769127505127e+00 7.830056250113835992e-01 1.074637076331697250e+00 2.467284765297468041e-01
4.375000000000000000e+00 1.441749661043505215e+00 8.026431298306719864e-01 1.082418889177459098e+00 3.156140008214661785e-01
4.425000000000000711e+00 1.453483846587049655e+00 8.276221141656990854e-01 1.086979801298027626e+00 3.765499637000356836e-01
4.474999999999999645e+00 1.462869082313579261e+00 8.561855499119096491e-01 1.091877892684070428e+00 4.632729351809490859e-01
4.525000000000000355e+00 1.459692170626721186e+00 8.923149698695183041e-01 1.093310165169781634e+00 5.428851964347262138e-01
4.575000000000000178e+00 1.452402765789983174e+00 9.208100516688696446e-01 1.093186794477567503e+00 6.839104645481999256e-01
4.625000000000000000e+00 1.432797208917804932e+00 9.543694006348557579e-01 1.090782945404229931e+00 8.367233741311452810e-01
4.675000000000000711e+00 1.405411968526720790e+00 9.903611328291427318e-01 1.086479185258385050e+00 1.018072131589509155e+00
4.724999999999999645e+00 1.366183210244188206e+00 1.017855499911052286e+00 1.078853023223063090e+00 1.189497205024702797e+00
4.775000000000000355e+00 1.322585582405342075e+00 1.050016766052833228e+00 1.069744048702418349e+00 1.332985806233966564e+00
4.825000000000001066e+00 1.280225878805388851e+00 1.075535973350798091e+00 1.059142643859522614e+00 1.527518566099121511e+00
4.875000000000000000e+00 1.221513158799151455e+00 1.100798202429157380e+00 1.047308170708310948e+00 1.681859535809279382e+00
4.925000000000000711e+00 1.165881293116129758e+00 1.121543905328165724e+00 1.034197032326056975e+00 1.857494864275797575e+00
4.974999999999999645e+00 1.112913971566556137e+00 1.133567008397788012e+00 1.021800820185237324e+00 2.017048213837085324e+00
5.025000000000000355e+00 1.063710186350186770e+00 1.147952457071242049e+00 1.008552951686468191e+00 2.129793323511711911e+00
5.075000000000001066e+00 1.011450531063913028e+00 1.152334891452398979e+00 9.967623417943602959e-01 2.273054304345754950e+00
5.125000000000000000e+00 9.749163294137307423e-01 1.163266252543192936e+00 9.827473813479610243e-01 2.333918264183839408e+00
5.175000000000000711e+00 9.400844233288221385e-01 1.163959431139807821e+00 9.724130411198679269e-01 2.397621368803219521e+00
5.224999999999999645e+00 9.095593844049415511e-01 1.162878589692308617e+00 9.606896300824929735e-01 2.495579303983151309e+00
5.275000000000000355e+00 8.914299832076930663e-01 1.157269677420627030e+00 9.501832592447468917e-01 2.512209777546207334e+00
5.325000000000001066e+00 8.749403630274950050e-01 1.148782162190157496e+00 9.409032590990471512e-01 2.513884176514103341e+00
5.375000000000000000e+00 8.640248100308348667e-01 1.137716141927535451e+00 9.305554884498337120e-01 2.529997603695101294e+00
5.425000000000000711e+00 8.626519727751456035e-01 1.130343790484238164e+00 9.218233452687396579e-01 2.464771625518179743e+00
5.474999999999999645e+00 8.633763577356761143e-01 1.120420716347702239e+00 9.149354980079555943e-01 2.508207696500134531e+00
5.525000000000000355e+00 8.677042298517084751e-01 1.104790552974427298e+00 9.088606421262187540e-01 2.451031267144000214e+00
5.575000000000001066e+00 8.695106259718131669e-01 1.095411036071884503e+00 9.054958871028838674e-01 2.349014030578691958e+00
5.625000000000000000e+00 8.719129816742625660e-01 1.077457089276586233e+00 9.046823108568640137e-01 2.294098427096650461e+00
5.675000000000000711e+00 8.831735935826389161e-01 1.061983764477199443e+00 9.056722276334432387e-01 2.168218562735428456e+00
5.724999999999999645e+00 8.923986152662911620e-01 1.046986643325328759e+00 9.084849855872846325e-01 2.021753403511831415e+00
5.775000000000000355e+00 9.049081655892375897e-01 1.032963336440425595e+00 9.146070429778574429e-01 1.935142642344627628e+00
5.825000000000001066e+00 9.098997758004419012e-01 1.015821741697682912e+00 9.211437782065623470e-01 1.755815269901088493e+00
5.875000000000000000e+00 9.177169020143153277e-01 1.000522746468193391e+00 9.296108874600255145e-01 1.656481468123746748e+00
5.925000000000000711e+00 9.276211528461277833e-01 9.842898499276980795e-01 9.385919939242213239e-01 1.526568062660589531e+00
5.974999999999999645e+00 9.397469960036437531e-01 9.756755164490384935e-01 9.480957564619750810e-01 1.434648550859253691e+00
6.025000000000000355e+00 9.492208955913350454e-01 9.582828641305739525e-01 9.569488577023006481e-01 1.330827814029576839e+00
6.075000000000001066e+00 9.572401577418254703e-01 9.476985329328496688e-01 9.669093181256683822e-01 1.247500627602167178e+00
6.125000000000000000e+00 9.653844128044889450e-01 9.370894478858950993e-01 9.764619909075670234e-01 1.198461441934780547e+00
6.175000000000000711e+00 9.744818297996524770e-01 9.269303251852765158e-01 9.847969530185787246e-01 1.186020155659240016e+00
6.224999999999999645e+00 9.864699647909990210e-01 9.151358666145630316e-01 9.932564103776915232e-01 1.150583131855406505e+00
6.275000000000000355e+00 9.897544522257909483e-01 9.061935056839748315e-01 1.001019930460033125e+00 1.109926414896626801e+00
6.325000000000001066e+00 9.933968168465272530e-01 9.002957314283989154e-01 1.008118266702408006e+00 1.066185735374636678e+00
6.375000000000000000e+00 1.003724361669585452e+00 8.949962088699150442e-01 1.014764386144496600e+00 1.052296734198910233e+00
6.425000000000000711e+00 1.001910706528771344e+00 8.893676900269458230e-01 1.021499842109349743e+00 1.083702565565733744e+00
6.474999999999999645e+00 1.005584890506792561e+00 8.902790066566229621e-01 1.026144134995690571e+00 1.087391166276809429e+00
6.525000000000000355e+00 1.008668582005528558e+00 8.932840135682609262e-01 1.031843381343727106e+00 1.093704126180571112e+00
6.575000000000001066e+00 1.008294160164221243e+00 8.972193372117507337e-01 1.035800514541440398e+00 1.153513283018814839e+00
6.625000000000000000e+00 1.008740500894152792e+00 9.037564240509794455e-01 1.038777350891785023e+00 1.109879246900488337e+00
6.675000000000000711e+00 1.009270334342481368e+00 9.113305178040516097e-01 1.041707227851756290e+00 1.129526411566629029e+00
6.724999999999999645e+00 1.006657809643480839e+00 9.233289543996615611e-01 1.043979381238913318e+00 1.148883578918169057e+00
6.775000000000000355e+00 1.002609859390051428e+00 9.381451017417852256e-01 1.044996862623570610e+00 1.148542261897499639e+00
6.825000000000001066e+00 1.001475456288674293e+00 9.441733786045813925e-01 1.045169182292158716e+00 1.177690969745859739e+00
6.875000000000000000e+00 9.998763215829861162e-01 9.583589507810486019e-01 1.046037074485378637e+00 1.174515835187125212e+00
6.925000000000000711e+00 9.931043168941665611e-01 9.720442314552695251e-01 1.044288154347073894e+00 1.229600891523020989e+00
6.974999999999999645e+00 9.908875651013278052e-01 9.843140869136800530e-01 1.042425281278372529e+00 1.235751717727355592e+00
7.025000000000000355e+00 9.880870523775381331e-01 9.968956442549915531e-01 1.039864792751297617e+00 1.257190049356069927e+00
7.075000000000001066e+00 9.845127728543086043e-01 1.007850286827930431e+00 1.037309871617173362e+00 1.256537115038876662e+00
7.125000000000000000e+00 9.779806349534481136e-01 1.018820967176815584e+00 1.033064576287541891e+00 1.277582900463264171e+00
7.175000000000000711e+00 9.786827070518029359e-01 1.029772221413537636e+00 1.029457227260279106e+00 1.278971623637647159e+00
7.224999999999999645e+00 9.743764303731896614e-01 1.038360213161977574e+00 1.025371179650647280e+00 1.281996689606144324e+00
7.275000000000000355e+00 9.746318839817436075e-01 1.046323597783714421e+00 1.020694375531816300e+00 1.310872438884131741e+00
7.325000000000001066e+00 9.707604588050348093e-01 1.055648863153080486e+00 1.017071827544413054e+00 1.305975087052842598e+00
7.375000000000000000e+00 9.684707602453590525e-01 1.065414866375733904e+00 1.012144440983287597e+00 1.288844445878982947e+00
7.425000000000000711e+00 9.685412247297210397e-01 1.069123563313973735e+00 1.008339175449703085e+00 1.306936366920445014e+00
7.474999999999999645e+00 9.686177807763570735e-01 1.072372324111891873e+00 1.004095653068906469e+00 1.301766281702793293e+00
7.525000000000000355e+00 9.690413636141101961e-01 1.073790312941837133e+00 1.000294926311770638e+00 1.295292472436613496e+00
7.575000000000001066e+00 9.705266045106484274e-01 1.079183591588287916e+00 9.969520154109534626e-01 1.296232187790491430e+00
7.625000000000000000e+00 9.730509998566456709e-01 1.080020061341187665e+00 9.940301164298698255e-01 1.286387308672181540e+00
7.675000000000000711e+00 9.767394065735534037e-01 1.078340246628718413e+00 9.914235940793832969e-01 1.290701901211366076e+00
7.724999999999999645e+00 9.768567590571901604e-01 1.076217965729329151e+00 9.892641282543485071e-01 1.281907557372396367e+00
7.775000000000000355e+00 9.834826278090059715e-01 1.073039850036162424e+00 9.872200411583915702e-01 1.272921594947103996e+00
7.825000000000001066e+00 9.873854555790740894e-01 1.072408999522497020e+00 9.860820745958742695e-01 1.275090351255783627e+00
7.875000000000000000e+00 9.916988354706969266e-01 1.065237381706899633e+00 9.852977623173795330e-01 1.292076471378506008e+00
7.925000000000000711e+00 9.952940438650362820e-01 1.057362604468761846e+00 9.840689806872051637e-01 1.206222881989310158e+00
7.974999999999999645e+00 9.992394311438761445e-01 1.052976078408510485e+00 9.842459061406222398e-01 1.241145077388204454e+00
8.025000000000000355e+00 1.006339568117347483e+00 1.045160079338568471e+00 9.843310797458739714e-01 1.214074540588710782e+00
8.074999999999999289e+00 1.007414597008309043e+00 1.039207613357030047e+00 9.846114213962560147e-01 1.168587505450089603e+00
8.125000000000000000e+00 1.012493573516071610e+00 1.030543284149983085e+00 9.852684424066399105e-01 1.193751993174933190e+00
8.175000000000000711e+00 1.013076429032471415e+00 1.023327152809598628e+00 9.864206455956034958e-01 1.160525870782519009e+00
8.225000000000001421e+00 1.013810820709605931e+00 1.020561302412098303e+00 9.870307273482585853e-01 1.154501471369244081e+00
8.275000000000000355e+00 1.017432460543938655e+00 1.013476410704506225e+00 9.884314652423326075e-01 1.161825680926758420e+00
8.324999999999999289e+00 1.018881190129171221e+00 1.007111155846066808e+00 9.898983895679523970e-01 1.150483437077943538e+00
8.375000000000000000e+00 1.020130114559051560e+00 1.000455520104528429e+00 9.909998987707611118e-01 1.119534948345410452e+00
8.425000000000000711e+00 1.019790672665279452e+00 9.964622776797187331e-01 9.922049126434574484e-01 1.140382673205581954e+00
8.475000000000001421e+00 1.020666618629175959e+00 9.941002156938781864e-01 9.936795599268458679e-01 1.109857671212298280e+00
8.525000000000000355e+00 1.019437089627244442e+00 9.882814588167657677e-01 9.949844414028389261e-01 1.130307382827909768e+00
8.574999999999999289e+00 1.019279996290583190e+00 9.866224672256025396e-01 9.962011523521832057e-01 1.097773193689757454e+00
8.625000000000000000e+00 1.015661201640343458e+00 9.822822024372809269e-01 9.971049182377031972e-01 1.115598286123135718e+00
8.675000000000000711e+00 1.016280424895933399e+00 9.819311699452411002e-01 9.983653879615533855e-01 1.119727811798742367e+00
8.725000000000001421e+00 1.013061254611712148e+00 9.796388676489694580e-01 9.992993275917928520e-01 1.119376797585679650e+00
8.775000000000000355e+00 1.011253046769045705e+00 9.788747145056569954e-01 9.997695161896086313e-01 1.112991635461902717e+00
8.824999999999999289e+00 1.007142264172928403e+00 9.818318020003314883e-01 1.000203902607523565e+00 1.119325975160035735e+00
8.875000000000000000e+00 1.007480055689525145e+00 9.786648862182760755e-01 1.000657819201718146e+00 1.108059456369008933e+00
8.925000000000000711e+00 1.003547139673546695e+00 9.818095735492109455e-01 1.000917863444438671e+00 1.099329726558882614e+00
8.975000000000001421e+00 1.000542957873387984e+00 9.825487979170844932e-01 1.001220832506093616e+00 1.104699906982039570e+00
9.025000000000000355e+00 9.963225827111146238e-01 9.854161693583787240e-01 1.001117033473359896e+00 1.101822094360566995e+00
9.074999999999999289e+00 9.955630503086058125e-01 9.876015388812765528e-01 1.001582010260355426e+00 1.109761288525789702e+00
9.125000000000000000e+00 9.919099372118382885e-01 9.880471817162268522e-01 1.001582710235366713e+00 1.134134262007929994e+00
9.175000000000000711e+00 9.885960071934334348e-01 9.914262515166509804e-01 1.001400870199067317e+00 1.106763237528232358e+00
9.225000000000001421e+00 9.899686988749789585e-01 9.951115423889583811e-01 1.001100620205572334e+00 1.107254268304702416e+00
9.275000000000000355e+00 9.886964544066332294e-01 9.970570964510702128e-01 1.001124624564223797e+00 1.086842980552699567e+00
9.324999999999999289e+00 9.855936111686209866e-01 9.954669246863089294e-01 1.000871603013111288e+00 1.079426341241168874e+00
9.375000000000000000e+00 9.849243871091756253e-01 9.969568523868286292e-01 1.000604185585581840e+00 1.103270914163737570e+00
9.425000000000000711e+00 9.843764014493107117e-01 9.986293709843455657e-01 1.000299568021907781e+00 1.090434589621844363e+00
9.475000000000001421e+00 9.838666501911486062e-01 1.001751592555627290e+00 9.997954961460013834e-01 1.085852730653318554e+00
9.525000000000000355e+00 9.823987392379245343e-01 1.000951588204507026e+00 9.997997883963227750e-01 1.091646248332725389e+00
9.575000000000001066e+00 9.829896078157427386e-01 1.001957008331455290e+00 9.993653001885749454e-01 1.083958490035912714e+00
9.625000000000000000e+00 9.820542414263121467e-01 1.004699781679725179e+00 9.994492546889536255e-01 1.065941583410802362e+00
9.675000000000000711e+00 9.835831275781796723e-01 1.005093556473094063e+00 9.992292239038359503e-01 1.056355588506852072e+00
9.725000000000001421e+00 9.843341614733076561e-01 1.005883093000538242e+00 9.995288939870070610e-01 1.077062465205549380e+00
9.775000000000000355e+00 9.846618863271240363e-01 1.008774925598235894e+00 9.991735989101291349e-01 1.076184056015357271e+00
9.825000000000001066e+00 9.865774030497936886e-01 1.006681796220500802e+00 9.987328649344467957e-01 1.090816074441948835e+00
9.875000000000000000e+00 9.849104463979512225e-01 1.007951555737714555e+00 9.992873763828222788e-01 1.067677153957615976e+00
9.925000000000000711e+00 9.874200924968166149e-01 1.006379182603458711e+00 9.991720637605654431e-01 1.064946058212073332e+00
9.975000000000001421e+00 9.896971974230159841e-01 1.008303183018416593e+00 9.998177329760504772e-01 1.039966623653695965e+00
1.002500000000000036e+01 9.901506939547694008e-01 1.008054516478665397e+00 9.994073150483498980e-01 1.055566930947879012e+00
1.007500000000000107e+01 9.931240485311167987e-01 1.006869519451649264e+00 9.995518278839609083e-01 1.039016500391242603e+00
1.012500000000000000e+01 9.944709108661771158e-01 1.008180150904439909e+00 1.000024353740858407e+00 1.051838986949163779e+00
1.017500000000000071e+01 9.968120234691899562e-01 1.007840043703454258e+00 1.000352802193215096e+00 1.043520275984820556e+00
1.022500000000000142e+01 9.961595831090553910e-01 1.005528705700471148e+00 1.000271965544464070e+00 1.042311970474207650e+00
1.027500000000000036e+01 9.988966518615927104e-01 1.005214045996154715e+00 1.000794469079240967e+00 1.025439772292877194e+00
1.032500000000000107e+01 9.998906112284707826e-01 1.005086277718681309e+00 1.001163655412360187e+00 1.019755903911001571e+00
1.037500000000000000e+01 9.999206595502460049e-01 1.005111713057984080e+00 1.001374883144443784e+00 1.038534965263107734e+00
1.042500000000000071e+01 1.002406050882904021e+00 1.005094163914194816e+00 1.001750400880058844e+00 1.026698012805336679e+00
1.047500000000000142e+01 1.001214849680575947e+00 1.003133192927674999e+00 1.001968697824001220e+00 1.038121873946234341e+00
1.052500000000000036e+01 1.003858218600166774e+00 1.002920071954584325e+00 1.002065379308862081e+00 1.029975551108437415e+00
1.057500000000000107e+01 1.001703181557318745e+00 1.003291714420603720e+00 1.002183726283111476e+00 1.020342755206133267e+00
1.062500000000000000e+01 1.003963251874796292e+00 1.003524584695234534e+00 1.002504418585887125e+00 1.025054405898280008e+00
1.067500000000000071e+01 1.004381902373536084e+00 1.002551721724912248e+00 1.002391067432127914e+00 1.015145256339259561e+00
1.072500000000000142e+01 1.003222394821776442e+00 1.000910643232135966e+00 1.002722471817418359e+00 1.003500202828294441e+00
1.077500000000000036e+01 1.004310431000011272e+00 1.002387941185116871e+00 1.002561091186668474e+00 1.010933605478476771e+00
1.082500000000000107e+01 1.005744327865029319e+00 1.001829784532004552e+00 1.002813533548897684e+00 1.011142553411230605e+00
1.087500000000000000e+01 1.004475838350953998e+00 1.002598859844630264e+00 1.002643230082645109e+00 1.007656298037115761e+00
1.092500000000000071e+01 1.004029273655463239e+00 1.002634608694111140e+00 1.002392856423849565e+00 1.008278230789552365e+00
1.097500000000000142e+01 1.003696870054283208e+00 1.002417878478723656e+00 1.002046918644301732e+00 1.010482490210358408e+00
1.102500000000000036e+01 1.001329758339548404e+00 1.001835888588831436e+00 1.001946990350869093e+00 1.004116193592109907e+00
1.107500000000000107e+01 1.002174433335009551e+00 1.004227141892956698e+00 1.001711153753393591e+00 1.016943198855368768e+00
1.112500000000000000e+01 1.001392592283769867e+00 1.003119610034500120e+00 1.001555742488719813e+00 1.021617062882027138e+00
1.117500000000000071e+01 1.000358219964325057e+00 1.003487464167425181e+00 1.001155128867468491e+00 1.015800669613230012e+00
1.122500000000000142e+01 9.997439460285455493e-01 1.003260190015896391e+00 1.000895809971181327e+00 1.016524185437999828e+00
1.127500000000000036e+01 1.000739376589885765e+00 1.004042128330314254e+00 1.000791354359152008e+00 1.010627634525264051e+00
1.132500000000000107e+01 1.001078109145947970e+00 1.004262963415360366e+00 1.000255317579063830e+00 1.026298476163624018e+00
1.137500000000000000e+01 9.995159574619862930e-01 1.004693395863845318e+00 1.000051870039417423e+00 1.016425936528896123e+00
1.142500000000000071e+01 9.982543559273450162e-01 1.005704957107048880e+00 9.999593664792058023e-01 1.023215505833188210e+00
1.147500000000000142e+01 9.989251321323032728e-01 1.002502973529146635e+00 9.995109655010321337e-01 1.035547617036792989e+00
1.152500000000000036e+01 9.988186629514981263e-01 1.004738014809876567e+00 9.990525048065241887e-01 9.964256968274258774e-01
1.157500000000000107e+01 9.977834480736581524e-01 1.005225107381040761e+00 9.988309648040075706e-01 1.011850878493070427e+00
1.162500000000000000e+01 9.975131043041418621e-01 1.004689982664274783e+00 9.986227412545815030e-01 1.018783579425113883e+00
1.167500000000000071e+01 9.984290313713031217e-01 1.004324826714139807e+00 9.984976308334735373e-01 1.006635063868123181e+00
1.172500000000000142e+01 9.980082804521126505e-01 1.005737840752369605e+00 9.983649982417659441e-01 1.015809014021098911e+00
1.177500000000000036e+01 9.977170706398114097e-01 1.004566316427031536e+00 9.985017139069579661e-01 1.008688955133682175e+00
1.182500000000000107e+01 9.977972385065057015e-01 1.003859289986037240e+00 9.983584916140654242e-01 1.013593951288566108e+00
1.187500000000000000e+01 9.970633344963396594e-01 1.005523308648455183e+00 9.979233322429866826e-01 1.016318573142509507e+00
1.192500000000000071e+01 9.986341773772163810e-01 1.004425514509349915e+00 9.980322992638992474e-01 1.008407550397060426e+00
1.197500000000000142e+01 9.977706859409662954e-01 1.003217354520852922e+00 9.980781972449134232e-01 1.006741982326649909e+00
1.202500000000000036e+01 9.992336560518747524e-01 1.003708274279964785e+00 9.981649318718673891e-01 9.900836489679847308e-01
1.207500000000000107e+01 9.997301976808787849e-01 1.002421513965434663e+00 9.981118142493308198e-01 1.002360141632436363e+00
1.212500000000000000e+01 9.996153351691500211e-01 1.003794422733408354e+00 9.982921255788357318e-01 9.717141156255013623e-01
1.217500000000000071e+01 9.979999001453138119e-01 1.001647380573297941e+00 9.983006206402388338e-01 1.004947057244090614e+00
1.222500000000000142e+01 9.989955890222408375e-01 1.002100270050348296e+00 9.984899736445411733e-01 9.993169095603786634e-01
1.227500000000000036e+01 9.991537202545793805e-01 1.001235024774352667e+00 9.986823909120453591e-01 1.000904506327997767e+00
1.232500000000000107e+01 9.984844998322961462e-01 1.001425875267493382e+00 9.987656962280542228e-01 9.993458596049952236e-01
1.237500000000000000e+01 9.999023432155553781e-01 1.000339261025039228e+00 9.990785529883042804e-01 9.953294804124208639e-01
1.242500000000000071e+01 1.000417356455481688e+00 1.000005684297017305e+00 9.989910759796233330e-01 9.876387233190224713e-01
1.247500000000000142e+01 1.000648283856135912e+00 1.000229450560053968e+00 9.993792771735003910e-01 9.861269871757574190e-01
1.252500000000000036e+01 1.001093202393465775e+00 1.000163684048252621e+00 9.994689211431939668e-01 9.892121883565090368e-01
1.257500000000000107e+01 1.000613931779703814e+00 9.986204604487873837e-01 9.995471240023957593e-01 9.916833409810154043e-01
1.262500000000000000e+01 1.001047377482977785e+00 9.999168913581133467e-01 9.998160589557196776e-01 9.790180498796489106e-01
1.267500000000000071e+01 1.001383358610432150e+00 1.001214361366433714e+00 1.000295954838140045e+00 9.783744154874890464e-01
1.272500000000000142e+01 1.000804608897215342e+00 9.992886550308269777e-01 1.000148772148086174e+00 9.954376989011005650e-01
1.277500000000000036e+01 1.001160647507404855e+00 9.997350448109258991e-01 1.000070652575172359e+00 9.785217277635824829e-01
1.282500000000000107e+01 1.000439623461461647e+00 9.987314559902404909e-01 1.000465515372378933e+00 9.847084705881511413e-01
1.287500000000000000e+01 1.001580377272351052e+00 9.995879344858988880e-01 1.000608680052421207e+00 1.000390003126073069e+00
1.292500000000000071e+01 1.000433554528430191e+00 9.994791131193039302e-01 1.000513213382418165e+00 9.851405787867937303e-01
1.297500000000000142e+01 1.000469979124221975e+00 9.983492733492630444e-01 1.000735421121979662e+00 9.806272461166404275e-01
1.302500000000000036e+01 9.994070502069001272e-01 9.985876852660392489e-01 1.000951570411743319e+00 9.879868891109072626e-01
1.307500000000000107e+01 9.995480768212778866e-01 9.995290427840659575e-01 1.000805691832274302e+00 9.820363164761084507e-01
1.312500000000000000e+01 9.995894771718427663e-01 9.995151005830887891e-01 1.000694779124499112e+00 9.920482223335430616e-01
1.317500000000000071e+01 1.000406372876178729e+00 9.999429904335552788e-01 1.000753464787718539e+00 9.769668955019363832e-01
1.322500000000000142e+01 1.000198056683270664e+00 1.000435266765682840e+00 1.000727347199335870e+00 9.691108904968357418e-01
1.327500000000000036e+01 1.000532282294760211e+00 1.000139904700773519e+00 1.000835208368306750e+00 9.874283132202885671e-01
1.332500000000000107e+01 9.998992554951389167e-01 9.997778423313858909e-01 1.000628702952041760e+00 9.891189692314369397e-01
1.337500000000000000e+01 9.988589060036398015e-01 1.000916053142353990e+00 1.000902478609430046e+00 9.899177908009855198e-01
1.342500000000000071e+01 9.982209764814741204e-01 9.997798707280524111e-01 1.000601638464715837e+00 9.847958954558614364e-01
1.347500000000000142e+01 9.990994588191681736e-01 1.002420402475800110e+00 1.000552563845279463e+00 9.842688972820803350e-01
1.352500000000000036e+01 9.989131823056193182e-01 1.000875478326749946e+00 1.000465269771839250e+00 9.987993635774815582e-01
1.357500000000000107e+01 9.984878853915942765e-01 1.001751253106952788e+00 1.000559111637418619e+00 9.724172247690444637e-01
1.362500000000000000e+01 9.995948187527807782e-01 1.003196349343292715e+00 1.000369247844423715e+00 9.830802261815265730e-01
1.367500000000000071e+01 9.997339548941871490e-01 1.002918775175537069e+00 1.000402263280898207e+00 9.821245958031319390e-01
1.372500000000000142e+01 9.983265939743745099e-01 1.002355724197826703e+00 1.000059468315138034e+00 9.762268362910762054e-01
1.377500000000000036e+01 9.992363988165686717e-01 1.001746003556475140e+00 1.000213459233371571e+00 9.811163880824054218e-01
1.382500000000000107e+01 9.978197630683727226e-01 1.001533315236865729e+00 1.000156820157909854e+00 9.784497047087034050e-01
1.387500000000000000e+01 9.991109218825412475e-01 1.002610775159895828e+00 1.000277939012399919e+00 9.703872731976856958e-01
1.392500000000000071e+01 1.000247188765796658e+00 1.001813087918529854e+00 1.000095653117996086e+00 9.770251036079493634e-01
1.397500000000000142e+01 9.996682180900657855e-01 1.002607908783287316e+00 1.000069528833960053e+00 9.796046729084736393e-01
1.402500000000000036e+01 9.997689281977953923e-01 1.001780944484077507e+00 1.000016662294759495e+00 9.925667422018008557e-01
1.407500000000000107e+01 9.990201661879734019e-01 1.002663025520792894e+00 1.000115088437944166e+00 9.868531340743590397e-01
1.412500000000000000e+01 1.000090208796631464e+00 1.001509634590800335e+00 9.996784107446151646e-01 9.717920315926106278e-01
1.417500000000000071e+01 1.000748352613386682e+00 1.002343007388885932e+00 1.000024471819237926e+00 9.816619645248844117e-01
1.422500000000000142e+01 1.000573528793169631e+00 1.000974545765839219e+00 9.999666035464280789e-01 9.761638819558132729e-01
1.427500000000000036e+01 1.000090161248190501e+00 1.001210945278289799e+00 9.999597862291985662e-01 9.705805065714480095e-01
1.432500000000000107e+01 1.000272990348747726e+00 1.002161973350167212e+00 1.000041460917150404e+00 9.720452810903891239e-01
1.437500000000000000e+01 1.000787326376550324e+00 1.001206098993131066e+00 9.997116619704924378e-01 9.716957930582481584e-01
1.442500000000000071e+01 1.001078453038618976e+00 1.002705299536400307e+00 1.000009999559528184e+00 9.700204189117428433e-01
1.447500000000000142e+01 1.002064807274674951e+00 1.001208219260678378e+00 9.999519901307812875e-01 9.891633299545152802e-01
1.452500000000000036e+01 1.001386220277795225e+00 1.002574309545109177e+00 1.000020704925370651e+00 9.701376651094090198e-01
1.457500000000000107e+01 1.000783814226209545e+00 1.001170589469545957e+00 1.000037513601223393e+00 9.767846018500816463e-01
1.462500000000000000e+01 1.001337645340596660e+00 1.001055248955886379e+00 1.000052051601268754e+00 9.652490275556370181e-01
1.467500000000000071e+01 1.001743604969998813e+00 1.001820570422041312e+00 9.999779128014320007e-01 9.672637907259490353e-01
1.472500000000000142e+01 1.001330738839497192e+00 1.001719991803483367e+00 9.999072488715516904e-01 9.702672971095870347e-01
1.477500000000000036e+01 1.000238125026377212e+00 1.002450260071755084e+00 9.999450025936374997e-01 9.690828417298819053e-01
1.482500000000000107e+01 1.000446350877564283e+00 1.001436473122010673e+00 9.999945378576322597e-01 9.611058792598468070e-01
1.487500000000000000e+01 1.002437582211655132e+00 1.000231192578430628e+00 1.000085784523504051e+00 9.639824765785575122e-01
1.492500000000000071e+01 1.001347224445144235e+00 1.001534843781795692e+00 9.999483699337436970e-01 9.641459847698067298e-01
1.497500000000000142e+01 1.001663368988419567e+00 1.000896582587408545e+00 1.000021161999314012e+00 9.673813057817810535e-01
1.502500000000000036e+01 1.001918450375463454e+00 1.000742805905796784e+00 9.998671388248111525e-01 9.755801855277306256e-01
1.507500000000000107e+01 1.000261642725284394e+00 1.001898882285180425e+00 1.000030241554072941e+00 9.667253028032747331e-01
1.512500000000000000e+01 1.000176123194743694e+00 1.000096112838704920e+00 9.999264973888091212e-01 9.701035641245321361e-01
1.517500000000000071e+01 1.001155408440108197e+00 1.000933736468112123e+00 1.000006368390231160e+00 9.730497648313388703e-01
1.522500000000000142e+01 1.001443569572759262e+00 1.001697566481347224e+00 9.998043990115758062e-01 9.499556763732310838e-01
1.527500000000000036e+01 1.002125327967368085e+00 1.001046686188596491e+00 1.000116869869736691e+00 9.614365630903688453e-01
1.532500000000000107e+01 1.001959858040101237e+00 1.001153657313835099e+00 9.998333290555834196e-01 9.637207444301935100e-01
1.537500000000000000e+01 1.001158915450965692e+00 1.000433228504755689e+00 1.000184235730176230e+00 9.644866676047548770e-01
1.542500000000000071e+01 1.000493449258021972e+00 1.001124689430271220e+00 9.999992995987477817e-01 9.619106566715465156e-01
1.547500000000000142e+01 1.000886140291863846e+00 1.000393153383320355e+00 1.000010419921120164e+00 9.429740849301401218e-01
1.552500000000000036e+01 1.001417563624998008e+00 1.001315887658459802e+00 9.998103552756172352e-01 9.546183522549979150e-01
1.557500000000000107e+01 9.999513624218061558e-01 1.000996816173687964e+00 9.998508721465679816e-01 9.672926699269269735e-01
1.562500000000000000e+01 1.000094863032394032e+00 1.000533030548065971e+00 9.999453532163878888e-01 9.622261730141035141e-01
1.567500000000000071e+01 1.000574172621228053e+00 1.000392075923826729e+00 9.999799537271841787e-01 9.659473475060137426e-01
1.572500000000000142e+01 1.000759874994409993e+00 1.001316678358146639e+00 9.999385659052653086e-01 9.534032143115817037e-01
1.577500000000000036e+01 1.000779695169950578e+00 1.001815970143339563e+00 1.000006297243570152e+00 9.588662340099701753e-01
1.582500000000000107e+01 1.000720001520416069e+00 1.001221470437461569e+00 9.999409159160225213e-01 9.601209155773222648e-01
1.587500000000000000e+01 1.000555259027033905e+00 9.999935954411222072e-01 9.999139113990689332e-01 9.541196615376913437e-01
1.592500000000000071e+01 1.000323533834056366e+00 1.001048477145700000e+00 9.999718208415203646e-01 9.621935405109175443e-01
1.597500000000000142e+01 1.001566132500276485e+00 1.000931388583146786e+00 9.998982447741299184e-01 9.586793788263735516e-01
1.602499999999999858e+01 9.995837910039314655e-01 1.000284667825267260e+00 9.998928483541913437e-01 9.569436529194531582e-01
1.607500000000000284e+01 1.000544293041980781e+00 1.000965355308995441e+00 9.998831443400174601e-01 9.632699526125724221e-01
1.612500000000000000e+01 9.991123406632100856e-01 1.000159260518912685e+00 9.991323811036088021e-01 9.697159691564642969e-01
1.617500000000000071e+01 9.973866689354435877e-01 9.975825563219407055e-01 9.972450820094147517e-01 9.554835780057360228e-01
1.622500000000000142e+01 9.921895006336807210e-01 9.929450519313978152e-01 9.915688813236674948e-01 9.405527261882065115e-01
1.627499999999999858e+01 9.844489935362061850e-01 9.843787391225188310e-01 9.838471830776601701e-01 9.471777793873707996e-01
1.632500000000000284e+01 9.755826554703278530e-01 9.747401801067450133e-01 9.750527974144310717e-01 9.306491098557532204e-01
1.637500000000000000e+01 9.661852878093132313e-01 9.673256303692258085e-01 9.658777523589430203e-01 9.331956553799864995e-01
1.642500000000000071e+01 9.575248632491231149e-01 9.575840403139752599e-01 9.571966942327586603e-01 9.187256279870218423e-01
1.647500000000000142e+01 9.488317302083741911e-01 9.491239490957549263e-01 9.480123680228237371e-01 8.984002761805516268e-01
1.652499999999999858e+01 9.396068564394821632e-01 9.397982576637680108e-01 9.390341574075481423e-01 9.005636133166265989e-01
1.657500000000000284e+01 9.308733795238142150e-01 9.310902772866525012e-01 9.301331502321431577e-01 8.861926254454757235e-01
1.662500000000000000e+01 9.215946385540405572e-01 9.226292005982882349e-01 9.215270428758669530e-01 8.910860035619708741e-01
1.667500000000000071e+01 9.137520586061713690e-01 9.139912307507856992e-01 9.126944696818287683e-01 8.811957561138097361e-01
1.672500000000000142e+01 9.046761463561082683e-01 9.045536389951105427e-01 9.041281216419218003e-01 8.602405090299193313e-01
1.677499999999999858e+01 8.958499586896878641e-01 8.960085955117186307e-01 8.952352460232004816e-01 8.610204132859680115e-01
1.682500000000000284e+01 8.869131891795243305e-01 8.873208981398451600e-01 8.868248437201520229e-01 8.536571595590320971e-01
1.687500000000000000e+01 8.789855985152651430e-01 8.794605274399108774e-01 8.781691740458579254e-01 8.342434551024063838e-01
1.692500000000000071e+01 8.702326366961804505e-01 8.706536461794848192e-01 8.698011172236953525e-01 8.392440668356881961e-01
1.697500000000000142e+01 8.618977077426467348e-01 8.626158481995873650e-01 8.613703761383023627e-01 8.220342956091891695e-01
1.702499999999999858e+01 8.542528149604956544e-01 8.533010272333533264e-01 8.529025520402280236e-01 8.172777211325453761e-01
1.707500000000000284e+01 8.459054881438280438e-01 8.446342097742717270e-01 8.445171798198228830e-01 8.087982850680012215e-01
1.712500000000000000e+01 8.367543284409790783e-01 8.372338692496348322e-01 8.361595235099996692e-01 8.076647865958775929e-01
1.717500000000000071e+01 8.288735043464324770e-01 8.283609002997146531e-01 8.280362631214407410e-01 7.981989610450903605e-01
1.722500000000000142e+01 8.206398307107617418e-01 8.204828625491409344e-01 8.196686551102627671e-01 7.799450636787755853e-01
1.727499999999999858e+01 8.121371713434988315e-01 8.119620288357639604e-01 8.116455929222075039e-01 7.738650407755913729e-01
1.732500000000000284e+01 8.043229000078634394e-01 8.044401179710879424e-01 8.034368960322979536e-01 7.669670427002694968e-01
1.737500000000000000e+01 7.958830363355520188e-01 7.962225642344475940e-01 7.954861974943729930e-01 7.577429041095743445e-01
1.742500000000000071e+01 7.886365276960858317e-01 7.876221066244241120e-01 7.874868602835737308e-01 7.572932943927693783e-01
1.747500000000000142e+01 7.803010023257112016e-01 7.800895541608935391e-01 7.794282330262807257e-01 7.489111060219860727e-01
1.752499999999999858e+01 7.719612144819461008e-01 7.718065945802822236e-01 7.714294773552466955e-01 7.337704298628522359e-01
1.757500000000000284e+01 7.634671923383893333e-01 7.639873451935229598e-01 7.635876388343146859e-01 7.292975941001270668e-01
1.762500000000000000e+01 7.560491782564913166e-01 7.558570264734897348e-01 7.556184759115868177e-01 7.311749335396550142e-01
1.767500000000000071e+01 7.492033770902590817e-01 7.490305386865749870e-01 7.477754003285490558e-01 7.156637756341157619e-01
1.772500000000000142e+01 7.404962413760080020e-01 7.407240996186107429e-01 7.401909962725324865e-01 7.197532115733900060e-01
1.777499999999999858e+01 7.324994593311970892e-01 7.330642954701591663e-01 7.324208683520552210e-01 7.014881046994430047e-01
1.782500000000000284e+01 7.254514552834626651e-01 7.248520186567978252e-01 7.247345133378564341e-01 6.973810670138490542e-01
1.787500000000000000e+01 7.176092262207517392e-01 7.175026114731871685e-01 7.171966746268809700e-01 6.845012893764577111e-01
1.792500000000000071e+01 7.100434182477598499e-01 7.103178063950258414e-01 7.095170176885580160e-01 6.764838014852203596e-01
1.797500000000000142e+01 7.026572602349427932e-01 7.024854221497749407e-01 7.020338637925728209e-01 6.720287738430553715e-01
1.802499999999999858e+01 6.949435948199027546e-01 6.961739119718842739e-01 6.943640050668989927e-01 6.632818633351367232e-01
1.807500000000000284e+01 6.877868453478264144e-01 6.882322426733745724e-01 6.870733749060414786e-01 6.616559351686503998e-01
1.812500000000000000e+01 6.792364511750015321e-01 6.807791693206743933e-01 6.796928378714683916e-01 6.523852158896430442e-01
1.817500000000000071e+01 6.725599656519948288e-01 6.732368913110057251e-01 6.722691823795339250e-01 6.432631526034635616e-01
1.822500000000000142e+01 6.650803332135795110e-01 6.654186252634743948e-01 6.648319246590294052e-01 6.455280477062681488e-01
1.827499999999999858e+01 6.579783722883090213e-01 6.586649605339922608e-01 6.576108097944425301e-01 6.324507625111405185e-01
1.832500000000000284e+01 6.514529451122089698e-01 6.519083780749564960e-01 6.502592036955971988e-01 6.283896109366896576e-01
1.837500000000000000e+01 6.441442253996695344e-01 6.441951229172633298e-01 6.431759613610095183e-01 6.190289356935947396e-01
1.842500000000000071e+01 6.366469375917503948e-01 6.370803667571308671e-01 6.359181395636069878e-01 6.192106993134737225e-01
1.847500000000000142e+01 6.295033931006634997e-01 6.290046795663232215e-01 6.288873372949497220e-01 6.015450476145830505e-01
1.852499999999999858e+01 6.223416616907437859e-01 6.228181302054341950e-01 6.216316573393412259e-01 6.041791886030092318e-01
1.857500000000000284e+01 6.157977596944209653e-01 6.152501732827538872e-01 6.148619854879547875e-01 5.903548850302566819e-01
1.862500000000000000e+01 6.082638704765804816e-01 6.082597665453749469e-01 6.077215152336341575e-01 5.928953076725740345e-01
1.867500000000000071e+01 6.005121995556250702e-01 6.013729152713553905e-01 6.006490914466323661e-01 5.820052080304181086e-01
1.872500000000000142e+01 5.941369977837024363e-01 5.948727666661695057e-01 5.936861394860849517e-01 5.773227067151129877e-01
1.877499999999999858e+01 5.876566698273256728e-01 5.867119217508963702e-01 5.867961151258848096e-01 5.621435677279180698e-01
1.882500000000000284e+01 5.802998490185306002e-01 5.801744552161400836e-01 5.800014250972739260e-01 5.617819533990265901e-01
1.887500000000000000e+01 5.739299836897228113e-01 5.739479654098926797e-01 5.732185203433407539e-01 5.541227621424278382e-01
1.892500000000000071e+01 5.665485905731623140e-01 5.666536402099449088e-01 5.662603746261627435e-01 5.434721665103615651e-01
1.897500000000000142e+01 5.605485013917734793e-01 5.602977092032044304e-01 5.594921948983074822e-01 5.425137046761191462e-01
1.902499999999999858e+01 5.531415613213487292e-01 5.533463673835540275e-01 5.528361775838355197e-01 5.418428828505311712e-01
1.907500000000000284e+01 5.464534075852162109e-01 5.466535082541255086e-01 5.462193319730562768e-01 5.354482201329661128e-01
1.912500000000000000e+01 5.403699415857032839e-01 5.398150319553614018e-01 5.396321076054698684e-01 5.276254383057820130e-01
1.917500000000000426e+01 5.333373843376250090e-01 5.333855062764860655e-01 5.330191489178455200e-01 5.151824840729577470e-01
1.922500000000000142e+01 5.270380383845466588e-01 5.268688357838227088e-01 5.262274532822027728e-01 4.984962421226821760e-01
1.927499999999999858e+01 5.200569799379466396e-01 5.205425249069901561e-01 5.197998778517147755e-01 5.062401601212757063e-01
1.932500000000000284e+01 5.141650890981811495e-01 5.133485028190082344e-01 5.133131196346653047e-01 4.989016783751215600e-01
1.937500000000000000e+01 5.073645663210262224e-01 5.073177036217949576e-01 5.068143346443674258e-01 4.939061002347358009e-01
1.942500000000000426e+01 5.008928755429362667e-01 5.010844828936283912e-01 5.002208727876253924e-01 4.899496973579049452e-01
1.947500000000000142e+01 4.942478865318409298e-01 4.950607898302823440e-01 4.939454593132980853e-01 4.768267012574514685e-01
1.952499999999999858e+01 4.876635070863140631e-01 4.877824715897900454e-01 4.876006100283830080e-01 4.649388196092688053e-01
1.957500000000000284e+01 4.808861666346694874e-01 4.814405363822434336e-01 4.811431135581117902e-01 4.653575110307429652e-01
1.962500000000000000e+01 4.754934495363931646e-01 4.759739753052451006e-01 4.748731006286061596e-01 4.599934572017188583e-01
1.967500000000000426e+01 4.689874140087380017e-01 4.681121478505341216e-01 4.685629941947488941e-01 4.524484429993692047e-01
1.972500000000000142e+01 4.623506239911333582e-01 4.624238033558655259e-01 4.623635621198166623e-01 4.428040236388630646e-01
1.977499999999999858e+01 4.561995126078794427e-01 4.560434916662324811e-01 4.559707255849651530e-01 4.440699245344385537e-01
1.982500000000000284e+01 4.504977570217273408e-01 4.500584421313181815e-01 4.499341328772215043e-01 4.288012157659757406e-01
1.987500000000000000e+01 4.439558114946358658e-01 4.437859111374602428e-01 4.437183751524990671e-01 4.298998391043462597e-01
1.992500000000000426e+01 4.379389156884874179e-01 4.381535563462873317e-01 4.375434212121758204e-01 4.262563679045829335e-01
1.997500000000000142e+01 4.315206919811750974e-01 4.319847806908959087e-01 4.314045719026026182e-01 4.177302997946267804e-01
