# r (Angstroms), cation-water g(r), anion-water g(r), water-water g(r), cation-anion g(r)
2.500000000000000139e-02 0.000000000000000000e+00 0.000000000000000000e+00 5.751828183851543872e+04 0.000000000000000000e+00
7.500000000000001110e-02 0.000000000000000000e+00 0.000000000000000000e+00 0.000000000000000000e+00 0.000000000000000000e+00
1.250000000000000000e-01 0.000000000000000000e+00 0.000000000000000000e+00 0.000000000000000000e+00 0.000000000000000000e+00
1.750000000000000167e-01 0.000000000000000000e+00 0.000000000000000000e+00 0.000000000000000000e+00 0.000000000000000000e+00
2.250000000000000056e-01 0.000000000000000000e+00 0.000000000000000000e+00 0.000000000000000000e+00 0.000000000000000000e+00
2.750000000000000222e-01 0.000000000000000000e+00 0.000000000000000000e+00 0.000000000000000000e+00 0.000000000000000000e+00
3.250000000000000666e-01 0.000000000000000000e+00 0.000000000000000000e+00 0.000000000000000000e+00 0.000000000000000000e+00
3.750000000000000000e-01 0.000000000000000000e+00 0.000000000000000000e+00 0.000000000000000000e+00 0.000000000000000000e+00
4.250000000000000444e-01 0.000000000000000000e+00 0.000000000000000000e+00 0.000000000000000000e+00 0.000000000000000000e+00
4.749999999999999778e-01 0.000000000000000000e+00 0.000000000000000000e+00 0.000000000000000000e+00 0.000000000000000000e+00
5.250000000000000222e-01 0.000000000000000000e+00 0.000000000000000000e+00 0.000000000000000000e+00 0.000000000000000000e+00
5.750000000000000666e-01 0.000000000000000000e+00 0.000000000000000000e+00 0.000000000000000000e+00 0.000000000000000000e+00
6.250000000000000000e-01 0.000000000000000000e+00 0.000000000000000000e+00 0.000000000000000000e+00 0.000000000000000000e+00
6.750000000000000444e-01 0.000000000000000000e+00 0.000000000000000000e+00 0.000000000000000000e+00 0.000000000000000000e+00
7.250000000000000888e-01 0.000000000000000000e+00 0.000000000000000000e+00 0.000000000000000000e+00 0.000000000000000000e+00
7.750000000000000222e-01 0.000000000000000000e+00 0.000000000000000000e+00 0.000000000000000000e+00 0.000000000000000000e+00
8.250000000000000666e-01 0.000000000000000000e+00 0.000000000000000000e+00 0.000000000000000000e+00 0.000000000000000000e+00
8.750000000000000000e-01 0.000000000000000000e+00 0.000000000000000000e+00 0.000000000000000000e+00 0.000000000000000000e+00
9.250000000000000444e-01 0.000000000000000000e+00 0.000000000000000000e+00 0.000000000000000000e+00 0.000000000000000000e+00
9.750000000000000888e-01 0.000000000000000000e+00 0.000000000000000000e+00 0.000000000000000000e+00 0.000000000000000000e+00
1.024999999999999911e+00 0.000000000000000000e+00 0.000000000000000000e+00 0.000000000000000000e+00 0.000000000000000000e+00
1.075000000000000178e+00 0.000000000000000000e+00 0.000000000000000000e+00 0.000000000000000000e+00 0.000000000000000000e+00
1.125000000000000000e+00 0.000000000000000000e+00 0.000000000000000000e+00 0.000000000000000000e+00 0.000000000000000000e+00
1.175000000000000266e+00 0.000000000000000000e+00 0.000000000000000000e+00 0.000000000000000000e+00 0.000000000000000000e+00
1.225000000000000089e+00 0.000000000000000000e+00 0.000000000000000000e+00 0.000000000000000000e+00 0.000000000000000000e+00
1.274999999999999911e+00 0.000000000000000000e+00 0.000000000000000000e+00 0.000000000000000000e+00 0.000000000000000000e+00
1.325000000000000178e+00 0.000000000000000000e+00 0.000000000000000000e+00 0.000000000000000000e+00 0.000000000000000000e+00
1.375000000000000000e+00 0.000000000000000000e+00 0.000000000000000000e+00 0.000000000000000000e+00 0.000000000000000000e+00
1.425000000000000266e+00 0.000000000000000000e+00 0.000000000000000000e+00 0.000000000000000000e+00 0.000000000000000000e+00
1.475000000000000089e+00 0.000000000000000000e+00 0.000000000000000000e+00 0.000000000000000000e+00 0.000000000000000000e+00
1.524999999999999911e+00 0.000000000000000000e+00 0.000000000000000000e+00 0.000000000000000000e+00 0.000000000000000000e+00
1.575000000000000178e+00 0.000000000000000000e+00 0.000000000000000000e+00 0.000000000000000000e+00 0.000000000000000000e+00
1.625000000000000000e+00 0.000000000000000000e+00 0.000000000000000000e+00 0.000000000000000000e+00 0.000000000000000000e+00
1.675000000000000266e+00 0.000000000000000000e+00 0.000000000000000000e+00 0.000000000000000000e+00 0.000000000000000000e+00
1.725000000000000089e+00 0.000000000000000000e+00 0.000000000000000000e+00 0.000000000000000000e+00 0.000000000000000000e+00
1.774999999999999911e+00 0.000000000000000000e+00 0.000000000000000000e+00 0.000000000000000000e+00 0.000000000000000000e+00
1.825000000000000178e+00 0.000000000000000000e+00 0.000000000000000000e+00 0.000000000000000000e+00 0.000000000000000000e+00
1.875000000000000000e+00 0.000000000000000000e+00 0.000000000000000000e+00 0.000000000000000000e+00 0.000000000000000000e+00
1.925000000000000266e+00 0.000000000000000000e+00 0.000000000000000000e+00 0.000000000000000000e+00 0.000000000000000000e+00
1.975000000000000089e+00 0.000000000000000000e+00 0.000000000000000000e+00 0.000000000000000000e+00 0.000000000000000000e+00
2.025000000000000355e+00 0.000000000000000000e+00 0.000000000000000000e+00 0.000000000000000000e+00 0.000000000000000000e+00
2.075000000000000178e+00 0.000000000000000000e+00 0.000000000000000000e+00 0.000000000000000000e+00 0.000000000000000000e+00
2.125000000000000000e+00 0.000000000000000000e+00 0.000000000000000000e+00 0.000000000000000000e+00 0.000000000000000000e+00
2.174999999999999822e+00 0.000000000000000000e+00 0.000000000000000000e+00 0.000000000000000000e+00 0.000000000000000000e+00
2.225000000000000089e+00 0.000000000000000000e+00 0.000000000000000000e+00 0.000000000000000000e+00 0.000000000000000000e+00
2.275000000000000355e+00 0.000000000000000000e+00 0.000000000000000000e+00 0.000000000000000000e+00 0.000000000000000000e+00
2.325000000000000178e+00 0.000000000000000000e+00 0.000000000000000000e+00 0.000000000000000000e+00 0.000000000000000000e+00
2.375000000000000000e+00 6.372822121149774666e-04 0.000000000000000000e+00 8.921950969609685630e-06 0.000000000000000000e+00
2.425000000000000266e+00 2.485849141960097194e-02 0.000000000000000000e+00 8.231828306162944885e-04 0.000000000000000000e+00
2.475000000000000089e+00 2.169302812692703863e-01 0.000000000000000000e+00 1.769634687634657685e-02 0.000000000000000000e+00
2.525000000000000355e+00 9.222165504599603159e-01 0.000000000000000000e+00 1.469408393811538482e-01 0.000000000000000000e+00
2.575000000000000178e+00 2.262688207521640127e+00 0.000000000000000000e+00 6.024583997979834349e-01 0.000000000000000000e+00
2.625000000000000000e+00 3.772086643658879801e+00 0.000000000000000000e+00 1.462044228469952856e+00 0.000000000000000000e+00
2.675000000000000266e+00 4.797703199830956500e+00 0.000000000000000000e+00 2.412759262529654336e+00 0.000000000000000000e+00
2.725000000000000089e+00 5.048940998013921266e+00 0.000000000000000000e+00 3.007723652305567708e+00 0.000000000000000000e+00
2.775000000000000355e+00 4.575330804425216336e+00 0.000000000000000000e+00 3.100607266667330997e+00 0.000000000000000000e+00
2.825000000000000178e+00 3.872042100308772827e+00 0.000000000000000000e+00 2.806827088037617379e+00 0.000000000000000000e+00
2.875000000000000000e+00 3.056180319253421818e+00 0.000000000000000000e+00 2.349121506563609074e+00 0.000000000000000000e+00
2.925000000000000266e+00 2.358207406938440887e+00 0.000000000000000000e+00 1.897297884048132710e+00 0.000000000000000000e+00
2.975000000000000089e+00 1.840690636242378053e+00 4.738465156552164326e-03 1.524903613582366146e+00 4.061541562758998469e-01
3.025000000000000355e+00 1.393399362820409992e+00 4.059334672251922738e-02 1.248406737534118571e+00 7.856776785003721786e-01
3.075000000000000178e+00 1.092348626439014092e+00 1.995880610952955048e-01 1.062660567644625909e+00 4.435290246562122007e+00
3.125000000000000000e+00 8.976730738540503740e-01 6.603713072009976814e-01 9.426217585376145403e-01 6.748499051663856108e+00
3.175000000000000266e+00 7.397026529265308126e-01 1.479286439927796293e+00 8.691516869820012925e-01 7.013089590658094785e+00
3.225000000000000089e+00 6.245469330909420025e-01 2.440007285728289954e+00 8.282761933819402511e-01 8.179825170532536660e+00
3.275000000000000355e+00 5.534504793079096929e-01 3.228982479498690772e+00 8.097063183521124863e-01 9.496021546461914653e+00
3.325000000000000178e+00 4.926020494547820316e-01 3.519855700350605243e+00 8.016420417402576604e-01 6.069464195702485299e+00
3.375000000000000000e+00 4.633874048142208046e-01 3.453682607821948469e+00 8.048461696798400178e-01 6.522138274343174835e+00
3.425000000000000266e+00 4.474031689249995392e-01 3.113231457190898332e+00 8.129076555756447053e-01 4.698754742134698681e+00
3.475000000000000089e+00 4.327357606856997441e-01 2.594132307178685704e+00 8.236526360278129122e-01 3.572228246889518566e+00
3.525000000000000355e+00 4.306723642532116481e-01 2.071200411874267733e+00 8.359541528641454278e-01 2.314405898360295311e+00
3.575000000000000178e+00 4.437426195819541563e-01 1.641275786689560423e+00 8.507115110498435495e-01 3.000161383186675135e+00
3.625000000000000000e+00 4.569359262955450252e-01 1.297402586177013539e+00 8.668283339082770711e-01 2.279664369864024209e+00
3.675000000000000266e+00 4.753736806773680712e-01 1.035654530523874017e+00 8.823852901176768571e-01 1.153388922882751855e+00
3.725000000000000089e+00 4.987948028151529267e-01 8.330805856575104196e-01 8.982206307545179680e-01 9.499208502366138784e-01
3.775000000000000355e+00 5.071108205162602189e-01 7.154710614778408972e-01 9.152659980383754945e-01 1.093092466707243249e+00
3.825000000000000178e+00 5.522527745844226787e-01 6.176910019154258080e-01 9.329204564951626422e-01 3.276006374518301567e-01
3.875000000000000000e+00 5.937938226170996758e-01 5.797489747766737533e-01 9.503739956224523944e-01 7.980027182060203117e-01
3.925000000000000266e+00 6.273744564259911005e-01 5.550389438452606461e-01 9.688676112352616610e-01 8.555813316000373536e-01
3.975000000000000089e+00 6.695535770092299055e-01 5.394953162128962587e-01 9.866118044144289723e-01 6.825214852285728107e-01
4.025000000000000355e+00 7.331245266568653385e-01 5.368258489180315340e-01 1.005580582585329452e+00 1.035486619571843736e+00
4.075000000000000178e+00 7.705184665907768293e-01 5.639259989143023954e-01 1.023096122901943072e+00 5.051160578886905173e-01
4.125000000000000000e+00 8.025851781757283865e-01 5.821682607685133570e-01 1.039705754360948919e+00 2.816829615427668410e-01
4.175000000000000711e+00 8.609515623915232618e-01 6.108603947150331726e-01 1.055610758314777353e+00 6.186972262475015638e-01
4.224999999999999645e+00 9.272211440073879762e-01 6.622720485612748620e-01 1.071060645253018695e+00 3.356335133596568543e-01
4.275000000000000355e+00 9.549642420058237491e-01 6.974877862312360843e-01 1.083465777760358240e+00 7.212225651949235594e-01
4.325000000000000178e+00 1.016159949059985745e+00 7.291138208536063203e-01 1.094263656735146917e+00 8.327604701367844475e-01
4.375000000000000000e+00 1.061115530062507251e+00 7.922369930938660820e-01 1.102095999641580004e+00 5.008214891150477577e-01
4.425000000000000711e+00 1.079190473766506786e+00 8.334887583044979786e-01 1.107565441939640349e+00 9.791351052035217606e-01
4.474999999999999645e+00 1.131261132602365160e+00 8.917970972339813729e-01 1.111649016138476664e+00 1.495902269917440464e+00
4.525000000000000355e+00 1.151050835346230317e+00 9.410187316267925040e-01 1.112669092351067812e+00 1.170421307993522841e+00
4.575000000000000178e+00 1.183907644436218209e+00 9.823914496385640627e-01 1.110622043778047185e+00 1.144978379532126000e+00
4.625000000000000000e+00 1.207295784904147906e+00 1.019131969875703536e+00 1.106849022078475464e+00 1.176373955223974921e+00
4.675000000000000711e+00 1.209680524072431540e+00 1.079633288616493880e+00 1.101716866254874638e+00 2.028561429961927232e+00
4.724999999999999645e+00 1.223072896859125347e+00 1.104243539581343025e+00 1.093639280731516950e+00 1.502810299809351768e+00
4.775000000000000355e+00 1.232173460845499946e+00 1.132952122703543951e+00 1.083465795627292394e+00 1.418949221309754316e+00
4.825000000000001066e+00 1.233172909955803309e+00 1.157563284982929819e+00 1.074218522583628044e+00 1.955865043546079596e+00
4.875000000000000000e+00 1.212897714924612069e+00 1.199284380079681744e+00 1.062172081595751605e+00 1.663852036602602391e+00
4.925000000000000711e+00 1.223322229985069454e+00 1.208304261325558793e+00 1.050276105267052396e+00 1.827844869743067147e+00
4.974999999999999645e+00 1.202148708219755502e+00 1.210524195575158890e+00 1.037183850523969220e+00 1.936528868301325979e+00
5.025000000000000355e+00 1.191109849779843133e+00 1.221575687371821539e+00 1.024527869830230919e+00 2.135455905979798619e+00
5.075000000000001066e+00 1.167476365599765753e+00 1.223258790177518041e+00 1.011346244239648140e+00 2.512302691575171387e+00
5.125000000000000000e+00 1.143575880007221324e+00 1.222226090129391762e+00 9.982249996919525525e-01 2.554763205824566175e+00
5.175000000000000711e+00 1.109682955779851987e+00 1.215635507664319936e+00 9.851357310396599010e-01 2.774095530758873718e+00
5.224999999999999645e+00 1.078802926227989456e+00 1.202005652698633797e+00 9.730820828899627850e-01 2.589583491901679135e+00
5.275000000000000355e+00 1.064735981146210930e+00 1.189791321459602091e+00 9.596779543631264175e-01 2.885229959021077484e+00
5.325000000000001066e+00 1.026283591984607169e+00 1.177906153462033423e+00 9.488151121458667792e-01 2.197428427209073831e+00
5.375000000000000000e+00 1.019680123243902781e+00 1.149955301893855975e+00 9.361616643001243743e-01 2.488542094554979656e+00
5.425000000000000711e+00 9.828528839981158782e-01 1.127878649234291819e+00 9.252528192316969990e-01 2.890743776465046544e+00
5.474999999999999645e+00 9.731381170426319782e-01 1.109091236335352670e+00 9.158067545934641673e-01 3.038058531680908114e+00
5.525000000000000355e+00 9.443386162821738594e-01 1.107322111098800521e+00 9.076506861618717226e-01 2.669286523971726055e+00
5.575000000000001066e+00 9.238133187315104022e-01 1.068735039168525081e+00 9.015100240246375352e-01 2.544515442629149859e+00
5.625000000000000000e+00 9.093187464122824970e-01 1.040503625741429294e+00 8.981045600013617403e-01 3.181157581884624719e+00
5.675000000000000711e+00 9.092533907249278347e-01 1.036053274332037866e+00 8.974848137341816523e-01 2.418425010112132956e+00
5.724999999999999645e+00 9.120860275938416084e-01 1.006336379491265198e+00 8.986175865006271746e-01 3.180675180401804525e+00
5.775000000000000355e+00 9.021453948692017555e-01 9.860759234611192747e-01 9.032719178972288265e-01 2.766545677045224139e+00
5.825000000000001066e+00 9.073131332897164114e-01 9.763539699541020633e-01 9.095154476917954867e-01 2.048270346053384205e+00
5.875000000000000000e+00 9.114112504913002288e-01 9.636942407491716489e-01 9.165933766239646729e-01 2.534301652605984501e+00
5.925000000000000711e+00 9.153447927299566134e-01 9.324112951860471510e-01 9.259437734152872190e-01 2.013847289818676334e+00
5.974999999999999645e+00 9.191202667039546359e-01 9.143877237005491043e-01 9.360896890922368874e-01 1.745335008348146477e+00
6.025000000000000355e+00 9.322175736735641705e-01 8.894374321955379470e-01 9.458629203741072411e-01 2.244637052859401738e+00
6.075000000000001066e+00 9.404751399462160100e-01 8.892402517726631928e-01 9.557852804019406623e-01 1.818221633535458626e+00
6.125000000000000000e+00 9.676957618816487416e-01 8.612067474540349155e-01 9.665578561743909392e-01 2.044180240961993800e+00
6.175000000000000711e+00 9.771968105732571352e-01 8.504905608874013812e-01 9.762264644478109155e-01 1.445557412090617166e+00
6.224999999999999645e+00 9.772705614750610836e-01 8.570134670067497407e-01 9.856599239738091933e-01 1.422428990882572020e+00
6.275000000000000355e+00 9.936509214574773541e-01 8.513225691465431400e-01 9.950767003675633493e-01 1.338988133778298284e+00
6.325000000000001066e+00 9.844429505247980217e-01 8.372871950275413422e-01 1.003014647848231800e+00 1.347854467204670614e+00
6.375000000000000000e+00 9.988405141536436105e-01 8.464950013682176477e-01 1.011225759129775303e+00 1.798543890054380867e+00
6.425000000000000711e+00 1.012178950784441867e+00 8.680298062591899066e-01 1.018568014740317329e+00 1.364279056118978373e+00
6.474999999999999645e+00 1.018614377182312181e+00 8.673369950715944521e-01 1.024341425053483690e+00 1.114645362236536874e+00
6.525000000000000355e+00 1.030250723435121696e+00 8.802978235153727793e-01 1.030956413940487204e+00 1.210205461064039589e+00
6.575000000000001066e+00 1.023649479882292601e+00 8.952602028300931103e-01 1.035802001703030717e+00 1.302740937274044830e+00
6.625000000000000000e+00 1.034929711605254932e+00 8.922815174737401822e-01 1.039296957733952143e+00 1.556162117798341571e+00
6.675000000000000711e+00 1.032015714593569555e+00 9.223973257708408813e-01 1.043086096119927086e+00 1.290893685841750571e+00
6.724999999999999645e+00 1.042109277956863034e+00 9.257953419701185904e-01 1.045355894006993358e+00 1.351255292784501405e+00
6.775000000000000355e+00 1.042134497005901217e+00 9.493552885299750832e-01 1.047035766232952136e+00 1.409700972903774385e+00
6.825000000000001066e+00 1.032451889468824158e+00 9.679349008357653883e-01 1.047702491386359069e+00 1.749264444596487778e+00
6.875000000000000000e+00 1.025601615278444179e+00 9.817939378293982777e-01 1.047561886809681209e+00 1.318286589901843886e+00
6.925000000000000711e+00 1.037655956958022374e+00 9.962026909063617097e-01 1.046977369741086905e+00 1.149397370932118578e+00
6.974999999999999645e+00 1.026453156959618918e+00 1.014409111518628892e+00 1.044805375877613907e+00 1.305387338184998303e+00
7.025000000000000355e+00 1.028695955087380209e+00 1.022917173551968428e+00 1.042835370913609561e+00 1.262590923703443169e+00
7.075000000000001066e+00 1.026511971641166587e+00 1.043915348506984309e+00 1.040702259030115373e+00 1.292685489345467786e+00
7.125000000000000000e+00 1.030660791236740925e+00 1.045460386246598761e+00 1.036352191472732942e+00 1.369021547961318586e+00
7.175000000000000711e+00 1.012203162761518671e+00 1.056776691786015743e+00 1.032730122451090526e+00 1.419835650388682202e+00
7.224999999999999645e+00 1.003452736628567266e+00 1.067106816298032834e+00 1.028314509711672153e+00 1.078882706262128011e+00
7.275000000000000355e+00 1.005442175972885988e+00 1.072254305525363938e+00 1.024385486307199500e+00 1.448992304764005201e+00
7.325000000000001066e+00 1.002169836610698583e+00 1.081651116800057322e+00 1.020373439348936984e+00 1.607938233670647143e+00
7.375000000000000000e+00 9.995323999652365732e-01 1.081684842536767555e+00 1.015586119621173733e+00 1.255749323297740361e+00
7.425000000000000711e+00 9.821820290310138146e-01 1.088466083158382336e+00 1.011274126408733709e+00 1.391038745225273487e+00
7.474999999999999645e+00 9.908533267066715888e-01 1.093125413865015272e+00 1.007218276034214988e+00 1.351046653591037705e+00
7.525000000000000355e+00 9.827025042607595573e-01 1.094560327157944490e+00 1.003095332309082321e+00 1.714052904780928088e+00
7.575000000000001066e+00 9.734895191840529094e-01 1.087362963380604342e+00 9.996356805740040929e-01 1.524438185649781285e+00
7.625000000000000000e+00 9.789421409341622082e-01 1.082691582763728455e+00 9.963398135248545673e-01 1.689998853799054679e+00
7.675000000000000711e+00 9.686494948362528445e-01 1.078191632886847495e+00 9.937178622281322982e-01 1.159498954295989259e+00
7.724999999999999645e+00 9.696846247294169663e-01 1.066508513995656715e+00 9.912105712267390567e-01 1.485891291103637268e+00
7.775000000000000355e+00 9.802863205262964952e-01 1.056383687463257059e+00 9.894218500625572288e-01 1.169508895358342793e+00
7.825000000000001066e+00 9.785620885605531560e-01 1.049169480279745104e+00 9.872378739696680006e-01 1.174180571826917596e+00
7.875000000000000000e+00 9.741940074014351358e-01 1.042632397179413362e+00 9.860844723737420825e-01 1.468469120024377128e+00
7.925000000000000711e+00 9.749329030544019448e-01 1.033600587533703097e+00 9.849352949034611004e-01 1.278287759386397937e+00
7.974999999999999645e+00 9.761607935722930174e-01 1.025070571618183379e+00 9.846637848621848654e-01 1.413032878829652894e+00
8.025000000000000355e+00 9.828271921318931792e-01 1.016374528988009951e+00 9.847503122887288907e-01 1.079171124600541543e+00
8.074999999999999289e+00 9.812970300287029435e-01 1.015643069263962861e+00 9.848580656001363343e-01 1.635525677869521299e+00
8.125000000000000000e+00 9.898402054268834460e-01 1.002782021693536141e+00 9.853433145253434056e-01 1.143526542495253429e+00
8.175000000000000711e+00 9.893697542810383494e-01 1.002099955903719364e+00 9.858490825483252618e-01 1.129581270744933086e+00
8.225000000000001421e+00 9.978709414073498873e-01 9.974812656931485444e-01 9.870881184444896261e-01 1.045039415358177459e+00
8.275000000000000355e+00 9.948256004871359748e-01 9.957355553020055261e-01 9.880860901473293989e-01 1.014949601200596074e+00
8.324999999999999289e+00 9.938559581639858642e-01 9.779149809459005693e-01 9.892822462883206214e-01 1.227558983171424423e+00
8.375000000000000000e+00 1.000440749161762399e+00 9.784539790558696160e-01 9.908075371175891766e-01 8.541868728008080724e-01
8.425000000000000711e+00 9.997094227154887935e-01 9.779997295830124004e-01 9.922797444839479564e-01 1.249235841215592391e+00
8.475000000000001421e+00 1.008201386589485438e+00 9.772711767581532261e-01 9.930699742612231207e-01 9.342458201481175228e-01
8.525000000000000355e+00 1.009435087075026605e+00 9.793447773235944842e-01 9.945491387916174375e-01 1.088197503339459749e+00
8.574999999999999289e+00 1.014938902053772907e+00 9.746874756464766199e-01 9.959341340391338893e-01 9.777674430922170812e-01
8.625000000000000000e+00 1.020344262271551505e+00 9.706196946240295276e-01 9.969017783476038508e-01 6.926324615625024661e-01
8.675000000000000711e+00 1.018392765819382983e+00 9.656571564384702766e-01 9.984127847314131499e-01 1.082735941395551071e+00
8.725000000000001421e+00 1.021613261149915353e+00 9.791765578841160611e-01 9.990700217893146995e-01 1.054621334869641380e+00
8.775000000000000355e+00 1.019387879366641991e+00 9.760795340505280526e-01 9.996340451550898010e-01 9.803901383094439925e-01
8.824999999999999289e+00 1.024286262696837646e+00 9.795748049076886677e-01 1.000437669615626746e+00 1.030856046756013944e+00
8.875000000000000000e+00 1.017158904866324542e+00 9.796739802975830136e-01 1.001098896644254443e+00 9.127822541089645192e-01
8.925000000000000711e+00 1.013616511659392483e+00 9.836206474803386168e-01 1.001077187418258907e+00 1.188401840594411008e+00
8.975000000000001421e+00 1.008349217393338160e+00 9.908551379696606265e-01 1.001340012159758874e+00 1.100817922918491787e+00
9.025000000000000355e+00 1.012168992122591371e+00 9.841876339589430422e-01 1.001398405384392731e+00 1.191635126843067605e+00
9.074999999999999289e+00 1.019364668778363292e+00 9.911960989988184423e-01 1.001731376894465786e+00 1.120340843504624040e+00
9.125000000000000000e+00 1.018815861342042162e+00 9.968266156766000252e-01 1.001506237996946158e+00 1.122487671403459286e+00
9.175000000000000711e+00 1.006062220813131569e+00 9.924967931491497364e-01 1.001442288806183134e+00 1.067583499264054936e+00
9.225000000000001421e+00 1.004535472321184786e+00 9.965095518364343041e-01 1.001140254506015070e+00 1.168686667077714958e+00
9.275000000000000355e+00 1.007830430006674938e+00 9.995425799105644993e-01 1.001326961000837068e+00 1.351128503063375286e+00
9.324999999999999289e+00 9.991875270990321356e-01 9.984709574123843412e-01 1.000643927426771551e+00 1.005953598563341878e+00
9.375000000000000000e+00 1.001537150967907408e+00 9.981969214313214378e-01 1.000652112843021690e+00 1.022519245893644957e+00
9.425000000000000711e+00 1.002458853373645375e+00 1.003187276680947759e+00 1.000458575993152133e+00 9.982097174143814700e-01
9.475000000000001421e+00 9.950967644919350708e-01 1.003572318391824814e+00 9.996955066067124696e-01 9.209656993580964679e-01
9.525000000000000355e+00 9.924430485718213069e-01 1.003009102694115917e+00 9.995101274563827909e-01 1.030190276923718562e+00
9.575000000000001066e+00 9.984818916783417819e-01 1.005931786020336061e+00 9.992252865737523138e-01 9.148993051571951973e-01
9.625000000000000000e+00 9.958052108758406185e-01 1.013590218473833682e+00 9.991871303133692539e-01 1.189978690192982302e+00
9.675000000000000711e+00 9.967403246641052261e-01 1.008978277868822326e+00 9.986949408511641701e-01 8.960844396759354291e-01
9.725000000000001421e+00 9.955384151190822539e-01 1.008246337872686249e+00 9.984688139603938861e-01 8.362142589609853349e-01
9.775000000000000355e+00 9.918509131859118977e-01 1.001068275732745816e+00 9.984747481840239303e-01 1.040872233179890083e+00
9.825000000000001066e+00 1.002586162598739117e+00 1.007911474468127233e+00 9.985026042201260443e-01 9.930651504686210940e-01
9.875000000000000000e+00 9.923853886152363968e-01 1.008285968014551726e+00 9.987410001138697924e-01 1.069049774142538656e+00
9.925000000000000711e+00 9.931407801461910045e-01 1.008054374654712593e+00 9.986957656609320999e-01 9.123324536208164970e-01
9.975000000000001421e+00 9.888575237533815399e-01 1.005115289452269245e+00 9.992806302415161435e-01 1.144064993625429238e+00
1.002500000000000036e+01 9.920381011154028039e-01 1.004247213844865039e+00 9.993529096253652710e-01 1.180373203336677168e+00
1.007500000000000107e+01 9.935841540299850116e-01 1.001092079012021463e+00 9.990735568537222333e-01 1.109661868414207442e+00
1.012500000000000000e+01 9.934032644748899132e-01 1.002695709323723650e+00 9.996374780593986209e-01 1.063663498419971987e+00
1.017500000000000071e+01 9.958052385695743691e-01 1.000747343649529775e+00 9.997419088291652489e-01 9.374953430360483120e-01
1.022500000000000142e+01 9.940441465167569879e-01 1.001012495466189645e+00 1.000106678869364885e+00 9.971157213826252752e-01
1.027500000000000036e+01 9.988870393966216010e-01 1.006650321958033389e+00 1.000590784823315538e+00 1.100933345697284516e+00
1.032500000000000107e+01 9.934173751954662457e-01 1.001611458386621578e+00 1.000720090505654580e+00 9.216938568926379416e-01
1.037500000000000000e+01 1.002032931960968432e+00 9.985263232092580488e-01 1.000886460144710721e+00 1.013020306049660979e+00
1.042500000000000071e+01 9.988279756792753927e-01 1.000073864513297828e+00 1.001946071587191955e+00 8.489684975196950534e-01
1.047500000000000142e+01 9.966649376330480870e-01 9.995152038766488278e-01 1.002155467745290185e+00 1.004691549468475609e+00
1.052500000000000036e+01 1.005542028142254463e+00 1.000458015263169465e+00 1.002309785826511090e+00 1.103338965248227277e+00
1.057500000000000107e+01 1.001541934209567719e+00 1.001445499193275079e+00 1.002680167421871271e+00 1.082215182839237011e+00
1.062500000000000000e+01 1.002667331081486868e+00 1.006584041805993479e+00 1.002898661145253500e+00 8.173081999647956453e-01
1.067500000000000071e+01 1.008491130780132305e+00 9.956205345412899588e-01 1.002835387009373580e+00 1.041004107553416658e+00
1.072500000000000142e+01 1.002255934046491159e+00 9.938491100284523316e-01 1.003064676767453589e+00 9.896509067084157119e-01
1.077500000000000036e+01 9.992406524415812230e-01 1.001211948439353794e+00 1.003148297797082034e+00 1.155943202882315113e+00
1.082500000000000107e+01 1.000635279641667097e+00 1.000195570309145410e+00 1.003471220772061301e+00 1.073708835227737746e+00
1.087500000000000000e+01 1.002590255032852040e+00 9.956295817313091101e-01 1.003297163586343688e+00 1.134782255855602440e+00
1.092500000000000071e+01 9.946791360577864616e-01 1.006244588834299236e+00 1.003054531759089096e+00 1.054142831192583341e+00
1.097500000000000142e+01 1.009392934890596782e+00 1.003155420770689421e+00 1.002836899674850457e+00 1.104248911179778636e+00
1.102500000000000036e+01 1.004694391894252137e+00 1.003560703476768401e+00 1.002983646214109292e+00 1.380142421284357601e+00
1.107500000000000107e+01 1.005646965427478445e+00 1.001807611466268400e+00 1.002613328714606622e+00 1.270015305234869052e+00
1.112500000000000000e+01 1.004750743686311232e+00 1.003463073381330783e+00 1.002178365686224870e+00 1.016581819721546820e+00
1.117500000000000071e+01 1.005231173605560357e+00 1.005941224929470579e+00 1.002110210178329908e+00 1.007505256899705381e+00
1.122500000000000142e+01 1.005720251791105913e+00 1.007945591153391218e+00 1.001752224448222206e+00 9.795297192965174427e-01
1.127500000000000036e+01 1.000675298884429187e+00 1.005661567481867635e+00 1.001215229768736448e+00 9.520096944069718070e-01
1.132500000000000107e+01 1.004611744877093482e+00 1.006125277191189271e+00 1.001090147579459355e+00 1.130477839540662277e+00
1.137500000000000000e+01 9.991981455522186417e-01 1.007699595087572009e+00 1.000924291719750059e+00 1.166865622499462907e+00
1.142500000000000071e+01 1.000496094158385807e+00 1.005150332918405942e+00 1.000330652953389965e+00 1.110774930892351353e+00
1.147500000000000142e+01 9.991854910874328199e-01 1.007430211484933835e+00 9.999145937345054191e-01 1.101116079577950435e+00
1.152500000000000036e+01 9.969668072541088000e-01 1.008604341470825450e+00 9.997326431769265609e-01 9.111557797584424190e-01
1.157500000000000107e+01 9.900626548731922272e-01 1.002789361568565907e+00 9.992027198355754036e-01 1.225269724009966810e+00
1.162500000000000000e+01 9.984910484649556217e-01 1.010363701993901353e+00 9.990148284419997360e-01 1.090617165093593188e+00
1.167500000000000071e+01 9.991787712083805006e-01 1.010281832013386616e+00 9.987377783800177600e-01 1.098877751881043974e+00
1.172500000000000142e+01 1.002851712386199967e+00 1.002468199354763279e+00 9.987188887973845741e-01 1.211552531129900245e+00
1.177500000000000036e+01 9.957185097909646565e-01 1.006331302767714764e+00 9.982543104946016710e-01 1.123504142489848423e+00
1.182500000000000107e+01 1.000838399197085282e+00 1.003991941656367848e+00 9.980435207760931515e-01 1.088314924806748962e+00
1.187500000000000000e+01 1.002089583075380208e+00 1.002913830627367497e+00 9.981910111180444245e-01 1.053677282952854011e+00
1.192500000000000071e+01 9.977232856255355831e-01 1.004708679978723485e+00 9.977569233749422617e-01 1.002728501844828202e+00
1.197500000000000142e+01 1.000965419776684406e+00 1.002110201538861212e+00 9.978935441491298963e-01 1.094645334636282552e+00
1.202500000000000036e+01 9.977301773994049494e-01 1.003307144446105692e+00 9.979534549627131490e-01 1.027554106672919687e+00
1.207500000000000107e+01 9.949496513208166970e-01 1.002830945124334239e+00 9.977667166519507136e-01 1.084807906219316775e+00
1.212500000000000000e+01 9.936480706183057343e-01 9.978293295713714928e-01 9.979869296164329828e-01 1.214439734906017865e+00
1.217500000000000071e+01 9.975725651412072903e-01 1.003942595134815763e+00 9.979918877247461184e-01 9.943067122003216296e-01
1.222500000000000142e+01 9.948331613498111459e-01 9.997240221665827375e-01 9.979626548125664076e-01 1.018261186442608768e+00
1.227500000000000036e+01 9.990319288424938104e-01 1.000630405377024523e+00 9.982907765086028729e-01 1.081556262169978133e+00
1.232500000000000107e+01 9.995092595648582545e-01 9.962356456722427644e-01 9.985329811315916126e-01 1.104351674617273682e+00
1.237500000000000000e+01 1.000720909943234371e+00 1.000595716153384274e+00 9.986968236966089485e-01 1.111094884919849868e+00
1.242500000000000071e+01 1.005435612491087261e+00 9.911850139398344917e-01 9.988921505621924934e-01 9.857440174341545180e-01
1.247500000000000142e+01 9.933498438393909558e-01 1.000525936407976157e+00 9.990538672729789571e-01 1.147250850557074209e+00
1.252500000000000036e+01 9.983282293329633905e-01 1.001658536203576810e+00 9.990582081563827987e-01 1.031172998928462592e+00
1.257500000000000107e+01 1.004234328661870901e+00 1.000619767071441180e+00 9.994417685670347051e-01 9.396344595666628052e-01
1.262500000000000000e+01 9.962732054886233035e-01 9.972580366103918070e-01 9.995476110948124937e-01 1.195329376803029753e+00
1.267500000000000071e+01 1.003002679464704450e+00 9.986170227265115384e-01 1.000101448194791853e+00 8.875733874914472077e-01
1.272500000000000142e+01 1.000042299478170804e+00 1.001862724415987671e+00 9.999935476103242182e-01 1.006413786760529838e+00
1.277500000000000036e+01 9.970387077937756803e-01 9.997113007628092296e-01 9.999077069768798065e-01 1.123370121599243765e+00
1.282500000000000107e+01 1.001169056196390850e+00 9.977013246845263250e-01 1.000177357835499992e+00 1.056346784076351408e+00
1.287500000000000000e+01 1.004005334505254643e+00 9.982151646399010092e-01 1.000528847122802212e+00 9.614139726492446636e-01
1.292500000000000071e+01 1.002715180272504281e+00 9.993726289716022837e-01 1.000360919536711357e+00 1.083101387202135557e+00
1.297500000000000142e+01 9.994932816711573631e-01 1.005045073100710118e+00 1.000580906082932264e+00 1.081887560630774736e+00
1.302500000000000036e+01 9.993778004287187100e-01 9.945466126902370307e-01 1.000835307613787029e+00 8.475767962248483833e-01
1.307500000000000107e+01 1.001793216193353597e+00 1.001365653582279469e+00 1.000605895850069871e+00 9.462451228693562477e-01
1.312500000000000000e+01 1.002083936216706439e+00 1.000831870380337385e+00 1.000864980565788098e+00 9.320934559636731009e-01
1.317500000000000071e+01 9.980613951156364072e-01 1.001105717425556874e+00 1.000925418989977667e+00 9.526450765737610737e-01
1.322500000000000142e+01 1.003182921209163636e+00 9.986063692896430810e-01 1.000960923038728856e+00 1.000264341691625036e+00
1.327500000000000036e+01 1.003595776115294491e+00 9.980540909914838998e-01 1.001081183793359974e+00 1.121936252059836603e+00
1.332500000000000107e+01 9.974212274512788134e-01 1.004527587967576352e+00 1.000948276818716343e+00 9.583126242300590292e-01
1.337500000000000000e+01 9.986052529406408418e-01 1.001599400818430130e+00 1.001034692471707732e+00 7.301165965973976935e-01
1.342500000000000071e+01 1.004018997321121986e+00 1.003507061588052585e+00 1.000774880526209998e+00 8.776041138330757940e-01
1.347500000000000142e+01 1.000442425460062346e+00 9.992215608850314457e-01 1.000730404315874233e+00 8.579048365082098115e-01
1.352500000000000036e+01 1.001692764977568428e+00 1.001882731365768331e+00 1.000732923773081096e+00 8.646745945646269194e-01
1.357500000000000107e+01 1.000205579371722164e+00 1.001506059253365999e+00 1.000484987474293375e+00 9.168383165589406580e-01
1.362500000000000000e+01 1.001540390803746350e+00 1.003541367332617007e+00 1.000916912336402342e+00 9.875787384426260029e-01
1.367500000000000071e+01 1.001617927893839965e+00 1.000016015856854290e+00 1.000416416974323042e+00 1.063669592558518895e+00
1.372500000000000142e+01 9.994795533446426683e-01 1.005274467413676653e+00 1.000485934634282481e+00 9.287129023918397897e-01
1.377500000000000036e+01 9.965437775938316145e-01 1.003881752902683777e+00 1.000445016587250047e+00 9.219831283067253525e-01
1.382500000000000107e+01 1.000965667044687368e+00 1.002533006495778256e+00 1.000604602190018566e+00 9.968278908938073002e-01
1.387500000000000000e+01 9.984451459058626410e-01 1.004712970394848526e+00 1.000472846258469328e+00 9.149654417884061086e-01
1.392500000000000071e+01 1.002269078001974068e+00 1.005933602496577040e+00 1.000057361349838470e+00 1.025819673025468282e+00
1.397500000000000142e+01 1.000269996272506345e+00 1.003202763605011150e+00 1.000130990463541591e+00 1.000085931377160842e+00
1.402500000000000036e+01 1.002684377352572653e+00 1.001575664714411396e+00 1.000196340906951198e+00 9.503251184240186777e-01
1.407500000000000107e+01 9.955126843131044678e-01 9.991539556073080197e-01 1.000253728413379228e+00 8.589045245463490241e-01
1.412500000000000000e+01 9.999845489595807768e-01 1.004645109616829846e+00 9.999967769254292094e-01 9.669462188364785771e-01
1.417500000000000071e+01 9.936103546838882528e-01 1.001237776575581551e+00 1.000225470390068594e+00 9.303188546553184946e-01
1.422500000000000142e+01 9.986706403536991239e-01 1.002614514447064398e+00 1.000002426233353336e+00 1.012616321269427244e+00
1.427500000000000036e+01 1.003471124076627641e+00 1.005982021708496044e+00 9.999259718333223246e-01 7.350402903596180426e-01
1.432500000000000107e+01 1.001955627607422405e+00 1.001383371833351354e+00 9.998771712786179711e-01 9.109377628069602606e-01
1.437500000000000000e+01 1.000262935239388806e+00 1.003098545403927400e+00 9.999197974155108470e-01 1.107569614369826816e+00
1.442500000000000071e+01 9.979419005659659891e-01 1.000861543159402345e+00 1.000000173731708131e+00 9.616968700273310633e-01
1.447500000000000142e+01 9.968700223167902275e-01 9.999925685400991027e-01 1.000016805446499291e+00 9.665024024527425484e-01
1.452500000000000036e+01 9.961243260934490307e-01 1.001076975478250919e+00 9.996157962389959906e-01 9.087430063856762885e-01
1.457500000000000107e+01 1.000199497572202167e+00 9.994323566231120282e-01 9.999658918717198031e-01 9.420039595445318659e-01
1.462500000000000000e+01 1.000279784611223022e+00 1.001288187642474847e+00 1.000027773489235106e+00 9.299716843767180663e-01
1.467500000000000071e+01 9.974980516361543481e-01 1.001754610122382871e+00 1.000105914263641260e+00 9.403377570884073888e-01
1.472500000000000142e+01 1.001920824672666743e+00 1.000942650814483414e+00 9.999869694286324107e-01 9.173833924205181400e-01
1.477500000000000036e+01 1.001359248339115382e+00 1.002775427248446816e+00 1.000136350405580465e+00 9.715646005877575098e-01
1.482500000000000107e+01 1.001894670523685305e+00 1.003595726433761826e+00 1.000029310059422860e+00 1.008638921038956582e+00
1.487500000000000000e+01 9.992755279740882512e-01 1.004046593273675736e+00 9.999209919138467573e-01 9.477144465695798159e-01
1.492500000000000071e+01 1.002349462542303282e+00 1.000558159936638214e+00 9.998791648012105293e-01 9.682716787378354839e-01
1.497500000000000142e+01 1.003799850966226037e+00 1.003115892524838904e+00 1.000173727733854712e+00 9.564731328774251917e-01
1.502500000000000036e+01 1.001148205307434536e+00 1.000951812231648086e+00 9.998310871827917889e-01 9.554257740959749556e-01
1.507500000000000107e+01 1.000550157135792650e+00 1.001114343451065425e+00 9.999572764099805555e-01 8.489158575599585754e-01
1.512500000000000000e+01 9.948834855823102119e-01 1.001006667451275867e+00 9.999297417093945262e-01 9.480717863838965531e-01
1.517500000000000071e+01 1.001877744476434406e+00 1.003043329707284714e+00 9.998561825916780776e-01 8.741889231378627834e-01
1.522500000000000142e+01 1.000363735783158958e+00 1.001811163378766967e+00 1.000085757313422530e+00 1.002860548385582806e+00
1.527500000000000036e+01 1.003018153706622950e+00 1.002309441242596799e+00 1.000056598387385476e+00 1.032255110646475460e+00
1.532500000000000107e+01 1.000101274657543948e+00 9.999278018627804077e-01 9.998188711519510052e-01 1.000019640401184517e+00
1.537500000000000000e+01 1.000272882044578093e+00 1.002949319511167392e+00 1.000183677600379184e+00 1.029009101737939469e+00
1.542500000000000071e+01 1.003105546659845304e+00 1.000864437063634815e+00 9.997678344391016658e-01 8.863714358046418385e-01
1.547500000000000142e+01 1.003569062318137473e+00 1.001167281599105285e+00 9.995811856419352104e-01 1.070793903901884336e+00
1.552500000000000036e+01 9.962949615575728002e-01 1.000247329294290832e+00 9.979071497577413075e-01 9.843632853712546149e-01
1.557500000000000107e+01 9.937317765420410343e-01 9.947444074694526961e-01 9.932189209644431971e-01 8.990186770191549437e-01
1.562500000000000000e+01 9.861746818468092313e-01 9.868519996228029001e-01 9.859405164041088465e-01 8.981822681655422524e-01
1.567500000000000071e+01 9.755139350918289320e-01 9.809077180854376410e-01 9.769486325997474019e-01 9.753676299473367228e-01
1.572500000000000142e+01 9.694559011723582476e-01 9.695431269080003744e-01 9.676826795007401616e-01 9.449454694569068280e-01
1.577500000000000036e+01 9.591549732304524012e-01 9.591020059840856815e-01 9.578560526325962110e-01 8.378455334379155683e-01
1.582500000000000107e+01 9.484622626874670281e-01 9.484239840916355302e-01 9.487514957575696739e-01 9.043318265182712645e-01
1.587500000000000000e+01 9.398534803223766998e-01 9.423782426653636302e-01 9.394304233464264575e-01 9.224178804886049576e-01
1.592500000000000071e+01 9.308142038477515978e-01 9.294865009869477390e-01 9.304341784346041866e-01 8.930101092239381977e-01
1.597500000000000142e+01 9.228461451978334784e-01 9.208412134322683240e-01 9.210633523592681726e-01 8.357795181981265698e-01
1.602499999999999858e+01 9.103911063820041560e-01 9.148006047855949951e-01 9.119141424644686689e-01 8.119076425659320639e-01
1.607500000000000284e+01 9.069345323545111581e-01 9.057242352231862359e-01 9.030658291671154192e-01 7.187588327791657461e-01
1.612500000000000000e+01 8.953278835804553415e-01 8.936043267117139699e-01 8.941505099014719349e-01 7.880433811625379148e-01
1.617500000000000071e+01 8.866226701903352492e-01 8.862791706590453789e-01 8.850218249747122679e-01 8.152388875945557611e-01
1.622500000000000142e+01 8.765601169790989688e-01 8.786038793381070189e-01 8.762147621067101211e-01 8.011184302570514282e-01
1.627499999999999858e+01 8.651747463300686336e-01 8.695267228732095344e-01 8.673966791689697864e-01 7.781080721624075158e-01
1.632500000000000284e+01 8.558950313216570072e-01 8.567223349204527993e-01 8.586459057119576466e-01 7.238906489463948768e-01
1.637500000000000000e+01 8.531831718339353277e-01 8.545997812277723593e-01 8.499568506426706804e-01 7.820398861876108887e-01
1.642500000000000071e+01 8.382872532264098453e-01 8.407301516404451780e-01 8.412496806253413340e-01 7.417527911706975896e-01
1.647500000000000142e+01 8.325312886877026530e-01 8.327387802725829680e-01 8.326026481340432772e-01 7.681603355145016909e-01
1.652499999999999858e+01 8.246355136174194911e-01 8.286286296905530646e-01 8.241854236153828284e-01 7.635188975002714651e-01
1.657500000000000284e+01 8.125758739237655126e-01 8.172253456503316693e-01 8.154256773333253827e-01 6.586024678344225558e-01
1.662500000000000000e+01 8.056839228210187498e-01 8.069151792598588946e-01 8.072085998083826652e-01 6.719885493669642829e-01
1.667500000000000071e+01 8.008551732027396897e-01 7.980841971518490841e-01 7.986258260071837922e-01 7.153686227804731956e-01
1.672500000000000142e+01 7.874593984856544937e-01 7.924542178182530927e-01 7.903727232451276397e-01 7.453675504907023575e-01
1.677499999999999858e+01 7.797956559641189278e-01 7.814308137065065774e-01 7.820353025679490644e-01 7.238979588695289014e-01
1.682500000000000284e+01 7.731994795099079720e-01 7.761921765788851735e-01 7.736631232091432109e-01 6.984370811615706609e-01
1.687500000000000000e+01 7.664530690554072212e-01 7.640166920447504229e-01 7.655034627121448665e-01 7.237596646510493503e-01
1.692500000000000071e+01 7.565852593372478507e-01 7.602496371552114329e-01 7.573147633386018152e-01 6.190957957289995317e-01
1.697500000000000142e+01 7.478681769527618650e-01 7.508123761347247349e-01 7.493052954653272035e-01 6.695142207570794479e-01
1.702499999999999858e+01 7.423987360373388578e-01 7.398521405289359976e-01 7.411089515576708697e-01 5.622353719850656795e-01
1.707500000000000284e+01 7.346871110077106692e-01 7.354885430207253050e-01 7.331481807067812273e-01 6.822446880022374760e-01
1.712500000000000000e+01 7.256104217705040549e-01 7.249076395142323159e-01 7.250381608886182772e-01 5.720320690583802214e-01
1.717500000000000071e+01 7.180567121526879593e-01 7.192956794722322744e-01 7.172747572243503011e-01 6.215147537386218612e-01
1.722500000000000142e+01 7.081107450698337358e-01 7.111478016606405106e-01 7.093751137304331600e-01 6.259890579455452686e-01
1.727499999999999858e+01 7.023231765627980794e-01 7.015201176799737981e-01 7.014991257207768838e-01 5.862329844617207852e-01
1.732500000000000284e+01 6.923348940643377913e-01 6.957082621419070634e-01 6.935303757895127097e-01 6.068070388053519171e-01
1.737500000000000000e+01 6.851607562460828582e-01 6.853473090331083650e-01 6.858975286170032604e-01 6.072888598917307590e-01
1.742500000000000071e+01 6.782981765347465553e-01 6.792650597536615820e-01 6.782568728622194731e-01 6.630056358274176720e-01
1.747500000000000142e+01 6.688149287590922087e-01 6.736962740026081198e-01 6.705037172569101589e-01 5.964344670533894277e-01
1.752499999999999858e+01 6.640052303687349333e-01 6.633653757487192326e-01 6.628395166914330394e-01 5.891344367217754563e-01
1.757500000000000284e+01 6.537189966308319944e-01 6.548440181963258722e-01 6.552770583938081206e-01 5.741489368727449305e-01
1.762500000000000000e+01 6.503006642061051057e-01 6.487422724847820010e-01 6.478260924488540295e-01 5.593237613659889362e-01
1.767500000000000071e+01 6.389554348365967806e-01 6.409422818831217450e-01 6.403224086182783825e-01 5.024651797196276748e-01
1.772500000000000142e+01 6.317934166220600112e-01 6.315188084035959770e-01 6.327281296016692425e-01 5.530304399623225953e-01
1.777499999999999858e+01 6.273451842293247260e-01 6.255968066438136743e-01 6.253515862578616913e-01 5.992270249690674344e-01
1.782500000000000284e+01 6.165746171456947256e-01 6.202818337867994636e-01 6.179729732285927923e-01 6.524399582005332432e-01
1.787500000000000000e+01 6.127212968105094637e-01 6.137226163412284885e-01 6.107215679511532880e-01 5.775401038604149884e-01
1.792500000000000071e+01 6.025613904603766002e-01 6.046871300226920320e-01 6.034495915781298292e-01 5.183821037926890085e-01
1.797500000000000142e+01 5.974930226791417276e-01 5.981902486906599536e-01 5.961319336624862908e-01 5.229195086386707603e-01
1.802499999999999858e+01 5.896980878552379179e-01 5.908303353283544945e-01 5.890834729467691044e-01 4.720771223417709606e-01
1.807500000000000284e+01 5.840267317659566526e-01 5.813456238309621105e-01 5.818500168890147206e-01 5.721653048688674081e-01
1.812500000000000000e+01 5.750130548858106705e-01 5.768185765463040848e-01 5.746534825114847367e-01 5.872504794735989853e-01
1.817500000000000071e+01 5.708307018832845525e-01 5.673229313862735435e-01 5.676386742607315572e-01 5.259842006893377109e-01
1.822500000000000142e+01 5.604840612508933395e-01 5.621724183824018395e-01 5.606089563874165904e-01 5.267097034193073402e-01
1.827499999999999858e+01 5.528108795461599279e-01 5.547698658986472964e-01 5.536580514464334302e-01 4.520737736509417015e-01
1.832500000000000284e+01 5.454556304372535358e-01 5.460015856345379337e-01 5.466064897197906447e-01 4.567468317150886192e-01
1.837500000000000000e+01 5.408090066860709033e-01 5.391410041586572888e-01 5.396458127022837337e-01 5.074986413194659818e-01
1.842500000000000071e+01 5.329891567500384397e-01 5.336915682717717768e-01 5.327375239993633604e-01 4.906291533715362863e-01
1.847500000000000142e+01 5.279175102583633095e-01 5.311086699225728847e-01 5.259419963630027617e-01 5.125514972217894982e-01
1.852499999999999858e+01 5.197048554232548412e-01 5.200784674867477975e-01 5.190612230972009300e-01 4.643963032201887664e-01
1.857500000000000284e+01 5.159730592199873733e-01 5.131599867425815642e-01 5.123897536065519231e-01 4.653724839165263027e-01
1.862500000000000000e+01 5.036172968738854561e-01 5.059213199270624628e-01 5.055638405601551311e-01 4.628771950910233191e-01
1.867500000000000071e+01 4.972821773317999683e-01 5.022297800744712770e-01 4.987854239651149379e-01 4.947602742671327603e-01
1.872500000000000142e+01 4.913936292696651775e-01 4.948008875640996784e-01 4.921837167627181597e-01 4.135188100567470659e-01
1.877499999999999858e+01 4.844184957959667415e-01 4.842043378408556475e-01 4.855112792535786759e-01 4.555105711885950037e-01
1.882500000000000284e+01 4.786397896289736331e-01 4.787513724982311869e-01 4.789677215378244646e-01 4.497127760987141842e-01
1.887500000000000000e+01 4.697841016519236357e-01 4.737024727163552940e-01 4.724301490427608718e-01 5.045112958495689970e-01
1.892500000000000071e+01 4.640798195751249522e-01 4.666292123595201513e-01 4.659028026989586735e-01 4.081704982889982625e-01
1.897500000000000142e+01 4.596105167258228708e-01 4.618735914921083818e-01 4.593445521919663488e-01 4.259905442419756882e-01
1.902499999999999858e+01 4.534105638911321012e-01 4.524339424718073488e-01 4.529771558581411894e-01 3.608533379878020586e-01
1.907500000000000284e+01 4.467258300880174171e-01 4.466599651232793233e-01 4.464487427678606735e-01 3.556708095858124863e-01
1.912500000000000000e+01 4.415428989372516821e-01 4.413692682259118261e-01 4.400217956243799300e-01 4.160584969841812919e-01
1.917500000000000426e+01 4.330054976965687086e-01 4.353356744237207310e-01 4.336410786560598862e-01 3.389347966766503295e-01
1.922500000000000142e+01 4.291156418786231108e-01 4.300266603614455452e-01 4.273577004126416501e-01 4.020152735586493553e-01
1.927499999999999858e+01 4.225316976101381461e-01 4.213448017593780515e-01 4.209842305405422924e-01 3.580039115064487798e-01
1.932500000000000284e+01 4.138250076093854535e-01 4.168442931410463737e-01 4.148369014224778661e-01 3.593623587099041838e-01
1.937500000000000000e+01 4.066931381421438618e-01 4.102363174035543181e-01 4.085549032810786851e-01 3.830464066389650535e-01
1.942500000000000426e+01 4.011248476547250585e-01 4.036494829170140242e-01 4.024173719910456026e-01 3.239154676144336276e-01
1.947500000000000142e+01 3.956019875576367584e-01 3.974912827639959234e-01 3.962750947855719907e-01 3.348917924315542582e-01
1.952499999999999858e+01 3.915102293186678017e-01 3.887725054491727450e-01 3.901019076991240064e-01 3.771835411474183664e-01
1.957500000000000284e+01 3.820138040215764752e-01 3.858351929255905977e-01 3.839228035531367933e-01 3.220974280797509470e-01
1.962500000000000000e+01 3.758664253129951338e-01 3.790803416383378144e-01 3.779757251309325827e-01 3.111245232664744398e-01
1.967500000000000426e+01 3.717297524793292118e-01 3.712344801363444691e-01 3.718812067618139650e-01 3.466906400893077222e-01
1.972500000000000142e+01 3.663643504976820675e-01 3.660502130394971410e-01 3.658458327453788517e-01 3.695734802175713041e-01
1.977499999999999858e+01 3.602516930257862460e-01 3.608982444154486546e-01 3.599769975476930228e-01 2.788444381956378115e-01
1.982500000000000284e+01 3.535435225794112402e-01 3.551288921982630464e-01 3.539689931020829072e-01 3.079275605846789055e-01
1.987500000000000000e+01 3.471924571443337770e-01 3.489731024021991979e-01 3.479598394137933259e-01 3.609825991243269527e-01
1.992500000000000426e+01 3.437739941114388298e-01 3.445859065630707541e-01 3.421047685126453741e-01 2.897531425898446367e-01
1.997500000000000142e+01 3.372981054624587527e-01 3.355142221118105894e-01 3.362050474567875313e-01 3.033202330226715815e-01
