# r (Angstroms), cation-water g(r), anion-water g(r), water-water g(r), cation-anion g(r)
2.500000000000000139e-02 0.000000000000000000e+00 0.000000000000000000e+00 5.714867920583252271e+04 0.000000000000000000e+00
7.500000000000001110e-02 0.000000000000000000e+00 0.000000000000000000e+00 0.000000000000000000e+00 0.000000000000000000e+00
1.250000000000000000e-01 0.000000000000000000e+00 0.000000000000000000e+00 0.000000000000000000e+00 0.000000000000000000e+00
1.750000000000000167e-01 0.000000000000000000e+00 0.000000000000000000e+00 0.000000000000000000e+00 0.000000000000000000e+00
2.250000000000000056e-01 0.000000000000000000e+00 0.000000000000000000e+00 0.000000000000000000e+00 0.000000000000000000e+00
2.750000000000000222e-01 0.000000000000000000e+00 0.000000000000000000e+00 0.000000000000000000e+00 0.000000000000000000e+00
3.250000000000000666e-01 0.000000000000000000e+00 0.000000000000000000e+00 0.000000000000000000e+00 0.000000000000000000e+00
3.750000000000000000e-01 0.000000000000000000e+00 0.000000000000000000e+00 0.000000000000000000e+00 0.000000000000000000e+00
4.250000000000000444e-01 0.000000000000000000e+00 0.000000000000000000e+00 0.000000000000000000e+00 0.000000000000000000e+00
4.749999999999999778e-01 0.000000000000000000e+00 0.000000000000000000e+00 0.000000000000000000e+00 0.000000000000000000e+00
5.250000000000000222e-01 0.000000000000000000e+00 0.000000000000000000e+00 0.000000000000000000e+00 0.000000000000000000e+00
5.750000000000000666e-01 0.000000000000000000e+00 0.000000000000000000e+00 0.000000000000000000e+00 0.000000000000000000e+00
6.250000000000000000e-01 0.000000000000000000e+00 0.000000000000000000e+00 0.000000000000000000e+00 0.000000000000000000e+00
6.750000000000000444e-01 0.000000000000000000e+00 0.000000000000000000e+00 0.000000000000000000e+00 0.000000000000000000e+00
7.250000000000000888e-01 0.000000000000000000e+00 0.000000000000000000e+00 0.000000000000000000e+00 0.000000000000000000e+00
7.750000000000000222e-01 0.000000000000000000e+00 0.000000000000000000e+00 0.000000000000000000e+00 0.000000000000000000e+00
8.250000000000000666e-01 0.000000000000000000e+00 0.000000000000000000e+00 0.000000000000000000e+00 0.000000000000000000e+00
8.750000000000000000e-01 0.000000000000000000e+00 0.000000000000000000e+00 0.000000000000000000e+00 0.000000000000000000e+00
9.250000000000000444e-01 0.000000000000000000e+00 0.000000000000000000e+00 0.000000000000000000e+00 0.000000000000000000e+00
9.750000000000000888e-01 0.000000000000000000e+00 0.000000000000000000e+00 0.000000000000000000e+00 0.000000000000000000e+00
1.024999999999999911e+00 0.000000000000000000e+00 0.000000000000000000e+00 0.000000000000000000e+00 0.000000000000000000e+00
1.075000000000000178e+00 0.000000000000000000e+00 0.000000000000000000e+00 0.000000000000000000e+00 0.000000000000000000e+00
1.125000000000000000e+00 0.000000000000000000e+00 0.000000000000000000e+00 0.000000000000000000e+00 0.000000000000000000e+00
1.175000000000000266e+00 0.000000000000000000e+00 0.000000000000000000e+00 0.000000000000000000e+00 0.000000000000000000e+00
1.225000000000000089e+00 0.000000000000000000e+00 0.000000000000000000e+00 0.000000000000000000e+00 0.000000000000000000e+00
1.274999999999999911e+00 0.000000000000000000e+00 0.000000000000000000e+00 0.000000000000000000e+00 0.000000000000000000e+00
1.325000000000000178e+00 0.000000000000000000e+00 0.000000000000000000e+00 0.000000000000000000e+00 0.000000000000000000e+00
1.375000000000000000e+00 0.000000000000000000e+00 0.000000000000000000e+00 0.000000000000000000e+00 0.000000000000000000e+00
1.425000000000000266e+00 0.000000000000000000e+00 0.000000000000000000e+00 0.000000000000000000e+00 0.000000000000000000e+00
1.475000000000000089e+00 0.000000000000000000e+00 0.000000000000000000e+00 0.000000000000000000e+00 0.000000000000000000e+00
1.524999999999999911e+00 0.000000000000000000e+00 0.000000000000000000e+00 0.000000000000000000e+00 0.000000000000000000e+00
1.575000000000000178e+00 0.000000000000000000e+00 0.000000000000000000e+00 0.000000000000000000e+00 0.000000000000000000e+00
1.625000000000000000e+00 0.000000000000000000e+00 0.000000000000000000e+00 0.000000000000000000e+00 0.000000000000000000e+00
1.675000000000000266e+00 0.000000000000000000e+00 0.000000000000000000e+00 0.000000000000000000e+00 0.000000000000000000e+00
1.725000000000000089e+00 0.000000000000000000e+00 0.000000000000000000e+00 0.000000000000000000e+00 0.000000000000000000e+00
1.774999999999999911e+00 2.645006305686228854e-02 0.000000000000000000e+00 0.000000000000000000e+00 0.000000000000000000e+00
1.825000000000000178e+00 9.068212070354804144e-01 0.000000000000000000e+00 0.000000000000000000e+00 0.000000000000000000e+00
1.875000000000000000e+00 5.839341005248121164e+00 0.000000000000000000e+00 0.000000000000000000e+00 0.000000000000000000e+00
1.925000000000000266e+00 1.264159636210524162e+01 0.000000000000000000e+00 0.000000000000000000e+00 0.000000000000000000e+00
1.975000000000000089e+00 1.336416715829592938e+01 0.000000000000000000e+00 0.000000000000000000e+00 0.000000000000000000e+00
2.025000000000000355e+00 8.796797860670828584e+00 0.000000000000000000e+00 0.000000000000000000e+00 0.000000000000000000e+00
2.075000000000000178e+00 4.334154983417009888e+00 0.000000000000000000e+00 0.000000000000000000e+00 0.000000000000000000e+00
2.125000000000000000e+00 1.807008927363904727e+00 0.000000000000000000e+00 0.000000000000000000e+00 0.000000000000000000e+00
2.174999999999999822e+00 6.993667835466682581e-01 0.000000000000000000e+00 0.000000000000000000e+00 0.000000000000000000e+00
2.225000000000000089e+00 2.885738959328546516e-01 0.000000000000000000e+00 0.000000000000000000e+00 0.000000000000000000e+00
2.275000000000000355e+00 1.180024936367089772e-01 0.000000000000000000e+00 0.000000000000000000e+00 0.000000000000000000e+00
2.325000000000000178e+00 6.849389129467065018e-02 0.000000000000000000e+00 0.000000000000000000e+00 0.000000000000000000e+00
2.375000000000000000e+00 4.368991305431298156e-02 0.000000000000000000e+00 1.477436673334255439e-05 0.000000000000000000e+00
2.425000000000000266e+00 3.239180984813355701e-02 0.000000000000000000e+00 8.296352297353207271e-04 0.000000000000000000e+00
2.475000000000000089e+00 2.040695587362199859e-02 0.000000000000000000e+00 1.772684233555297736e-02 0.000000000000000000e+00
2.525000000000000355e+00 1.867313113467818780e-02 0.000000000000000000e+00 1.478710316050257656e-01 0.000000000000000000e+00
2.575000000000000178e+00 1.921187572618120523e-02 0.000000000000000000e+00 6.051694170684567275e-01 0.000000000000000000e+00
2.625000000000000000e+00 1.831421137865615889e-02 0.000000000000000000e+00 1.463692506451685471e+00 0.000000000000000000e+00
2.675000000000000266e+00 1.846787238915580109e-02 0.000000000000000000e+00 2.408162642904041917e+00 0.000000000000000000e+00
2.725000000000000089e+00 2.372851834147766611e-02 0.000000000000000000e+00 3.001370904042907739e+00 0.000000000000000000e+00
2.775000000000000355e+00 2.226275315317053846e-02 0.000000000000000000e+00 3.086949023349958576e+00 0.000000000000000000e+00
2.825000000000000178e+00 2.536032314184199013e-02 0.000000000000000000e+00 2.793026966698540559e+00 0.000000000000000000e+00
2.875000000000000000e+00 2.621433510301331149e-02 0.000000000000000000e+00 2.338247537993508374e+00 0.000000000000000000e+00
2.925000000000000266e+00 3.395327049769888972e-02 2.783054958827777784e-04 1.889846550150309223e+00 0.000000000000000000e+00
2.975000000000000089e+00 4.210311979613573508e-02 4.304472311426017078e-03 1.522036389574929593e+00 0.000000000000000000e+00
3.025000000000000355e+00 5.230214623184772926e-02 4.228407344614555641e-02 1.251398584791932889e+00 0.000000000000000000e+00
3.075000000000000178e+00 5.905098373143363721e-02 2.103927373458968075e-01 1.069187687736931291e+00 0.000000000000000000e+00
3.125000000000000000e+00 7.960823148848805708e-02 6.781938618230614058e-01 9.518547770355937354e-01 0.000000000000000000e+00
3.175000000000000266e+00 9.613512012689010011e-02 1.496589978191586345e+00 8.799150701481446291e-01 0.000000000000000000e+00
3.225000000000000089e+00 1.190472328850903094e-01 2.455578115241304982e+00 8.403688399659906549e-01 0.000000000000000000e+00
3.275000000000000355e+00 1.558440287011398917e-01 3.208344590867341584e+00 8.215044912930302701e-01 1.110000204424073378e-01
3.325000000000000178e+00 2.040665556343927434e-01 3.530512942730113846e+00 8.134764873448192546e-01 0.000000000000000000e+00
3.375000000000000000e+00 2.505339811021151664e-01 3.460337301772101082e+00 8.161945578733961204e-01 1.045198085532395293e-01
3.425000000000000266e+00 3.135040436001899078e-01 3.087948860660206574e+00 8.226461803198056311e-01 0.000000000000000000e+00
3.475000000000000089e+00 3.816455158039632756e-01 2.596885271577471510e+00 8.336388198235383795e-01 0.000000000000000000e+00
3.525000000000000355e+00 4.571281809615713176e-01 2.058657743898621106e+00 8.445159055011718374e-01 0.000000000000000000e+00
3.575000000000000178e+00 5.577045525373236501e-01 1.618805698011292815e+00 8.577581718406256384e-01 9.315258936651472921e-02
3.625000000000000000e+00 6.653709934879130650e-01 1.305192610591894953e+00 8.726567081157668992e-01 9.060062547493369367e-02
3.675000000000000266e+00 7.632209771113157570e-01 1.021330358144109995e+00 8.884181312499824790e-01 1.763042220169359631e-01
3.725000000000000089e+00 8.846995678320174195e-01 8.460888796810710488e-01 9.033430389110540526e-01 8.580152922432521256e-02
3.775000000000000355e+00 1.022324578488321034e+00 7.060280307922531806e-01 9.203601289133955810e-01 1.670874525599936600e-01
3.825000000000000178e+00 1.119135012337539870e+00 6.259279077219774834e-01 9.365753098828845102e-01 4.882432977550526521e-01
3.875000000000000000e+00 1.259957486661199999e+00 5.572324722330195268e-01 9.530387884945623611e-01 4.757249336081555424e-01
3.925000000000000266e+00 1.371416546504318879e+00 5.412713564587090520e-01 9.705966062115207738e-01 3.864015965581874545e-01
3.975000000000000089e+00 1.456108085527274776e+00 5.413030005913553877e-01 9.888617249622584371e-01 6.027873057810193558e-01
4.025000000000000355e+00 1.545527269407726445e+00 5.446199702144767230e-01 1.005361410162714186e+00 5.879044341810570895e-01
4.075000000000000178e+00 1.618746703397039299e+00 5.656794884313330884e-01 1.023615173341918538e+00 1.649002311016560363e+00
4.125000000000000000e+00 1.678117998654775178e+00 5.801765529038273028e-01 1.039547501326276935e+00 1.329396346499363002e+00
4.175000000000000711e+00 1.711931308442670385e+00 6.134238382191039562e-01 1.053807238932269241e+00 9.562335747764676430e-01
4.224999999999999645e+00 1.713470441653887510e+00 6.500129587933045627e-01 1.068541003045194726e+00 1.800774665238992878e+00
4.275000000000000355e+00 1.706587161999167712e+00 7.036895264310802922e-01 1.081009648488144181e+00 2.280053085084966735e+00
4.325000000000000178e+00 1.679513572907643137e+00 7.437136614910493382e-01 1.091262225531284491e+00 2.673168488029445289e+00
4.375000000000000000e+00 1.618330319287137886e+00 7.850313997894906581e-01 1.098240703584782985e+00 3.110020599752359782e+00
4.425000000000000711e+00 1.545300859771397528e+00 8.361588598692213381e-01 1.104004280063088261e+00 3.587359855459864466e+00
4.474999999999999645e+00 1.461855252745037692e+00 8.965300423520748963e-01 1.107540634848065864e+00 3.983256819468768306e+00
4.525000000000000355e+00 1.367512703072069291e+00 9.459031699296918116e-01 1.108815396078661308e+00 3.604991181192580552e+00
4.575000000000000178e+00 1.299390642775060556e+00 9.991724755290979365e-01 1.105764600211598614e+00 4.095435400096496537e+00
4.625000000000000000e+00 1.205103693519398611e+00 1.035514235078903278e+00 1.101949778351574816e+00 4.118680644764248555e+00
4.675000000000000711e+00 1.134632326587355022e+00 1.090508644003661320e+00 1.096379599576674080e+00 4.466841940571469216e+00
4.724999999999999645e+00 1.078536767813276009e+00 1.112559336805358567e+00 1.088276074812178917e+00 5.066056511360257808e+00
4.775000000000000355e+00 1.019621323227631216e+00 1.150317906012429781e+00 1.079210401557772370e+00 3.602902202217778349e+00
4.825000000000001066e+00 9.861720828254649795e-01 1.163114387667619543e+00 1.069410550126294046e+00 4.807103079526743095e+00
4.875000000000000000e+00 9.643936672468266247e-01 1.196838039800214748e+00 1.057409789627961061e+00 4.959481224738238048e+00
4.925000000000000711e+00 9.330333641577157611e-01 1.186649198373241010e+00 1.045267721256072591e+00 4.564790513265694294e+00
4.974999999999999645e+00 9.372699374358089974e-01 1.211933080507837213e+00 1.033108037313040573e+00 4.232987143666983698e+00
5.025000000000000355e+00 9.174848585505280818e-01 1.225843508785404268e+00 1.020886283807453720e+00 4.290617304491394890e+00
5.075000000000001066e+00 9.009747468003891369e-01 1.219327477866741782e+00 1.007976765367601724e+00 4.114039939727804018e+00
5.125000000000000000e+00 8.973055707544463910e-01 1.207754441945454893e+00 9.950492351954758341e-01 2.810312456394003178e+00
5.175000000000000711e+00 8.894748953663960123e-01 1.201200103598561553e+00 9.826214283739941324e-01 2.978549479685552281e+00
5.224999999999999645e+00 8.949045572591574071e-01 1.192581011030952487e+00 9.704611732834397264e-01 2.572943271687065714e+00
5.275000000000000355e+00 9.065158252703069408e-01 1.180776760748792231e+00 9.580452191913926274e-01 2.353252956523664619e+00
5.325000000000001066e+00 8.880605811893307333e-01 1.159042709268189419e+00 9.470075493987427651e-01 2.729135160385158798e+00
5.375000000000000000e+00 8.978657405962986449e-01 1.151590697675948460e+00 9.355236011986114431e-01 1.607158246890749487e+00
5.425000000000000711e+00 9.089401506615438775e-01 1.129530770696142605e+00 9.249198435910922500e-01 2.144012995018106160e+00
5.474999999999999645e+00 8.972202533638424793e-01 1.115706690449034921e+00 9.163717552854899751e-01 1.906444097453051656e+00
5.525000000000000355e+00 9.062498383806577573e-01 1.083591808389129607e+00 9.081261452848075066e-01 1.638082854707679115e+00
5.575000000000001066e+00 9.063087831536849048e-01 1.080560628232556830e+00 9.024545575770428485e-01 1.493915576626953401e+00
5.625000000000000000e+00 9.178869797047279899e-01 1.049545852459784268e+00 8.994574467041697163e-01 1.392220146309540718e+00
5.675000000000000711e+00 9.241124593197328485e-01 1.025846897596711216e+00 8.988117107865228883e-01 1.552633142308535552e+00
5.724999999999999645e+00 9.163596711139533335e-01 1.007243719836635742e+00 9.007334266632265329e-01 1.307684154283201394e+00
5.775000000000000355e+00 9.219797352002889745e-01 9.846659323974743527e-01 9.056789678418823986e-01 1.820612788756523770e+00
5.825000000000001066e+00 9.342551590657403038e-01 9.681502422046835976e-01 9.115408217363808463e-01 1.614051578044920499e+00
5.875000000000000000e+00 9.389097752714841150e-01 9.519482725180903326e-01 9.190448313685636306e-01 1.483215295248854648e+00
5.925000000000000711e+00 9.468358104039354961e-01 9.286241685046227046e-01 9.281099015814177067e-01 1.424374226761893070e+00
5.974999999999999645e+00 9.491304458227947105e-01 9.140145201894226412e-01 9.379601799287285990e-01 1.567377497405971321e+00
6.025000000000000355e+00 9.670598866918976855e-01 8.966441783310652447e-01 9.481394777509194460e-01 2.033429864169356893e+00
6.075000000000001066e+00 9.624654071175150483e-01 8.858165783153962858e-01 9.581658465523862356e-01 1.774278444493492035e+00
6.125000000000000000e+00 9.729973461667840162e-01 8.660818843521755905e-01 9.682525084233144508e-01 2.284925274755656766e+00
6.175000000000000711e+00 9.708238414671214178e-01 8.557662447152369900e-01 9.779966912870989848e-01 1.623607878181272834e+00
6.224999999999999645e+00 9.851236752004276509e-01 8.512299321701299881e-01 9.877603188992285510e-01 1.966314720958937334e+00
6.275000000000000355e+00 9.785276865709795491e-01 8.561323562481008009e-01 9.965468915849569065e-01 1.632744030987019146e+00
6.325000000000001066e+00 9.915685422064103305e-01 8.519353119164113641e-01 1.004111725050107928e+00 1.755831327176032186e+00
6.375000000000000000e+00 9.925100205932152475e-01 8.514552464150473288e-01 1.012469490850912202e+00 1.611217565898076520e+00
6.425000000000000711e+00 9.942827895484881440e-01 8.511464448195787957e-01 1.019939063649236033e+00 1.759282093182241269e+00
6.474999999999999645e+00 9.933553152391996210e-01 8.591795093873023648e-01 1.025999990634508752e+00 1.476643789269557194e+00
6.525000000000000355e+00 9.986032097056555257e-01 8.797305305743307047e-01 1.031499482929708611e+00 2.041332763252579063e+00
6.575000000000001066e+00 1.004238145217738909e+00 8.867534358389133065e-01 1.036113625085336665e+00 1.845165384055628799e+00
6.625000000000000000e+00 9.952946307351212551e-01 9.116119768645813970e-01 1.039826117642824732e+00 1.383408540485424165e+00
6.675000000000000711e+00 9.968463388957592430e-01 9.307390681503534546e-01 1.043326644197383635e+00 1.790293912668628806e+00
6.724999999999999645e+00 9.989791338405276111e-01 9.312187172044592565e-01 1.045384699856544586e+00 1.658471735847824036e+00
6.775000000000000355e+00 1.000992489353932813e+00 9.522812565853101541e-01 1.047129289376433681e+00 2.412217597168215377e+00
6.825000000000001066e+00 1.000002762569449644e+00 9.675681681745452734e-01 1.047913233583234627e+00 2.095852435289325300e+00
6.875000000000000000e+00 9.948552542879772753e-01 9.791878457360448929e-01 1.047770440535304992e+00 1.637269382436665088e+00
6.925000000000000711e+00 9.843394686294115736e-01 1.002015821164510490e+00 1.046777311050947290e+00 2.010933364245815369e+00
6.974999999999999645e+00 9.829295766473082896e-01 1.015525856986257081e+00 1.044787332284403236e+00 2.275866420061735784e+00
7.025000000000000355e+00 9.846443956367945116e-01 1.030408708230767356e+00 1.042637936138061550e+00 1.929965739334645880e+00
7.075000000000001066e+00 9.823358058148646821e-01 1.044414119976187605e+00 1.040287981361598169e+00 1.974137959919463281e+00
7.125000000000000000e+00 9.788222045437214858e-01 1.055229295192389172e+00 1.036091171704407232e+00 2.040336674780261372e+00
7.175000000000000711e+00 9.869202600223374588e-01 1.068695304883239272e+00 1.032510356313677935e+00 1.688229150126084210e+00
7.224999999999999645e+00 9.808798563681020433e-01 1.077378162976176057e+00 1.028853267642620750e+00 1.778980835601459143e+00
7.275000000000000355e+00 9.853268990714815212e-01 1.080953232297198863e+00 1.024447224834246883e+00 1.822096681082827629e+00
7.325000000000001066e+00 9.920245066754392882e-01 1.087281758334150528e+00 1.020032623827830331e+00 1.664172810250021284e+00
7.375000000000000000e+00 9.999170935715516739e-01 1.094500000279431839e+00 1.015372303887084993e+00 1.991910324095601981e+00
7.425000000000000711e+00 9.978763215681315524e-01 1.094148236421635945e+00 1.011179424404431870e+00 1.706029895340252844e+00
7.474999999999999645e+00 1.007796548638755008e+00 1.081456167832889559e+00 1.006868143395038828e+00 1.789820078769829959e+00
7.525000000000000355e+00 1.003594394964472336e+00 1.086244334557737945e+00 1.003233182559941206e+00 1.450736665463067565e+00
7.575000000000001066e+00 1.007486182857777024e+00 1.081454678479169873e+00 9.994100680474881093e-01 1.493893880712563460e+00
7.625000000000000000e+00 1.026629808743602545e+00 1.081611379232813031e+00 9.960454757087010558e-01 1.740571132805549537e+00
7.675000000000000711e+00 1.020856195886619577e+00 1.070980398816766987e+00 9.933343300082375649e-01 1.758389376985010522e+00
7.724999999999999645e+00 1.022966189079646204e+00 1.067595645246806946e+00 9.907898873780829341e-01 1.436442040248357310e+00
7.775000000000000355e+00 1.026572313016987703e+00 1.063125881679398921e+00 9.887386210485852311e-01 1.378636749121117333e+00
7.825000000000001066e+00 1.030605790520939369e+00 1.049719168607160968e+00 9.868891977303685392e-01 1.322186886941058903e+00
7.875000000000000000e+00 1.027389597775057783e+00 1.037622026499441130e+00 9.858740427368987147e-01 1.286252766479723197e+00
7.925000000000000711e+00 1.027034672393307702e+00 1.033347128250871938e+00 9.852810942522024495e-01 1.440680616140781023e+00
7.974999999999999645e+00 1.032223663351440113e+00 1.018521082350147822e+00 9.844072714688159031e-01 1.310356106680947041e+00
8.025000000000000355e+00 1.026370712682785458e+00 1.020491898463632863e+00 9.842696401128366857e-01 1.552894322040274000e+00
8.074999999999999289e+00 1.030880980937688207e+00 1.005866688626589456e+00 9.848527111556537594e-01 1.716309107476845286e+00
8.125000000000000000e+00 1.024291912544151417e+00 1.007104959366910579e+00 9.850273892299588052e-01 1.460800847173678862e+00
8.175000000000000711e+00 1.027531037010922077e+00 9.927746602844130797e-01 9.857694421873287594e-01 1.175766716529774492e+00
8.225000000000001421e+00 1.021798977811026798e+00 9.887837889170448813e-01 9.865822600951464905e-01 1.126317744784032682e+00
8.275000000000000355e+00 1.023710604603836449e+00 9.790963718313124842e-01 9.875184123216007581e-01 1.599574986388236031e+00
8.324999999999999289e+00 1.017205530006466629e+00 9.739158023134160125e-01 9.888896160516620348e-01 1.511704776582717846e+00
8.375000000000000000e+00 1.014550580113820821e+00 9.695356374415908807e-01 9.900674076965304549e-01 1.391864743258993453e+00
8.425000000000000711e+00 1.017287749132710140e+00 9.759253156725078426e-01 9.917356613758547823e-01 1.408939339276960467e+00
8.475000000000001421e+00 1.013541373396121159e+00 9.647257624869599590e-01 9.929295825609997239e-01 1.425515293102842751e+00
8.525000000000000355e+00 1.009370332031308548e+00 9.679569067391694537e-01 9.941533882841707692e-01 1.670953077451813096e+00
8.574999999999999289e+00 1.004093972491901798e+00 9.735569771018329766e-01 9.954404421312373907e-01 1.635332202755540365e+00
8.625000000000000000e+00 1.005465507120620661e+00 9.739691900810125702e-01 9.968546573062291305e-01 1.440380352421103849e+00
8.675000000000000711e+00 1.003226700246099501e+00 9.733263870114016170e-01 9.975363384118338672e-01 1.360543353536514788e+00
8.725000000000001421e+00 1.000019018139403082e+00 9.705698953225300185e-01 9.989412083953522759e-01 1.501389161136384098e+00
8.775000000000000355e+00 9.929072701962662340e-01 9.803368665544024418e-01 9.997155739803120778e-01 1.360634096536297744e+00
8.824999999999999289e+00 9.918692703023134216e-01 9.821925715044562688e-01 9.999137102732473803e-01 1.222963513157299564e+00
8.875000000000000000e+00 9.989387035060932618e-01 9.780191543344973759e-01 1.000748879351246456e+00 1.254568339048022896e+00
8.925000000000000711e+00 9.896009544267754254e-01 9.901838639151101518e-01 1.000688580429170971e+00 1.404961330858131463e+00
8.975000000000001421e+00 9.857591806637894249e-01 9.866460003303234583e-01 1.001315682572164523e+00 1.359790155352334828e+00
9.025000000000000355e+00 9.893523832770815263e-01 9.877591290881593267e-01 1.001481023481746613e+00 1.520169134384523613e+00
9.074999999999999289e+00 9.761530109234122232e-01 9.911587396322935062e-01 1.001524431026885820e+00 1.431182217899084952e+00
9.125000000000000000e+00 9.851307725862239462e-01 9.947964871536757459e-01 1.001513787019802315e+00 1.515629799038284986e+00
9.175000000000000711e+00 9.806175600076016963e-01 9.931199530364283046e-01 1.001416987968479555e+00 1.499155725176038123e+00
9.225000000000001421e+00 9.848318907661333110e-01 9.928901785576141892e-01 1.001137416409705549e+00 1.524919043873975921e+00
9.275000000000000355e+00 9.789755645969728803e-01 1.004661961360929334e+00 1.001249075146066758e+00 1.550041184031849983e+00
9.324999999999999289e+00 9.954778632567180541e-01 1.009265341880502875e+00 1.000699935820753339e+00 1.245938981891170805e+00
9.375000000000000000e+00 9.803092314359020953e-01 1.009473732469238216e+00 1.000503257535517943e+00 1.083678626412858614e+00
9.425000000000000711e+00 9.768112406380120571e-01 1.006015594159460846e+00 1.000369517431344057e+00 1.434082527212031444e+00
9.475000000000001421e+00 9.848433286858422342e-01 1.002229235583047329e+00 9.999535251365376798e-01 1.233325203234226120e+00
9.525000000000000355e+00 9.793732034126602093e-01 1.009778494873523336e+00 9.997209441171138744e-01 1.443496789251160761e+00
9.575000000000001066e+00 9.880141845489219810e-01 1.010454000419754195e+00 9.997039521011428231e-01 1.454432510146540736e+00
9.625000000000000000e+00 9.796906516180516888e-01 1.006614409556185530e+00 9.996553313838633104e-01 1.580726599709050717e+00
9.675000000000000711e+00 9.830602037565353557e-01 1.006437630035203146e+00 9.990794897218832071e-01 1.360927427539419643e+00
9.725000000000001421e+00 9.902993975329343890e-01 1.007407166753157002e+00 9.989770774355490879e-01 1.183318842311208430e+00
9.775000000000000355e+00 9.879196179044009707e-01 1.011905205257510154e+00 9.991519750115218645e-01 1.345684900849764887e+00
9.825000000000001066e+00 9.857095334767945749e-01 1.009291278299902839e+00 9.987055662511339360e-01 1.147020014931518839e+00
9.875000000000000000e+00 9.861061617384879741e-01 1.009181111851597423e+00 9.988970827359487936e-01 1.184269926440012055e+00
9.925000000000000711e+00 9.945546691747703116e-01 1.010411850367134878e+00 9.991396184123357838e-01 1.293230478340710921e+00
9.975000000000001421e+00 9.920636527840406282e-01 1.001360772083207173e+00 9.993218192942043832e-01 1.148678832329460331e+00
1.002500000000000036e+01 9.971306977458721521e-01 1.005742991825390842e+00 9.992740335687323450e-01 1.101710246760990719e+00
1.007500000000000107e+01 1.001767041313899043e+00 9.984946343716963879e-01 9.997623577836713959e-01 1.172905714051094117e+00
1.012500000000000000e+01 1.001722517252781719e+00 1.007076341152306931e+00 9.996599594988649917e-01 1.161350086664868053e+00
1.017500000000000071e+01 1.005091878898471514e+00 1.004953883171293860e+00 1.000246066941476775e+00 1.276460476393335819e+00
1.022500000000000142e+01 1.004077296481273640e+00 1.007220233558290046e+00 1.000429986328115417e+00 1.195682583647489361e+00
1.027500000000000036e+01 1.003079921651961692e+00 1.002549907528098361e+00 1.000915073324593951e+00 1.127689625241103721e+00
1.032500000000000107e+01 1.009291552781542478e+00 1.002590787830683450e+00 1.001221977902405413e+00 1.228473574324138395e+00
1.037500000000000000e+01 1.008590195951541535e+00 9.995094775360020556e-01 1.001513451621220518e+00 1.216661419865218807e+00
1.042500000000000071e+01 1.004689915302397374e+00 9.990482362996306875e-01 1.001799710536071197e+00 1.325520697737398779e+00
1.047500000000000142e+01 1.003769270763503529e+00 1.000687760949463545e+00 1.002434998714797798e+00 1.204392920276174506e+00
1.052500000000000036e+01 1.003282875414399422e+00 9.995319838930323275e-01 1.002239654679691672e+00 1.171481879166251128e+00
1.057500000000000107e+01 1.013779542613106655e+00 9.993433645108921182e-01 1.002591078737929076e+00 1.043322606207240266e+00
1.062500000000000000e+01 1.000970146129107841e+00 9.980593988096507774e-01 1.003106381553126702e+00 1.117895709646575586e+00
1.067500000000000071e+01 1.010044962405710622e+00 1.001519701078579461e+00 1.002993819059232683e+00 1.462667384556818106e+00
1.072500000000000142e+01 1.003744044249254674e+00 9.984446201581845814e-01 1.002833702554610573e+00 1.076445518498623244e+00
1.077500000000000036e+01 1.002233426766015567e+00 1.003381942075759037e+00 1.003037059335604830e+00 1.199788314642900033e+00
1.082500000000000107e+01 1.010400550816632936e+00 9.940631273821429748e-01 1.003305516685745635e+00 1.026169009255891496e+00
1.087500000000000000e+01 9.993490488984223541e-01 9.929364475934260303e-01 1.003230414257844316e+00 1.308694143876810934e+00
1.092500000000000071e+01 1.007539139571301368e+00 1.002003045810848425e+00 1.002829390097881745e+00 1.196993245503342962e+00
1.097500000000000142e+01 1.009934459703216936e+00 1.003480035942390547e+00 1.002679193182896444e+00 1.116921722777007631e+00
1.102500000000000036e+01 1.009218383435159128e+00 1.003214162880733840e+00 1.002549016698988549e+00 1.067634649971197502e+00
1.107500000000000107e+01 9.981171272243606341e-01 9.978550497711610179e-01 1.002539208625058631e+00 1.125962391524043094e+00
1.112500000000000000e+01 1.005893806996632112e+00 1.007567603209789109e+00 1.002054214678834265e+00 9.234737727763432380e-01
1.117500000000000071e+01 1.005359468829929437e+00 9.994486179312006557e-01 1.001875632377479786e+00 1.124968396854853392e+00
1.122500000000000142e+01 1.007185282366772849e+00 1.002782100717106273e+00 1.001457045404961610e+00 1.124417631567231846e+00
1.127500000000000036e+01 1.002655142937586952e+00 1.002982927378259337e+00 1.000993819009023067e+00 1.067640749618300910e+00
1.132500000000000107e+01 1.002268543079289476e+00 1.008283769537462460e+00 1.000527135019648517e+00 1.132496339347355496e+00
1.137500000000000000e+01 1.002264040252623500e+00 1.006717483833423854e+00 1.000279258225681200e+00 1.094958235775317146e+00
1.142500000000000071e+01 1.003078595165801001e+00 1.003726183983775888e+00 1.000111434411533606e+00 1.003306619397482224e+00
1.147500000000000142e+01 1.001291178714139196e+00 1.011065209923526664e+00 1.000162436338452476e+00 1.112123810133816670e+00
1.152500000000000036e+01 1.003019560106955366e+00 1.009410446296266306e+00 9.994328836316673792e-01 1.084568343487529951e+00
1.157500000000000107e+01 9.985404766689642830e-01 1.004654116735780756e+00 9.992241024794589199e-01 1.190738036269510802e+00
1.162500000000000000e+01 1.000567591691013281e+00 1.003677461554423278e+00 9.986122852414257567e-01 1.065989386607961276e+00
1.167500000000000071e+01 1.000619298642763777e+00 1.003082436783086839e+00 9.990333521235627012e-01 1.214100005336500532e+00
1.172500000000000142e+01 9.967626270111911158e-01 1.004539483393686261e+00 9.985002088203045467e-01 1.082524552129064288e+00
1.177500000000000036e+01 9.943606478497457601e-01 1.007446939223076043e+00 9.982945725115647262e-01 1.090524281110851534e+00
1.182500000000000107e+01 9.947307280203687707e-01 1.003083298800031331e+00 9.981450137420077029e-01 9.791494797769615399e-01
1.187500000000000000e+01 9.984280063903445690e-01 1.003215070940931763e+00 9.979340184770205679e-01 1.021578149243448363e+00
1.192500000000000071e+01 1.001668428760973173e+00 1.005988455082953204e+00 9.977938339902231446e-01 9.627965640071873832e-01
1.197500000000000142e+01 9.981947354108123838e-01 1.004072818024726033e+00 9.977089633575070282e-01 1.112518460825491440e+00
1.202500000000000036e+01 9.981280200368257693e-01 9.987702312880455402e-01 9.979547382676826617e-01 8.562816682930501910e-01
1.207500000000000107e+01 9.998409031749386777e-01 9.965583992297838423e-01 9.977387451882115954e-01 9.798519239268312919e-01
1.212500000000000000e+01 9.993456142030605616e-01 9.960415372309056048e-01 9.980957175166970119e-01 9.636891168785541861e-01
1.217500000000000071e+01 9.990094514041133467e-01 1.004077548330782221e+00 9.981450637793145564e-01 1.003981166138832926e+00
1.222500000000000142e+01 9.950923805453952831e-01 1.002915271018729459e+00 9.983041789605644478e-01 9.240888950170587091e-01
1.227500000000000036e+01 1.002718361447695772e+00 9.957887306854570353e-01 9.982478725376201512e-01 8.928714665142364337e-01
1.232500000000000107e+01 1.003722123036670633e+00 1.004482364208679979e+00 9.985665279348442391e-01 9.953673076824227639e-01
1.237500000000000000e+01 9.960552221074409074e-01 1.001691612988154345e+00 9.985969156470205776e-01 8.629508796678603266e-01
1.242500000000000071e+01 9.961600161882713245e-01 9.949569616367789360e-01 9.989639199058399921e-01 8.714433610168972333e-01
1.247500000000000142e+01 9.998802742102264052e-01 1.000530540647164957e+00 9.991868606826487254e-01 9.103730117139781086e-01
1.252500000000000036e+01 9.978023901557239173e-01 9.988041693055349501e-01 9.990661952670985002e-01 1.001779149811034442e+00
1.257500000000000107e+01 9.944835869083445967e-01 9.968100492275333568e-01 9.993860980382469617e-01 9.335965293831698375e-01
1.262500000000000000e+01 9.990662626213433484e-01 1.000365953317597700e+00 9.996435493750832624e-01 8.440520038893468691e-01
1.267500000000000071e+01 9.983138852614756864e-01 1.002234130859920525e+00 9.998032376979633096e-01 8.448166318010008613e-01
1.272500000000000142e+01 9.982262474485388282e-01 9.950425934766664593e-01 1.000055576491286624e+00 8.896585002229807637e-01
1.277500000000000036e+01 9.978394745292731294e-01 9.981531641770685637e-01 1.000305687950024947e+00 1.138036861769579300e+00
1.282500000000000107e+01 9.991221475155852572e-01 1.002509689281533056e+00 1.000268873833381589e+00 8.830771270205562962e-01
1.287500000000000000e+01 9.992703201722742401e-01 1.000613396480733330e+00 1.000502890747674734e+00 9.767827697883958438e-01
1.292500000000000071e+01 1.000312780112005973e+00 9.955093402873016473e-01 1.000438681548123654e+00 9.264794914118038571e-01
1.297500000000000142e+01 9.990960055030401188e-01 9.965642494371118598e-01 1.000700827683288718e+00 9.405685943253231374e-01
1.302500000000000036e+01 9.976297935553490870e-01 9.982754268718496693e-01 1.000962145705425632e+00 8.491481662670918862e-01
1.307500000000000107e+01 1.000690428707917246e+00 1.003824311086900956e+00 1.000824586730470145e+00 9.749856290171855511e-01
1.312500000000000000e+01 9.991141507111228615e-01 1.004684597056500373e+00 1.000873527119621853e+00 1.009038668021249752e+00
1.317500000000000071e+01 1.000777174423981730e+00 9.971282575793956049e-01 1.000901607975475338e+00 9.808178736387457297e-01
1.322500000000000142e+01 9.989353332638825078e-01 9.966073045619748827e-01 1.001123993370343523e+00 8.304663790430850678e-01
1.327500000000000036e+01 9.996803116468694350e-01 1.000241053047999928e+00 1.001086880782201982e+00 1.114726881765571997e+00
1.332500000000000107e+01 9.994137285672777260e-01 1.004342134788742902e+00 1.000855934449914164e+00 1.046029075576292877e+00
1.337500000000000000e+01 1.007595348527149159e+00 1.003954913015158601e+00 1.000772546781814265e+00 8.851515961512759212e-01
1.342500000000000071e+01 9.938548870109215061e-01 1.000269112779190506e+00 1.000834687631742215e+00 9.974748620068137894e-01
1.347500000000000142e+01 9.994034944313390234e-01 1.000636184526228156e+00 1.000784251588583196e+00 7.999371892365444436e-01
1.352500000000000036e+01 9.996362606052231481e-01 1.000065819777043785e+00 1.000700656165216751e+00 9.892877896477240141e-01
1.357500000000000107e+01 9.972542410046614236e-01 1.002790989004719746e+00 1.000571689846031287e+00 9.238681026935040563e-01
1.362500000000000000e+01 9.991706868972428657e-01 1.001440990068431125e+00 1.000721573321168067e+00 1.006885869707806691e+00
1.367500000000000071e+01 1.002827837464794314e+00 1.006272099735332937e+00 1.000497669892537633e+00 9.422381072823221571e-01
1.372500000000000142e+01 1.001260652447238275e+00 1.010159455011548468e+00 1.000326973396935992e+00 9.164249799893295911e-01
1.377500000000000036e+01 9.959941489354422473e-01 1.003950055328601820e+00 1.000448578103233954e+00 1.016448608589779923e+00
1.382500000000000107e+01 9.981091203400930256e-01 1.008586419417767166e+00 1.000478970776538468e+00 9.156735816992256360e-01
1.387500000000000000e+01 9.984918586724127465e-01 1.001318064903256255e+00 1.000401730921557153e+00 8.286906672495049087e-01
1.392500000000000071e+01 1.005775350704914306e+00 1.003331659640439355e+00 1.000148917806998217e+00 8.841495308652616014e-01
1.397500000000000142e+01 1.001572250362257721e+00 1.005943133169776793e+00 1.000279188387593887e+00 8.778342040205305841e-01
1.402500000000000036e+01 1.002070032573416647e+00 1.005544272408985806e+00 1.000095018017135517e+00 8.897443481335378657e-01
1.407500000000000107e+01 9.971447242306277214e-01 1.005305972870071729e+00 1.000035392824573544e+00 1.003629250947829510e+00
1.412500000000000000e+01 1.001590784231579878e+00 1.004240258503975580e+00 1.000171024058639668e+00 9.249290815796223919e-01
1.417500000000000071e+01 1.005593895108616076e+00 1.006067916023977382e+00 1.000079870511723090e+00 9.480418307223289487e-01
1.422500000000000142e+01 1.001461314279562753e+00 1.003685345633758663e+00 9.998747209066197739e-01 8.531337205248611388e-01
1.427500000000000036e+01 1.002941479766218613e+00 1.004039876605332893e+00 1.000076907550099259e+00 9.055931386315194676e-01
1.432500000000000107e+01 1.001261036051047659e+00 1.000524204656490612e+00 9.999407966430173822e-01 9.050842326843290264e-01
1.437500000000000000e+01 9.989055647779893077e-01 1.006793101724960060e+00 1.000131618731470162e+00 8.354221017609716471e-01
1.442500000000000071e+01 1.002354676908119302e+00 9.998771982562794092e-01 9.999741918315819822e-01 1.024177087019244370e+00
1.447500000000000142e+01 1.004772086154733346e+00 1.004442518546679430e+00 9.999806958960409942e-01 8.125546198573013745e-01
1.452500000000000036e+01 1.000609032977060497e+00 9.999600710293724548e-01 9.997843208476440147e-01 8.972604320208931172e-01
1.457500000000000107e+01 1.001332851695112547e+00 9.991583073136538484e-01 1.000129622485691705e+00 9.247418117028062268e-01
1.462500000000000000e+01 1.005262950019038204e+00 1.003882522490772811e+00 1.000043330885065584e+00 8.572009651325133150e-01
1.467500000000000071e+01 1.004157377473240187e+00 1.007861388456173568e+00 9.999428653228650266e-01 7.518589457894627737e-01
1.472500000000000142e+01 9.975197747325680320e-01 1.006338150881479931e+00 9.999927197530775747e-01 9.389429149837569266e-01
1.477500000000000036e+01 9.977715655641350434e-01 1.000236680336668460e+00 9.999906378856772138e-01 8.235228554259873546e-01
1.482500000000000107e+01 9.987231588867486742e-01 1.002536774758743920e+00 9.997894870542756163e-01 8.342284719989547792e-01
1.487500000000000000e+01 9.984933406455002158e-01 1.000575676180152085e+00 1.000042243156290755e+00 1.049238835289690197e+00
1.492500000000000071e+01 1.000045350327664728e+00 1.002728400132134379e+00 9.997902040496453591e-01 8.337764332614450158e-01
1.497500000000000142e+01 1.001230549303764095e+00 1.004246112075544595e+00 1.000147633105153311e+00 8.547633912969333503e-01
1.502500000000000036e+01 9.984383104262506414e-01 1.002061420077966503e+00 1.000170272863660781e+00 8.649053608171619612e-01
1.507500000000000107e+01 1.002110096375516957e+00 9.970650478201846800e-01 9.999298809998293791e-01 9.534775047460781749e-01
1.512500000000000000e+01 9.965207809336360523e-01 9.977646104022130924e-01 9.999606199526767103e-01 8.743236431838877776e-01
1.517500000000000071e+01 1.000625428464695377e+00 9.985677411382807289e-01 9.999824787262205916e-01 8.427211914713360619e-01
1.522500000000000142e+01 9.992515021926435814e-01 1.003596699213773924e+00 9.999569649600742460e-01 9.245100044958459717e-01
1.527500000000000036e+01 9.956340528896767683e-01 1.000675418819141793e+00 1.000092794077686253e+00 8.572363118928352232e-01
1.532500000000000107e+01 9.982017295665774892e-01 1.001025360601058400e+00 9.998094452592155568e-01 8.871372190918193068e-01
1.537500000000000000e+01 9.998084420473439815e-01 1.000664636466647606e+00 1.000095861477466430e+00 9.317409857127100237e-01
1.542500000000000071e+01 1.000712872189569502e+00 1.002093931911475888e+00 9.999208944851313285e-01 8.606604064053822167e-01
1.547500000000000142e+01 9.982388996130847625e-01 1.002330490899411508e+00 9.983710038216633276e-01 8.153353231562621151e-01
1.552500000000000036e+01 9.968034208476483915e-01 9.934148651724394874e-01 9.951618780251876295e-01 8.644274681655433890e-01
1.557500000000000107e+01 9.871499093951962012e-01 9.883621660381337604e-01 9.885469296558668795e-01 9.030575801640503553e-01
1.562500000000000000e+01 9.789647877042478852e-01 9.800522608555862769e-01 9.799657604127235411e-01 7.022248152140818656e-01
1.567500000000000071e+01 9.695652525686235812e-01 9.693665870512953031e-01 9.708045959027232774e-01 8.285805722714828514e-01
1.572500000000000142e+01 9.609634178513575264e-01 9.620804364744286463e-01 9.613731133197815915e-01 7.751724065277901810e-01
1.577500000000000036e+01 9.505181438361036683e-01 9.521974199866527488e-01 9.515853501432216532e-01 8.611672566917929483e-01
1.582500000000000107e+01 9.411220381121550016e-01 9.440267797798901350e-01 9.424986479587607047e-01 7.511443265174477801e-01
1.587500000000000000e+01 9.327653751768203438e-01 9.368470651874702959e-01 9.330764812114978879e-01 7.416959857315241766e-01
1.592500000000000071e+01 9.266309674742491120e-01 9.253916037192678745e-01 9.240541424452560770e-01 9.013554581681180178e-01
1.597500000000000142e+01 9.141916060834683888e-01 9.177604984469416305e-01 9.148474145476551689e-01 7.231089102462127105e-01
1.602499999999999858e+01 9.007718973336908963e-01 9.067803504377371926e-01 9.056691018718304731e-01 7.510566380057847047e-01
1.607500000000000284e+01 8.944721333722408518e-01 8.988260849846687606e-01 8.968467279007409365e-01 7.740358422094182345e-01
1.612500000000000000e+01 8.833840847195092438e-01 8.875416603380058556e-01 8.877595759094105698e-01 8.012948603930695191e-01
1.617500000000000071e+01 8.813804410398912159e-01 8.777672936250771052e-01 8.788980540467553615e-01 6.598317067355627952e-01
1.622500000000000142e+01 8.702129272252512315e-01 8.727681736906297560e-01 8.699058544385145364e-01 7.643126595556890557e-01
1.627499999999999858e+01 8.584151660630027214e-01 8.599299185277409219e-01 8.612306548979509202e-01 7.506340107159502617e-01
1.632500000000000284e+01 8.515835043671473592e-01 8.543175062277255094e-01 8.523418682361801890e-01 6.969024350493114861e-01
1.637500000000000000e+01 8.516213566536847690e-01 8.451965556699780890e-01 8.437811813374429537e-01 7.237336284341256976e-01
1.642500000000000071e+01 8.347893663474558190e-01 8.373224813297642788e-01 8.350528897412774487e-01 6.663769378546740008e-01
1.647500000000000142e+01 8.215012665940364389e-01 8.260674531671086118e-01 8.265895687484401400e-01 7.281334977233219208e-01
1.652499999999999858e+01 8.183512224902823595e-01 8.199076863874652510e-01 8.178826876186446881e-01 7.062945415788097758e-01
1.657500000000000284e+01 8.093825153463634070e-01 8.145438077154671941e-01 8.093941206704310387e-01 6.413696646745290497e-01
1.662500000000000000e+01 8.051459687067404891e-01 8.031214195518189269e-01 8.011297800895433863e-01 6.633629145913277902e-01
1.667500000000000071e+01 7.931784961259883415e-01 7.958074953843872201e-01 7.925674892950869133e-01 7.193353019723289776e-01
1.672500000000000142e+01 7.859532420969822519e-01 7.855531597582257053e-01 7.844176154197624040e-01 6.128920934142316757e-01
1.677499999999999858e+01 7.746748201926562105e-01 7.777379633203261866e-01 7.761915668206911256e-01 6.177056583422692038e-01
1.682500000000000284e+01 7.722138789542914994e-01 7.707965406037334821e-01 7.678216777842176155e-01 6.518915262210195349e-01
1.687500000000000000e+01 7.613732808081106196e-01 7.626526257275121345e-01 7.596045739144410280e-01 6.313107282013776800e-01
1.692500000000000071e+01 7.497950952033751726e-01 7.511998907853951746e-01 7.513987483280499813e-01 5.153687934037965990e-01
1.697500000000000142e+01 7.442689755938518559e-01 7.459671255764707132e-01 7.433775336197643302e-01 6.652120369869660710e-01
1.702499999999999858e+01 7.352622780754984877e-01 7.381170035747190994e-01 7.352214739846939517e-01 6.859556235537097590e-01
1.707500000000000284e+01 7.273322810656276394e-01 7.294393661344307223e-01 7.273879554800231073e-01 6.696937040381939488e-01
1.712500000000000000e+01 7.202048505522899990e-01 7.194416292500429577e-01 7.192897482108957519e-01 6.008337911306335100e-01
1.717500000000000071e+01 7.094065176340635936e-01 7.151296861763590806e-01 7.113326584827517340e-01 5.892684112659631879e-01
1.722500000000000142e+01 7.044032110125574286e-01 7.030308718943517610e-01 7.036252311639092927e-01 6.259792469008280680e-01
1.727499999999999858e+01 6.941198872010448939e-01 6.928592074700562486e-01 6.957390547778159462e-01 6.462978367726858187e-01
1.732500000000000284e+01 6.871522662967940454e-01 6.887190332787509472e-01 6.877922211951964515e-01 5.870418058977799891e-01
1.737500000000000000e+01 6.768734832771879928e-01 6.822881871968051737e-01 6.802022523717539126e-01 6.901479868412312424e-01
1.742500000000000071e+01 6.706575855014441645e-01 6.735984126224703328e-01 6.725423263133843976e-01 5.842443213772096078e-01
1.747500000000000142e+01 6.677687514734594876e-01 6.645640228786954262e-01 6.649812769822551761e-01 6.003992744448433116e-01
1.752499999999999858e+01 6.566992846556533037e-01 6.574203102801645660e-01 6.571950789315874619e-01 5.543369048661701548e-01
1.757500000000000284e+01 6.493756953784859398e-01 6.501774223193713675e-01 6.496690118051565710e-01 5.010793380533682395e-01
1.762500000000000000e+01 6.408061019831953198e-01 6.416416127562448724e-01 6.419774880870108280e-01 5.557296426246924881e-01
1.767500000000000071e+01 6.364616548191710521e-01 6.360043390104774819e-01 6.345909816379194934e-01 5.830776560843382583e-01
1.772500000000000142e+01 6.296321572287087998e-01 6.298405794484086551e-01 6.272120114664821999e-01 4.888448425688732835e-01
1.777499999999999858e+01 6.202278110314778381e-01 6.175712260393626529e-01 6.196415234488491519e-01 5.463898210733271199e-01
1.782500000000000284e+01 6.131109778836251190e-01 6.112261889366221723e-01 6.125080927288754085e-01 5.208462497682103676e-01
1.787500000000000000e+01 6.059484454542835019e-01 6.063247878044918382e-01 6.051564646506460976e-01 5.738289300206596000e-01
1.792500000000000071e+01 5.955546628609552640e-01 5.985782720150095715e-01 5.978403187004449615e-01 5.706321197602572948e-01
1.797500000000000142e+01 5.905215396229714919e-01 5.937162767022631238e-01 5.905501632880603147e-01 4.937655924164671695e-01
1.802499999999999858e+01 5.841535396616521769e-01 5.851502573872328083e-01 5.834894911345978041e-01 4.690436355673093805e-01
1.807500000000000284e+01 5.790129972520926538e-01 5.757806289891489460e-01 5.762198666570961247e-01 4.664522408757607042e-01
1.812500000000000000e+01 5.698467428784929067e-01 5.725358103694833112e-01 5.693457862756903243e-01 4.675063427732661370e-01
1.817500000000000071e+01 5.627331194108226020e-01 5.606679313196804015e-01 5.621377974070835837e-01 5.298126516542901454e-01
1.822500000000000142e+01 5.528643530524528504e-01 5.545490299278273971e-01 5.550579242144325631e-01 4.767277115421724165e-01
1.827499999999999858e+01 5.490019435685303817e-01 5.497362989490381935e-01 5.480113837161918466e-01 4.562984888592701016e-01
1.832500000000000284e+01 5.420676243000606132e-01 5.411564551854175509e-01 5.410848734561388707e-01 4.006307780337023394e-01
1.837500000000000000e+01 5.364276434680457228e-01 5.353415933777396774e-01 5.341366278548185242e-01 4.830807219867497282e-01
1.842500000000000071e+01 5.255557302640657680e-01 5.276950154237575186e-01 5.272231873142254610e-01 3.998008331227129175e-01
1.847500000000000142e+01 5.216091778563539672e-01 5.215533687682396558e-01 5.205485540412856382e-01 4.604249769430371897e-01
1.852499999999999858e+01 5.148839450684136176e-01 5.145266108298897079e-01 5.136404219183505759e-01 4.405965853644123187e-01
1.857500000000000284e+01 5.061945073871827461e-01 5.078715050803200848e-01 5.068131746102239044e-01 3.623143164185647636e-01
1.862500000000000000e+01 5.002266933584602615e-01 5.025605285922097876e-01 5.002603692280390701e-01 3.912606127168246628e-01
1.867500000000000071e+01 4.932230466300914218e-01 4.936941451166395045e-01 4.935646271704103305e-01 4.233058864634888785e-01
1.872500000000000142e+01 4.875535122804668942e-01 4.878183652184822638e-01 4.870191341269654584e-01 4.312349118968373807e-01
1.877499999999999858e+01 4.800931868845962902e-01 4.826904759958154933e-01 4.801562581158875243e-01 4.188086473227333739e-01
1.882500000000000284e+01 4.730914877132678109e-01 4.738877061396736257e-01 4.735654157342644166e-01 3.964294274932047557e-01
1.887500000000000000e+01 4.653049846053540772e-01 4.674069742584427978e-01 4.670813964461347778e-01 4.177244938570595645e-01
1.892500000000000071e+01 4.605858012767503062e-01 4.634811456686759867e-01 4.604967602952554362e-01 3.457127632150093222e-01
1.897500000000000142e+01 4.537439657960206651e-01 4.544747389024761386e-01 4.541747251289525722e-01 4.199465362888670783e-01
1.902499999999999858e+01 4.463656545597228242e-01 4.473195538377166547e-01 4.475382664956213952e-01 3.387987090805694712e-01
1.907500000000000284e+01 4.407009551002054604e-01 4.440646599065536937e-01 4.412579492776037560e-01 3.697457617873052826e-01
1.912500000000000000e+01 4.346661650868337556e-01 4.327261851980249707e-01 4.348514787362124379e-01 3.547949796647013043e-01
1.917500000000000426e+01 4.280859676531334479e-01 4.293909004844500554e-01 4.284378850476078249e-01 3.367568596946097226e-01
1.922500000000000142e+01 4.224025530097668679e-01 4.236459461468722876e-01 4.221764680597128172e-01 3.511136060738085929e-01
1.927499999999999858e+01 4.159134570236954209e-01 4.162018652180118350e-01 4.158677795747867112e-01 3.044308717784331986e-01
1.932500000000000284e+01 4.102094465654333444e-01 4.103943490935337834e-01 4.096688617087094753e-01 3.474892338439174444e-01
1.937500000000000000e+01 4.032425106220217659e-01 4.048251099802328556e-01 4.034506081656884513e-01 4.027858086028185958e-01
1.942500000000000426e+01 3.963133811696216147e-01 3.977711000669614250e-01 3.972080987385460671e-01 3.376102208124637793e-01
1.947500000000000142e+01 3.924069934576973617e-01 3.925827805403931392e-01 3.911679393709860397e-01 3.170445598619882621e-01
1.952499999999999858e+01 3.851500404093098351e-01 3.850344894634897819e-01 3.850023912845401131e-01 3.216688491746244050e-01
1.957500000000000284e+01 3.788754944339727260e-01 3.788910297584943687e-01 3.789077146970306620e-01 3.573124639979241568e-01
1.962500000000000000e+01 3.723259559507310912e-01 3.750338934941147562e-01 3.728336447800690290e-01 2.751215084031306546e-01
1.967500000000000426e+01 3.673481170042301458e-01 3.656903894645638364e-01 3.667162982956425066e-01 2.921783233178043004e-01
1.972500000000000142e+01 3.599556706467380018e-01 3.591876134405770915e-01 3.608480246007645387e-01 3.029388980475467008e-01
1.977499999999999858e+01 3.565728259000301437e-01 3.559334736733290039e-01 3.548080371713390746e-01 2.861862348090645214e-01
1.982500000000000284e+01 3.471792676290923474e-01 3.487605083276499318e-01 3.488646763451634381e-01 3.180656577558410580e-01
1.987500000000000000e+01 3.425352082335669235e-01 3.451332544064090735e-01 3.429623607808985897e-01 2.200201515283933817e-01
1.992500000000000426e+01 3.362869552359682990e-01 3.377024204919152339e-01 3.371041824983170287e-01 2.758957702269442813e-01
1.997500000000000142e+01 3.310278605279436404e-01 3.316514899355491042e-01 3.312727230946753143e-01 3.013711491299030376e-01
