# r (Angstroms), cation-water g(r), anion-water g(r), water-water g(r), cation-anion g(r)
2.500000000000000139e-02 0.000000000000000000e+00 0.000000000000000000e+00 5.752286259446461190e+04 0.000000000000000000e+00
7.500000000000001110e-02 0.000000000000000000e+00 0.000000000000000000e+00 0.000000000000000000e+00 0.000000000000000000e+00
1.250000000000000000e-01 0.000000000000000000e+00 0.000000000000000000e+00 0.000000000000000000e+00 0.000000000000000000e+00
1.750000000000000167e-01 0.000000000000000000e+00 0.000000000000000000e+00 0.000000000000000000e+00 0.000000000000000000e+00
2.250000000000000056e-01 0.000000000000000000e+00 0.000000000000000000e+00 0.000000000000000000e+00 0.000000000000000000e+00
2.750000000000000222e-01 0.000000000000000000e+00 0.000000000000000000e+00 0.000000000000000000e+00 0.000000000000000000e+00
3.250000000000000666e-01 0.000000000000000000e+00 0.000000000000000000e+00 0.000000000000000000e+00 0.000000000000000000e+00
3.750000000000000000e-01 0.000000000000000000e+00 0.000000000000000000e+00 0.000000000000000000e+00 0.000000000000000000e+00
4.250000000000000444e-01 0.000000000000000000e+00 0.000000000000000000e+00 0.000000000000000000e+00 0.000000000000000000e+00
4.749999999999999778e-01 0.000000000000000000e+00 0.000000000000000000e+00 0.000000000000000000e+00 0.000000000000000000e+00
5.250000000000000222e-01 0.000000000000000000e+00 0.000000000000000000e+00 0.000000000000000000e+00 0.000000000000000000e+00
5.750000000000000666e-01 0.000000000000000000e+00 0.000000000000000000e+00 0.000000000000000000e+00 0.000000000000000000e+00
6.250000000000000000e-01 0.000000000000000000e+00 0.000000000000000000e+00 0.000000000000000000e+00 0.000000000000000000e+00
6.750000000000000444e-01 0.000000000000000000e+00 0.000000000000000000e+00 0.000000000000000000e+00 0.000000000000000000e+00
7.250000000000000888e-01 0.000000000000000000e+00 0.000000000000000000e+00 0.000000000000000000e+00 0.000000000000000000e+00
7.750000000000000222e-01 0.000000000000000000e+00 0.000000000000000000e+00 0.000000000000000000e+00 0.000000000000000000e+00
8.250000000000000666e-01 0.000000000000000000e+00 0.000000000000000000e+00 0.000000000000000000e+00 0.000000000000000000e+00
8.750000000000000000e-01 0.000000000000000000e+00 0.000000000000000000e+00 0.000000000000000000e+00 0.000000000000000000e+00
9.250000000000000444e-01 0.000000000000000000e+00 0.000000000000000000e+00 0.000000000000000000e+00 0.000000000000000000e+00
9.750000000000000888e-01 0.000000000000000000e+00 0.000000000000000000e+00 0.000000000000000000e+00 0.000000000000000000e+00
1.024999999999999911e+00 0.000000000000000000e+00 0.000000000000000000e+00 0.000000000000000000e+00 0.000000000000000000e+00
1.075000000000000178e+00 0.000000000000000000e+00 0.000000000000000000e+00 0.000000000000000000e+00 0.000000000000000000e+00
1.125000000000000000e+00 0.000000000000000000e+00 0.000000000000000000e+00 0.000000000000000000e+00 0.000000000000000000e+00
1.175000000000000266e+00 0.000000000000000000e+00 0.000000000000000000e+00 0.000000000000000000e+00 0.000000000000000000e+00
1.225000000000000089e+00 0.000000000000000000e+00 0.000000000000000000e+00 0.000000000000000000e+00 0.000000000000000000e+00
1.274999999999999911e+00 0.000000000000000000e+00 0.000000000000000000e+00 0.000000000000000000e+00 0.000000000000000000e+00
1.325000000000000178e+00 0.000000000000000000e+00 0.000000000000000000e+00 0.000000000000000000e+00 0.000000000000000000e+00
1.375000000000000000e+00 0.000000000000000000e+00 0.000000000000000000e+00 0.000000000000000000e+00 0.000000000000000000e+00
1.425000000000000266e+00 0.000000000000000000e+00 0.000000000000000000e+00 0.000000000000000000e+00 0.000000000000000000e+00
1.475000000000000089e+00 0.000000000000000000e+00 0.000000000000000000e+00 0.000000000000000000e+00 0.000000000000000000e+00
1.524999999999999911e+00 0.000000000000000000e+00 0.000000000000000000e+00 0.000000000000000000e+00 0.000000000000000000e+00
1.575000000000000178e+00 0.000000000000000000e+00 0.000000000000000000e+00 0.000000000000000000e+00 0.000000000000000000e+00
1.625000000000000000e+00 0.000000000000000000e+00 0.000000000000000000e+00 0.000000000000000000e+00 0.000000000000000000e+00
1.675000000000000266e+00 0.000000000000000000e+00 0.000000000000000000e+00 0.000000000000000000e+00 0.000000000000000000e+00
1.725000000000000089e+00 0.000000000000000000e+00 0.000000000000000000e+00 0.000000000000000000e+00 0.000000000000000000e+00
1.774999999999999911e+00 0.000000000000000000e+00 0.000000000000000000e+00 0.000000000000000000e+00 0.000000000000000000e+00
1.825000000000000178e+00 0.000000000000000000e+00 0.000000000000000000e+00 0.000000000000000000e+00 0.000000000000000000e+00
1.875000000000000000e+00 0.000000000000000000e+00 0.000000000000000000e+00 0.000000000000000000e+00 0.000000000000000000e+00
1.925000000000000266e+00 0.000000000000000000e+00 0.000000000000000000e+00 0.000000000000000000e+00 0.000000000000000000e+00
1.975000000000000089e+00 0.000000000000000000e+00 0.000000000000000000e+00 0.000000000000000000e+00 0.000000000000000000e+00
2.025000000000000355e+00 0.000000000000000000e+00 0.000000000000000000e+00 0.000000000000000000e+00 0.000000000000000000e+00
2.075000000000000178e+00 0.000000000000000000e+00 0.000000000000000000e+00 0.000000000000000000e+00 0.000000000000000000e+00
2.125000000000000000e+00 0.000000000000000000e+00 0.000000000000000000e+00 0.000000000000000000e+00 0.000000000000000000e+00
2.174999999999999822e+00 0.000000000000000000e+00 0.000000000000000000e+00 0.000000000000000000e+00 0.000000000000000000e+00
2.225000000000000089e+00 0.000000000000000000e+00 0.000000000000000000e+00 0.000000000000000000e+00 0.000000000000000000e+00
2.275000000000000355e+00 0.000000000000000000e+00 0.000000000000000000e+00 0.000000000000000000e+00 0.000000000000000000e+00
2.325000000000000178e+00 0.000000000000000000e+00 0.000000000000000000e+00 0.000000000000000000e+00 0.000000000000000000e+00
2.375000000000000000e+00 0.000000000000000000e+00 0.000000000000000000e+00 1.189688201837647159e-05 0.000000000000000000e+00
2.425000000000000266e+00 0.000000000000000000e+00 0.000000000000000000e+00 8.020558561132102486e-04 0.000000000000000000e+00
2.475000000000000089e+00 1.956244883650213109e-04 0.000000000000000000e+00 1.762459265475823170e-02 0.000000000000000000e+00
2.525000000000000355e+00 9.961558951833317591e-03 0.000000000000000000e+00 1.468465357259972348e-01 0.000000000000000000e+00
2.575000000000000178e+00 9.036292660369939223e-02 0.000000000000000000e+00 6.040458024023918071e-01 0.000000000000000000e+00
2.625000000000000000e+00 4.445058688245891454e-01 0.000000000000000000e+00 1.461975280986378634e+00 0.000000000000000000e+00
2.675000000000000266e+00 1.282961551022932190e+00 0.000000000000000000e+00 2.411532302787404713e+00 0.000000000000000000e+00
2.725000000000000089e+00 2.468754216421557235e+00 0.000000000000000000e+00 3.011644210012570877e+00 0.000000000000000000e+00
2.775000000000000355e+00 3.542257837985908431e+00 0.000000000000000000e+00 3.099589362596918640e+00 0.000000000000000000e+00
2.825000000000000178e+00 4.192030726829897525e+00 0.000000000000000000e+00 2.806196841716134038e+00 0.000000000000000000e+00
2.875000000000000000e+00 4.308887638153009902e+00 0.000000000000000000e+00 2.351100227268482890e+00 0.000000000000000000e+00
2.925000000000000266e+00 3.944478324793895041e+00 1.400638564304344412e-04 1.896351724599799837e+00 0.000000000000000000e+00
2.975000000000000089e+00 3.403572099049980704e+00 4.738842527915877734e-03 1.524752911949112555e+00 0.000000000000000000e+00
3.025000000000000355e+00 2.821855150701456427e+00 3.444161428598863095e-02 1.249393261388442200e+00 0.000000000000000000e+00
3.075000000000000178e+00 2.264079161328695911e+00 2.028990057255662949e-01 1.061943487057338542e+00 0.000000000000000000e+00
3.125000000000000000e+00 1.811073267906973427e+00 6.620191259813078544e-01 9.427076273925983907e-01 7.362585275046982236e-01
3.175000000000000266e+00 1.489746409381494052e+00 1.462048443104292827e+00 8.678077155650079089e-01 1.069878525728810148e+00
3.225000000000000089e+00 1.253341191313156688e+00 2.460825626408015943e+00 8.283354746548783343e-01 2.189141628511673154e+00
3.275000000000000355e+00 1.024423008663075230e+00 3.199743761053747360e+00 8.090423446416781239e-01 6.033247079049631090e+00
3.325000000000000178e+00 8.815514923063511032e-01 3.555905355539426438e+00 8.020787527199707556e-01 4.769244517580160547e+00
3.375000000000000000e+00 7.778795324971475855e-01 3.444489285026928194e+00 8.042519000177481558e-01 6.522657697433478674e+00
3.425000000000000266e+00 7.112029512302304735e-01 3.101220797679881791e+00 8.123972630194955524e-01 5.822833700103870136e+00
3.475000000000000089e+00 6.575408169328309516e-01 2.585506858491998017e+00 8.240756814703550370e-01 6.648843153410758156e+00
3.525000000000000355e+00 6.171276167796992951e-01 2.091810909197011625e+00 8.359015268564319312e-01 4.243415399016527978e+00
3.575000000000000178e+00 5.757018106398630319e-01 1.644031848169276611e+00 8.504317778527391569e-01 3.469212865419370129e+00
3.625000000000000000e+00 5.787160889252087603e-01 1.291669505757431002e+00 8.665152659399584234e-01 4.012528823307467185e+00
3.675000000000000266e+00 5.652055816003578315e-01 1.036091927213089070e+00 8.819803292010737206e-01 2.040773685527194736e+00
3.725000000000000089e+00 5.630024723727529157e-01 8.360832850192699839e-01 8.991041529644917540e-01 2.072719640580774403e+00
3.775000000000000355e+00 5.874578562191214992e-01 7.160325859870912968e-01 9.153407398183093235e-01 2.270449773535110349e+00
3.825000000000000178e+00 5.976730577631933494e-01 6.073380462264051927e-01 9.328342171835435348e-01 1.720040319724141398e+00
3.875000000000000000e+00 6.133937359999487304e-01 5.690212513244384818e-01 9.511194206219346636e-01 1.675939169398767081e+00
3.925000000000000266e+00 6.271132752656678466e-01 5.554720787239064705e-01 9.683431724877495927e-01 1.477939993803980556e+00
3.975000000000000089e+00 6.504947767012064785e-01 5.359737188932524043e-01 9.869937452188012328e-01 8.342593615148971020e-01
4.025000000000000355e+00 6.950147949629171817e-01 5.501830614021049337e-01 1.005686112434459600e+00 8.876306449079401917e-01
4.075000000000000178e+00 7.139301615405005963e-01 5.625997714919379611e-01 1.023361912155840825e+00 7.216518361877091170e-01
4.125000000000000000e+00 7.443360793409239395e-01 5.896093912614452925e-01 1.039155282799477442e+00 9.859688817081023737e-01
4.175000000000000711e+00 7.766643558365663447e-01 6.175090062958341619e-01 1.056015887838790412e+00 5.499968882617093380e-01
4.224999999999999645e+00 8.204878985087934451e-01 6.474886091570375424e-01 1.070763426109335281e+00 1.141244826922720446e+00
4.275000000000000355e+00 8.631754512935028156e-01 6.873142722925020820e-01 1.083591800945683525e+00 8.524218221525020622e-01
4.325000000000000178e+00 9.070124391947641529e-01 7.375001553898944406e-01 1.094281743332387924e+00 5.125087945725465000e-01
4.375000000000000000e+00 9.205832064013910188e-01 7.901714260059817807e-01 1.102263282309884351e+00 6.260767181728721376e-01
4.425000000000000711e+00 9.615260472018856142e-01 8.424904567361185537e-01 1.108242522719223633e+00 5.508073594816990104e-01
4.474999999999999645e+00 1.007241290598160477e+00 8.814558109856763801e-01 1.111957762216410073e+00 4.188859930006608723e-01
4.525000000000000355e+00 1.035144516068123854e+00 9.374650793452370401e-01 1.112757003008552514e+00 8.778858902596177183e-01
4.575000000000000178e+00 1.048769215142147937e+00 9.792062390313437392e-01 1.111158101410492982e+00 6.870417393659665750e-01
4.625000000000000000e+00 1.091089704223163981e+00 1.028120674260808443e+00 1.106111179205304884e+00 7.843117610969549958e-01
4.675000000000000711e+00 1.096716679401128935e+00 1.066614816737834426e+00 1.100972172597893595e+00 7.676249130894814421e-01
4.724999999999999645e+00 1.119897542081167652e+00 1.105297650811704502e+00 1.092867024269315479e+00 1.180873558559513370e+00
4.775000000000000355e+00 1.130887478740514762e+00 1.149125056243092136e+00 1.083746862272988221e+00 1.208830785473432146e+00
4.825000000000001066e+00 1.141698461462676617e+00 1.181642465344328485e+00 1.074224803029477870e+00 1.183907331543803565e+00
4.875000000000000000e+00 1.148351031683499945e+00 1.183193859596615605e+00 1.062452518918686861e+00 1.260594352862365097e+00
4.925000000000000711e+00 1.144124394418756463e+00 1.190861663488630651e+00 1.050213411210336956e+00 1.679774998283000365e+00
4.974999999999999645e+00 1.136155136778217223e+00 1.206505150148146077e+00 1.036636448835225988e+00 1.597763552104370932e+00
5.025000000000000355e+00 1.127088472202341762e+00 1.213177928119435034e+00 1.024053630976072826e+00 1.281375584212524066e+00
5.075000000000001066e+00 1.135418613509589614e+00 1.235779140876724247e+00 1.011335500253557562e+00 1.209723556581130621e+00
5.125000000000000000e+00 1.110999880574075727e+00 1.214019786546572277e+00 9.981855098830003659e-01 1.824976190832533707e+00
5.175000000000000711e+00 1.098360835813517289e+00 1.214882127122015598e+00 9.853388525015271959e-01 1.342411190190072379e+00
5.224999999999999645e+00 1.104128318239164575e+00 1.206534749282019314e+00 9.724302241282454240e-01 2.282526538460544874e+00
5.275000000000000355e+00 1.080626205437585918e+00 1.181229697223900255e+00 9.599924550768647036e-01 2.067195036705090416e+00
5.325000000000001066e+00 1.057004988422004077e+00 1.161898290619573615e+00 9.483569962403729514e-01 1.817248990530013764e+00
5.375000000000000000e+00 1.031333972880143612e+00 1.161536568635885613e+00 9.366646153753511728e-01 1.659160188031118865e+00
5.425000000000000711e+00 1.022020384253440772e+00 1.134524062408510670e+00 9.251782930512675307e-01 2.605948390128295156e+00
5.474999999999999645e+00 1.010634686864247067e+00 1.116335561550523492e+00 9.163603006063297807e-01 2.038859534417587049e+00
5.525000000000000355e+00 9.943099022866883629e-01 1.102071300019512146e+00 9.074251652825856551e-01 2.041381669255677433e+00
5.575000000000001066e+00 9.708870631796296946e-01 1.069552723585359022e+00 9.022058160028986196e-01 2.082042071867677979e+00
5.625000000000000000e+00 9.634751503546367113e-01 1.054827092752348205e+00 8.980429960243889731e-01 1.817949102442020903e+00
5.675000000000000711e+00 9.472422859437104048e-01 1.037103232659901009e+00 8.975394707297017494e-01 1.786056083800059202e+00
5.724999999999999645e+00 9.423957679720695868e-01 9.989943576450380780e-01 8.989302448470156692e-01 2.193743785773973887e+00
5.775000000000000355e+00 9.338733566655657015e-01 9.924425591036137861e-01 9.037790631718553014e-01 2.587105874564091135e+00
5.825000000000001066e+00 9.301653846099012801e-01 9.695094343671033510e-01 9.098104543936835764e-01 1.695255285768131115e+00
5.875000000000000000e+00 9.246771410921761358e-01 9.525566794204537446e-01 9.171465410132181306e-01 2.013715097185680314e+00
5.925000000000000711e+00 9.236785358190410244e-01 9.358649890245326342e-01 9.257915370891249829e-01 2.150550565674990811e+00
5.974999999999999645e+00 9.332243911120009505e-01 9.170451897410210051e-01 9.355324448179525021e-01 1.846174430298541669e+00
6.025000000000000355e+00 9.500522700231511797e-01 8.936677786509860111e-01 9.458341290573611948e-01 1.617587867234247412e+00
6.075000000000001066e+00 9.437321806503274901e-01 8.810959510716569465e-01 9.561196071754107795e-01 1.493658144436934787e+00
6.125000000000000000e+00 9.599468284738549295e-01 8.713373348565758292e-01 9.661416350835068112e-01 1.501314419615040086e+00
6.175000000000000711e+00 9.675320587389809601e-01 8.595151781476122466e-01 9.758938915441668360e-01 1.414244872450274304e+00
6.224999999999999645e+00 9.807810476570170133e-01 8.556591772858900269e-01 9.853701071804608080e-01 1.422542273126999213e+00
6.275000000000000355e+00 9.847216000857894613e-01 8.564119738661798431e-01 9.952298419598661905e-01 1.734736407618061582e+00
6.325000000000001066e+00 9.885053275783055593e-01 8.458909680449627766e-01 1.003016286240086430e+00 1.318007103437740746e+00
6.375000000000000000e+00 1.006616083777631232e+00 8.499828704368738164e-01 1.011143998494156371e+00 1.444847035711053218e+00
6.425000000000000711e+00 1.008921165261754682e+00 8.494329511357848750e-01 1.018546601211992364e+00 1.103121976117009906e+00
6.474999999999999645e+00 1.019695902057705661e+00 8.659483405393202382e-01 1.024573578460961754e+00 1.086151206116126700e+00
6.525000000000000355e+00 1.028446953453548751e+00 8.721209899766881879e-01 1.030536047018759671e+00 1.351034614132032630e+00
6.575000000000001066e+00 1.030328387063593532e+00 8.939732164653578783e-01 1.035360139567556015e+00 1.108803989414397284e+00
6.625000000000000000e+00 1.030916643800483534e+00 9.019360244532329540e-01 1.039773822656590463e+00 8.464011853862755119e-01
6.675000000000000711e+00 1.033093047454508140e+00 9.195122518646930976e-01 1.043036302440625507e+00 6.992897668328660332e-01
6.724999999999999645e+00 1.028519658600522080e+00 9.344277040536740353e-01 1.044927059100368538e+00 1.112887099681109104e+00
6.775000000000000355e+00 1.041094863534277826e+00 9.456713932075786477e-01 1.046524628695609138e+00 1.070413757426722068e+00
6.825000000000001066e+00 1.042696091637395295e+00 9.719224190962041376e-01 1.047295685736375548e+00 1.234873239540956513e+00
6.875000000000000000e+00 1.026773502611263655e+00 9.863090226328060650e-01 1.047449026414993600e+00 1.191623157260343513e+00
6.925000000000000711e+00 1.037263806980967207e+00 9.925087062003433713e-01 1.046534734898227681e+00 9.245889050156784750e-01
6.974999999999999645e+00 1.039146442277555149e+00 1.006213576861073822e+00 1.045133868750237838e+00 1.330123210538506573e+00
7.025000000000000355e+00 1.042060423464006957e+00 1.033100170486931590e+00 1.042681764800531097e+00 1.141278834478453019e+00
7.075000000000001066e+00 1.041987481686880157e+00 1.046344657536228073e+00 1.040228762718502731e+00 1.292788438817469521e+00
7.125000000000000000e+00 1.032371666334304550e+00 1.054749869555709374e+00 1.036696938672129420e+00 1.180284980031902409e+00
7.175000000000000711e+00 1.022782084055059881e+00 1.062517370537876094e+00 1.032623399507936135e+00 1.676005053756755236e+00
7.224999999999999645e+00 1.021025717453208026e+00 1.075111889553211686e+00 1.028948377481126775e+00 1.285579642444906190e+00
7.275000000000000355e+00 1.014284822526112517e+00 1.074807711413787725e+00 1.024490254090276276e+00 9.283346219209442918e-01
7.325000000000001066e+00 1.005890132822435667e+00 1.074389289920139934e+00 1.019939405980467173e+00 1.072044193247411181e+00
7.375000000000000000e+00 1.005935314269964298e+00 1.074874832818066839e+00 1.015861371124004542e+00 1.366011553206250895e+00
7.425000000000000711e+00 1.003823067684558534e+00 1.081901334918332847e+00 1.011827698592661751e+00 1.260729259342681985e+00
7.474999999999999645e+00 1.000368871129077686e+00 1.079958290577667235e+00 1.007366520441620894e+00 1.265366679457499144e+00
7.525000000000000355e+00 9.956689315259407147e-01 1.087134692494634791e+00 1.003578624729340341e+00 1.396746928258631337e+00
7.575000000000001066e+00 9.903372034000530455e-01 1.080515947480218175e+00 9.999891275232790644e-01 1.503675213935129262e+00
7.625000000000000000e+00 9.839256131540731198e-01 1.063567998918309110e+00 9.965404394077113093e-01 1.195460241802716039e+00
7.675000000000000711e+00 9.868325372772747128e-01 1.070791015906435106e+00 9.937080592315614691e-01 1.078216468947298612e+00
7.724999999999999645e+00 9.756054828666843592e-01 1.064203786602719859e+00 9.912246890866518445e-01 1.084385403840869122e+00
7.775000000000000355e+00 9.757256299150087742e-01 1.059481029882316960e+00 9.892623659834767214e-01 1.328192141493409029e+00
7.825000000000001066e+00 9.759000483833489836e-01 1.052306148754129422e+00 9.871683433467918212e-01 1.174274083567322213e+00
7.875000000000000000e+00 9.745034742227857150e-01 1.035353178577796518e+00 9.860464447833711121e-01 1.140086553491788113e+00
7.925000000000000711e+00 9.764034189201089564e-01 1.038453013791001744e+00 9.855358141829245744e-01 1.202067797314342767e+00
7.974999999999999645e+00 9.793662968645399092e-01 1.027432082837479221e+00 9.848733056961569421e-01 1.092832452540369204e+00
8.025000000000000355e+00 9.741783685283168515e-01 1.020381735843576942e+00 9.847793524884347338e-01 1.265335874924561121e+00
8.074999999999999289e+00 9.712304381195567826e-01 1.014510996746755156e+00 9.851073797956112488e-01 1.084311235246160798e+00
8.125000000000000000e+00 9.772484792555089506e-01 1.003787668940129718e+00 9.853073892000144829e-01 1.306991557655737823e+00
8.175000000000000711e+00 9.816484368100545366e-01 9.948817283684766588e-01 9.857597228378528476e-01 1.040014783724233505e+00
8.225000000000001421e+00 9.747982882304979668e-01 9.838323992062849577e-01 9.868536539117915840e-01 1.222262073194700482e+00
8.275000000000000355e+00 9.824269542965741175e-01 9.815869291116473550e-01 9.881236550902541271e-01 1.225036728018244592e+00
8.324999999999999289e+00 9.829380709587455245e-01 9.769381147495754814e-01 9.893571595555532561e-01 1.123911105464113547e+00
8.375000000000000000e+00 9.858955803705774512e-01 9.843750066481447014e-01 9.903622058823807750e-01 9.909356842820118416e-01
8.425000000000000711e+00 9.921748472223942406e-01 9.764399752238359653e-01 9.919657355007481803e-01 1.063623321790954979e+00
8.475000000000001421e+00 1.002392125481728735e+00 9.733781456845795876e-01 9.932162333040419622e-01 1.268006017586740919e+00
8.525000000000000355e+00 9.987810391976513769e-01 9.724808384857670518e-01 9.945238694046769634e-01 1.022327551182962146e+00
8.574999999999999289e+00 1.002878152490877639e+00 9.724182710067796886e-01 9.958089175887545608e-01 1.173414374989326214e+00
8.625000000000000000e+00 1.007183912582467533e+00 9.733066551226379204e-01 9.972259319710160552e-01 9.665408690393625379e-01
8.675000000000000711e+00 1.003823923606509183e+00 9.719921365653216849e-01 9.982263062438947454e-01 9.235836160024355479e-01
8.725000000000001421e+00 1.006393524283250018e+00 9.728003725912625077e-01 9.986775834798601315e-01 1.086189065954611399e+00
8.775000000000000355e+00 1.006722976601525987e+00 9.779314496067230689e-01 9.995677685647280653e-01 8.404013284969532593e-01
8.824999999999999289e+00 1.009396153059882728e+00 9.750212901645202157e-01 1.000442501439512188e+00 1.169422372447425307e+00
8.875000000000000000e+00 1.017102983159003937e+00 9.778502203912449176e-01 1.000803745061415562e+00 1.064997439435324100e+00
8.925000000000000711e+00 1.012614049408293582e+00 9.818334948748825841e-01 1.001004544946960673e+00 8.876112988618064525e-01
8.975000000000001421e+00 1.017296275471565314e+00 9.836889007086190295e-01 1.001410951633304514e+00 1.115782694652930340e+00
9.025000000000000355e+00 1.014353519706501006e+00 1.000817820615499842e+00 1.001616897668794248e+00 1.044602864631608119e+00
9.074999999999999289e+00 1.016491989893381964e+00 9.942871031021184303e-01 1.001426046960709026e+00 9.021644698940648466e-01
9.125000000000000000e+00 1.016824549868355021e+00 9.944017925692707482e-01 1.001641551126222884e+00 9.786569296134313145e-01
9.175000000000000711e+00 1.016107249809836688e+00 9.976009954352004216e-01 1.001294929221859809e+00 1.067668521613631016e+00
9.225000000000001421e+00 1.011515498504575339e+00 1.004756290362212479e+00 1.001447883283464124e+00 6.900024978661903896e-01
9.275000000000000355e+00 1.010459932875126032e+00 9.987445765252909169e-01 1.001051289792793009e+00 1.058700454919690115e+00
9.324999999999999289e+00 1.015529017201555639e+00 1.003098299271935057e+00 1.000762426803865734e+00 9.371272940290379383e-01
9.375000000000000000e+00 1.003962077610911718e+00 1.009743180118035211e+00 1.000492407140634255e+00 1.118043409396531018e+00
9.425000000000000711e+00 1.005263748945047553e+00 1.006747692372506497e+00 1.000037893770908459e+00 1.268097110737610000e+00
9.475000000000001421e+00 1.003598849323144693e+00 1.002744552237865960e+00 9.997231170215066243e-01 1.041174572683451371e+00
9.525000000000000355e+00 9.986508861855739605e-01 1.004317383952597842e+00 9.996742107729924554e-01 1.109524038298391746e+00
9.575000000000001066e+00 1.001580818929443506e+00 1.006482455542323518e+00 9.993679195286773176e-01 1.071824539349755412e+00
9.625000000000000000e+00 9.967770718976215472e-01 1.012649029892591201e+00 9.990663851674128626e-01 9.960397437756058903e-01
9.675000000000000711e+00 9.915323858206175345e-01 1.007944839256667002e+00 9.987782663747957201e-01 1.126595867685143526e+00
9.725000000000001421e+00 9.934889848943773139e-01 1.003068201961477834e+00 9.988006607580849350e-01 9.376482314357637016e-01
9.775000000000000355e+00 9.960560998211779316e-01 1.007406273207455571e+00 9.989554984772955892e-01 1.241621177062410153e+00
9.825000000000001066e+00 9.921262653327891368e-01 1.016098284381784511e+00 9.983082157863512052e-01 1.042801450085766524e+00
9.875000000000000000e+00 9.969498732602005697e-01 1.007063643761558325e+00 9.986975770429007415e-01 7.619122370403130784e-01
9.925000000000000711e+00 9.971979601649862968e-01 1.009789150707511185e+00 9.985341348722789334e-01 8.880743087964375615e-01
9.975000000000001421e+00 9.945847944101304794e-01 1.005809568006844401e+00 9.990261916298812661e-01 1.047806119006567505e+00
1.002500000000000036e+01 9.932975742377501138e-01 1.005769985347226170e+00 9.990697250166195031e-01 9.062172507841135261e-01
1.007500000000000107e+01 9.981022840392681506e-01 1.006519857682502961e+00 9.993750731198812742e-01 1.062526827336788715e+00
1.012500000000000000e+01 1.000227244125435400e+00 1.005522606086831638e+00 9.998089455991073793e-01 1.204022697624288041e+00
1.017500000000000071e+01 9.928750605312931521e-01 9.962433675868855865e-01 1.000229591150573638e+00 9.028451901587920547e-01
1.022500000000000142e+01 9.986737313563966989e-01 1.007063924878104588e+00 1.000033767971850063e+00 9.742711056627957333e-01
1.027500000000000036e+01 9.981720395056998818e-01 9.959472959932296199e-01 1.000716169920996323e+00 8.967078443119694819e-01
1.032500000000000107e+01 9.957784269781133624e-01 9.983526306692763752e-01 1.000749675189379850e+00 7.981155549020823026e-01
1.037500000000000000e+01 9.937852664427905269e-01 9.945979738247466839e-01 1.001471964191110953e+00 1.124430761336714601e+00
1.042500000000000071e+01 1.003207835100719869e+00 1.000153510395581646e+00 1.001507138588549894e+00 1.058538525968533595e+00
1.047500000000000142e+01 9.979565907621401610e-01 1.000883534011179909e+00 1.002208063202810751e+00 9.720072730019968521e-01
1.052500000000000036e+01 9.957020859027688742e-01 9.929002471742665037e-01 1.001824893231987534e+00 1.092608925014446175e+00
1.057500000000000107e+01 9.964459389700078829e-01 1.001053756685811091e+00 1.002299667732743815e+00 7.822574261712326171e-01
1.062500000000000000e+01 9.944885287032509957e-01 9.988726218062498052e-01 1.002979253830492912e+00 8.916799531522986433e-01
1.067500000000000071e+01 1.002324924934777650e+00 1.000842164643363841e+00 1.002782435354907298e+00 9.990228913780123676e-01
1.072500000000000142e+01 1.004606922966754023e+00 9.968349400931778570e-01 1.002878709016351788e+00 1.146002836586291762e+00
1.077500000000000036e+01 9.995473103219305600e-01 9.979164748627574744e-01 1.003170345477148118e+00 9.599221373613890940e-01
1.082500000000000107e+01 1.001246754101344560e+00 9.960925412434290527e-01 1.003439994391741363e+00 1.022661281332445826e+00
1.087500000000000000e+01 1.007939152816505812e+00 9.993972097181342829e-01 1.003048682670465874e+00 8.916856377896767993e-01
1.092500000000000071e+01 1.003884944169257443e+00 9.977704288271187494e-01 1.002951983586955143e+00 9.939852526629376905e-01
1.097500000000000142e+01 9.967684746373399740e-01 1.001245515935567321e+00 1.002820220696902576e+00 8.257653950063802428e-01
1.102500000000000036e+01 9.998646510178955671e-01 1.000347739335434749e+00 1.002926169006101764e+00 8.577282372635447460e-01
1.107500000000000107e+01 1.001740843526168545e+00 1.002962109342758312e+00 1.002752520588378493e+00 1.074713918599043305e+00
1.112500000000000000e+01 9.961261921353716797e-01 1.005227744644700660e+00 1.002287575249086071e+00 1.055392790975374195e+00
1.117500000000000071e+01 1.011193610294042422e+00 1.009907739281863170e+00 1.002122423642571647e+00 1.180314436552604151e+00
1.122500000000000142e+01 9.954336247821857775e-01 1.009709267513192232e+00 1.001766284680453145e+00 1.226887349966578666e+00
1.127500000000000036e+01 1.003997739360845243e+00 1.002668590279095939e+00 1.001388761112209869e+00 1.008645047852352095e+00
1.132500000000000107e+01 1.006887483144903284e+00 1.007223850445305269e+00 1.000890540042614907e+00 1.205316159773693441e+00
1.137500000000000000e+01 1.002908259408574088e+00 1.009641425020236127e+00 1.000781838649598798e+00 1.102127521028565926e+00
1.142500000000000071e+01 1.003302438358966153e+00 1.003385064561751916e+00 1.000240678511296721e+00 1.000695122626618083e+00
1.147500000000000142e+01 1.004516261068505889e+00 1.010613835676354322e+00 1.000006986334852854e+00 9.555900504837384624e-01
1.152500000000000036e+01 1.002730105263113902e+00 1.007556908868553425e+00 9.999537639175166692e-01 7.939415276237068442e-01
1.157500000000000107e+01 9.993451746767626487e-01 1.008593567325252627e+00 9.995204648113132917e-01 9.212615500913502453e-01
1.162500000000000000e+01 9.963536901985903249e-01 1.009131775527676966e+00 9.988550026186373554e-01 9.310887991353862247e-01
1.167500000000000071e+01 9.963043271690685820e-01 1.010678792854952546e+00 9.990517051684425498e-01 9.934646009204201045e-01
1.172500000000000142e+01 1.003010031591054174e+00 1.002914145697450632e+00 9.985173590645523012e-01 1.202932119754621221e+00
1.177500000000000036e+01 9.999378191450624120e-01 1.000551474121243345e+00 9.984224716471205019e-01 9.161609503546164213e-01
1.182500000000000107e+01 9.949104719484612724e-01 1.004731796606298078e+00 9.982214410307552743e-01 1.036981050260259662e+00
1.187500000000000000e+01 1.000537759247717151e+00 1.006579889986780607e+00 9.982340503116698960e-01 9.857766044041821329e-01
1.192500000000000071e+01 9.989488110038803326e-01 1.001038697332177207e+00 9.979721430777638291e-01 8.679769831232784227e-01
1.197500000000000142e+01 1.003117607372530085e+00 1.003844643468412290e+00 9.978162440095655894e-01 9.693814611762497924e-01
1.202500000000000036e+01 9.964422178378794515e-01 1.003544508172613314e+00 9.979372789591941517e-01 1.069072874189813671e+00
1.207500000000000107e+01 9.953576449593452002e-01 1.006724378424068478e+00 9.981517573542364463e-01 9.616108571024011287e-01
1.212500000000000000e+01 1.000280810845133983e+00 1.003704336417027720e+00 9.978328596412081586e-01 1.116721436546333823e+00
1.217500000000000071e+01 9.998267256962178884e-01 9.982017536177130168e-01 9.980177356353702178e-01 9.216259549729435285e-01
1.222500000000000142e+01 9.920578240990973740e-01 9.990579249739499623e-01 9.979307884564515563e-01 1.130600484941827188e+00
1.227500000000000036e+01 9.941645684279102335e-01 1.000789628111436347e+00 9.983005303576377720e-01 1.065735891467588292e+00
1.232500000000000107e+01 9.980742004246083710e-01 9.969539830904928790e-01 9.985786295568480631e-01 9.939956626658920102e-01
1.237500000000000000e+01 1.001590956093005857e+00 1.003375109677045796e+00 9.985778963008432596e-01 1.017280552303533314e+00
1.242500000000000071e+01 9.984674424691566408e-01 9.961309654679888492e-01 9.986180482059563435e-01 1.016872050342142897e+00
1.247500000000000142e+01 9.976949111908609558e-01 9.978335162909754974e-01 9.987787414714898171e-01 8.701320173854814044e-01
1.252500000000000036e+01 1.002632062727786710e+00 9.971243964860494469e-01 9.990180100570124067e-01 9.625047801094155364e-01
1.257500000000000107e+01 9.996536509269563497e-01 1.006231615971339588e+00 9.993554447927440743e-01 1.197371517295573673e+00
1.262500000000000000e+01 1.003547651304048438e+00 9.996456050568723883e-01 9.996165088738734328e-01 9.548359795594374422e-01
1.267500000000000071e+01 9.986368790347336377e-01 9.918564717816520382e-01 9.996389173061859257e-01 9.995319823024673145e-01
1.272500000000000142e+01 1.003592866793033833e+00 9.999221241972479080e-01 1.000167989944258595e+00 9.472884118157360867e-01
1.277500000000000036e+01 1.003278782500763189e+00 9.998937179941445041e-01 9.999956370729989885e-01 8.811447739571816040e-01
1.282500000000000107e+01 9.977297815047683205e-01 1.003551080113841421e+00 1.000088769873032302e+00 9.835736072902137028e-01
1.287500000000000000e+01 1.001793620549420227e+00 1.000477896653046317e+00 1.000309556286832713e+00 1.055470817970163289e+00
1.292500000000000071e+01 1.003756275876612092e+00 9.991294147423033234e-01 1.000468607690275347e+00 9.253722268617418090e-01
1.297500000000000142e+01 1.003751292992833388e+00 9.995230535786192583e-01 1.000577835592757925e+00 9.182540141980094495e-01
1.302500000000000036e+01 9.977267837695928954e-01 9.972393882986795299e-01 1.000993986331092156e+00 1.031300561642799929e+00
1.307500000000000107e+01 1.004803087607806455e+00 9.980176192640131116e-01 1.000882811311305520e+00 1.093525890115441879e+00
1.312500000000000000e+01 1.000341145657024144e+00 9.974820343158207203e-01 1.000845128378307525e+00 9.599935890171719111e-01
1.317500000000000071e+01 1.000267243414205920e+00 1.000025611290416450e+00 1.000970213396284558e+00 1.056277569708624853e+00
1.322500000000000142e+01 1.001515638527546326e+00 1.005640344621050453e+00 1.000761338039450443e+00 8.838655914651571965e-01
1.327500000000000036e+01 1.000173622570027954e+00 1.001819260121186383e+00 1.001006818382397023e+00 9.996228100012518603e-01
1.332500000000000107e+01 1.003176754345941335e+00 9.991609696851873057e-01 1.000850649889202693e+00 8.976459829920760969e-01
1.337500000000000000e+01 1.002509825700317547e+00 1.004130947606978630e+00 1.000933157367923210e+00 9.914299263878479929e-01
1.342500000000000071e+01 1.002104243743271450e+00 1.001751844331681296e+00 1.000631426972280913e+00 1.017303961760158471e+00
1.347500000000000142e+01 9.984827644910384548e-01 1.005808535319150376e+00 1.000773500030021523e+00 7.919752246607482116e-01
1.352500000000000036e+01 1.000390260474845805e+00 9.955228029844210846e-01 1.000653522448883948e+00 9.368054120198483492e-01
1.357500000000000107e+01 9.971378237902728259e-01 1.005773697910631759e+00 1.000729671120947462e+00 9.104084163029028121e-01
1.362500000000000000e+01 9.985216204944167284e-01 1.001574966540807576e+00 1.000624362441882687e+00 8.779176793005093460e-01
1.367500000000000071e+01 9.957188849086451299e-01 1.002152675995496844e+00 1.000590482311498386e+00 1.006080877127210060e+00
1.372500000000000142e+01 9.967091757620191173e-01 9.989802504937731475e-01 1.000283847389800362e+00 1.005125511532637406e+00
1.377500000000000036e+01 1.000886075043103007e+00 1.004523777616422420e+00 1.000537701867149298e+00 9.536338343250878591e-01
1.382500000000000107e+01 1.000662922667267418e+00 1.001120622235276647e+00 1.000498088124213369e+00 9.718278498826837808e-01
1.387500000000000000e+01 9.988421243476869327e-01 1.002116343061078219e+00 1.000457633820474923e+00 9.772858136927943251e-01
1.392500000000000071e+01 1.000766785755988320e+00 1.004085514884399233e+00 1.000252314759668693e+00 8.961186659582563996e-01
1.397500000000000142e+01 1.004423951909314772e+00 1.003196754880823383e+00 1.000094253529154154e+00 9.081258010835985273e-01
1.402500000000000036e+01 9.991514896247298827e-01 1.006754696043259178e+00 1.000325502677355427e+00 9.016622996332973594e-01
1.407500000000000107e+01 9.990702023896810280e-01 1.004665624629996090e+00 1.000113987577152308e+00 1.052544291691720257e+00
1.412500000000000000e+01 1.003944293345393701e+00 1.002118361290513793e+00 1.000136239968676621e+00 8.048516294536113280e-01
1.417500000000000071e+01 9.998145727018046269e-01 1.002564003136161119e+00 1.000157780345569458e+00 1.043710034734048220e+00
1.422500000000000142e+01 9.992357952505487306e-01 1.002629218417431023e+00 9.999898458581343297e-01 1.012696966032963442e+00
1.427500000000000036e+01 1.004250854601839604e+00 1.001157558729541819e+00 9.998737468498882786e-01 9.115225479204835946e-01
1.432500000000000107e+01 9.987242512654483928e-01 1.002590205272802626e+00 9.999037293058916642e-01 9.051705002113468179e-01
1.437500000000000000e+01 9.958307753158924802e-01 1.002285346808095223e+00 1.000014799055253478e+00 9.336801529601537197e-01
1.442500000000000071e+01 9.986491210124897044e-01 9.999679600678224034e-01 1.000081138343435816e+00 9.963281946400047717e-01
1.447500000000000142e+01 1.000421091627598624e+00 9.992200166649488624e-01 1.000074815996462085e+00 9.265435426154744469e-01
1.452500000000000036e+01 9.964876622403313622e-01 1.003440099887221493e+00 9.999602571624539582e-01 9.883367243128091673e-01
1.457500000000000107e+01 1.007155765900151767e+00 1.000860196184550688e+00 1.000002464299140748e+00 9.477201722410354412e-01
1.462500000000000000e+01 9.988355165118301127e-01 9.989755836424507596e-01 1.000015105859065612e+00 9.804699143448450949e-01
1.467500000000000071e+01 9.977277358211205094e-01 1.005262166129552215e+00 9.998615599368170237e-01 9.904937923935273059e-01
1.472500000000000142e+01 1.000414412815753051e+00 9.978444293785985186e-01 9.998796020259044237e-01 9.229832989350353900e-01
1.477500000000000036e+01 9.997482297610865709e-01 9.984417281210518080e-01 1.000068026229749885e+00 9.277259544784955958e-01
1.482500000000000107e+01 1.000333247934084957e+00 1.003572054603983021e+00 1.000020555871955041e+00 1.128675051631158555e+00
1.487500000000000000e+01 1.000514121953565816e+00 1.003010871406677662e+00 1.000052412862724838e+00 9.261261528895974315e-01
1.492500000000000071e+01 1.002714414575271107e+00 1.000110632268178090e+00 1.000068853397523494e+00 9.145516367888280040e-01
1.497500000000000142e+01 9.968953804941064201e-01 1.000475760579504714e+00 1.000008750763947907e+00 1.090145578240673707e+00
1.502500000000000036e+01 9.963920356486067886e-01 1.002523172610584545e+00 1.000131636377980637e+00 1.003276957414568127e+00
1.507500000000000107e+01 9.988264102350844498e-01 1.003915037837171065e+00 1.000033095218189061e+00 9.491740604928579073e-01
1.512500000000000000e+01 9.995934485176545259e-01 1.002113110655139305e+00 9.998904543469085970e-01 9.481472908206930450e-01
1.517500000000000071e+01 1.004897748764372878e+00 9.953381479043172941e-01 1.000122413297621193e+00 9.887447813884270298e-01
1.522500000000000142e+01 1.004010563963046110e+00 9.976517149325037082e-01 1.000051534217038629e+00 9.305632727623016631e-01
1.527500000000000036e+01 1.000981999367566821e+00 9.972224425624304223e-01 9.998923339428520407e-01 9.244811815909184105e-01
1.532500000000000107e+01 1.003324091894661541e+00 1.001385123899015017e+00 9.997716576043642611e-01 9.133559768966621473e-01
1.537500000000000000e+01 9.990598431940280744e-01 1.004119118415301326e+00 1.000076676402879672e+00 9.074251148375807041e-01
1.542500000000000071e+01 1.001044877955573620e+00 1.002717029959967254e+00 9.997957098958579758e-01 1.032503496688834455e+00
1.547500000000000142e+01 1.001146932394590072e+00 1.000456365445496099e+00 9.997519771492041629e-01 8.757189571841814679e-01
1.552500000000000036e+01 9.965184923906617032e-01 9.993524911666007426e-01 9.977151757194044901e-01 9.148346925838165555e-01
1.557500000000000107e+01 9.892808855709219751e-01 9.926944645815408697e-01 9.931798942890653903e-01 8.941502184110262652e-01
1.562500000000000000e+01 9.896008114604383232e-01 9.874656180028454910e-01 9.860562823340389693e-01 9.277047436437818595e-01
1.567500000000000071e+01 9.792105271148557888e-01 9.804834832420895596e-01 9.769967344789328711e-01 8.535146446969684719e-01
1.572500000000000142e+01 9.702891252199814520e-01 9.699692720515491473e-01 9.676828356008312371e-01 9.595595052971138683e-01
1.577500000000000036e+01 9.585957027561071708e-01 9.618606712153665583e-01 9.582936016774594723e-01 9.005148995302547643e-01
1.582500000000000107e+01 9.533899966417419547e-01 9.537297462352489763e-01 9.488313323001754673e-01 9.618263140129098554e-01
1.587500000000000000e+01 9.427861513690067863e-01 9.373653259581453678e-01 9.397450968441737329e-01 9.652873319340913305e-01
1.592500000000000071e+01 9.316916344666230643e-01 9.314175672113013116e-01 9.305160938543828308e-01 8.694547410210358152e-01
1.597500000000000142e+01 9.229384237225434218e-01 9.222387548131494306e-01 9.212803586717436266e-01 7.935841992455232585e-01
1.602499999999999858e+01 9.129181928680787372e-01 9.154334404040436191e-01 9.120954036008316335e-01 8.026392879146025949e-01
1.607500000000000284e+01 9.038671575068998321e-01 9.023089497578025142e-01 9.030184722363172600e-01 7.930164437370378350e-01
1.612500000000000000e+01 8.944682083088164593e-01 8.983396068958763303e-01 8.939917774069848777e-01 7.512356782032847402e-01
1.617500000000000071e+01 8.843389765499022337e-01 8.884750402765149158e-01 8.851302792845753276e-01 7.832413037107053277e-01
1.622500000000000142e+01 8.763567959204296987e-01 8.798346551518788639e-01 8.761183895805483290e-01 8.102865748664330736e-01
1.627499999999999858e+01 8.660353916205758562e-01 8.652210276245059228e-01 8.674676859683748686e-01 8.460337070282136773e-01
1.632500000000000284e+01 8.583373854985231199e-01 8.580361150881316012e-01 8.586952587734820730e-01 7.734106057811479529e-01
1.637500000000000000e+01 8.483976167456190876e-01 8.529695625610723697e-01 8.500181324373917713e-01 8.044479440680353255e-01
1.642500000000000071e+01 8.403529086683060312e-01 8.442840673507076010e-01 8.412195581412681422e-01 7.862317364803057540e-01
1.647500000000000142e+01 8.284650895537324367e-01 8.322223108557134097e-01 8.326919855937919834e-01 8.167872395610886738e-01
1.652499999999999858e+01 8.264740967876179623e-01 8.243325629047284497e-01 8.239601027678918888e-01 7.548029259364860133e-01
1.657500000000000284e+01 8.161563216691880562e-01 8.177964160368667024e-01 8.156062008674251906e-01 7.458939810453384389e-01
1.662500000000000000e+01 8.114669486868499870e-01 8.079983444724765373e-01 8.071915991612766961e-01 8.237935009136794218e-01
1.667500000000000071e+01 7.983373874576147333e-01 7.971435748688060485e-01 7.986218337784141141e-01 7.886920713068782396e-01
1.672500000000000142e+01 7.900325725000593158e-01 7.910007706725481480e-01 7.904115235511465221e-01 7.582790996925933280e-01
1.677499999999999858e+01 7.825193603976676737e-01 7.835967766879970986e-01 7.817853205117725190e-01 6.600771739172280883e-01
1.682500000000000284e+01 7.740526821815508773e-01 7.770752506127570625e-01 7.738054580969818685e-01 8.043249326739260185e-01
1.687500000000000000e+01 7.653400103772651786e-01 7.661900748864736155e-01 7.655927404473891196e-01 7.574832260273042239e-01
1.692500000000000071e+01 7.579883893091545755e-01 7.604356858213371373e-01 7.574820624861419160e-01 8.743332838396000728e-01
1.697500000000000142e+01 7.485889871058266642e-01 7.485640342782166057e-01 7.492599603226515192e-01 7.901728743179597947e-01
1.702499999999999858e+01 7.416764566426891081e-01 7.424537262596087039e-01 7.412107398409429893e-01 7.979416811993856884e-01
1.707500000000000284e+01 7.345401097354160580e-01 7.341866295192152059e-01 7.333575704437619303e-01 6.699683167526877536e-01
1.712500000000000000e+01 7.246752460768348669e-01 7.274661676364617691e-01 7.252013286614217291e-01 6.456304632811932231e-01
1.717500000000000071e+01 7.192717139510281799e-01 7.206976554684260128e-01 7.173103415501260738e-01 7.150020144217256179e-01
1.722500000000000142e+01 7.084983337884688259e-01 7.103158661127996210e-01 7.094107673269688386e-01 5.977661866687953296e-01
1.727499999999999858e+01 7.025718590616026882e-01 7.031621543478513425e-01 7.015937919752733842e-01 7.187949403979588814e-01
1.732500000000000284e+01 6.946178295994721585e-01 6.955161352383306683e-01 6.937614289205492613e-01 6.787198160264295010e-01
1.737500000000000000e+01 6.872080236683635324e-01 6.868031321854459748e-01 6.859719058491136057e-01 6.986362842499291848e-01
1.742500000000000071e+01 6.787271399606866762e-01 6.791849660247410991e-01 6.782687376672759116e-01 6.393777791104915398e-01
1.747500000000000142e+01 6.715366651378801288e-01 6.723725247365055502e-01 6.706454347461253684e-01 7.299055649968194670e-01
1.752499999999999858e+01 6.644326906200402894e-01 6.662080384127662125e-01 6.629902263912454963e-01 7.179428436517824030e-01
1.757500000000000284e+01 6.551755079174690355e-01 6.551017937378759148e-01 6.553253572055011134e-01 6.517885353498474865e-01
1.762500000000000000e+01 6.485354715847220231e-01 6.499512520555429385e-01 6.479990335216418984e-01 6.133762802739261000e-01
1.767500000000000071e+01 6.422706870627825637e-01 6.452051639709923680e-01 6.403937189139410346e-01 6.521059796021944077e-01
1.772500000000000142e+01 6.301044087572499341e-01 6.331177111145744885e-01 6.329462122530682411e-01 6.255463121534489135e-01
1.777499999999999858e+01 6.245997948044239578e-01 6.243039503088675390e-01 6.254637896893059379e-01 6.258248944462794228e-01
1.782500000000000284e+01 6.187924081604452287e-01 6.199729282211177139e-01 6.181734158559167858e-01 6.675784368658691514e-01
1.787500000000000000e+01 6.127925972889247674e-01 6.118474563993998583e-01 6.107345755053388281e-01 7.238579034853597216e-01
1.792500000000000071e+01 6.025608928087601290e-01 6.049180408738951131e-01 6.034537745283700128e-01 6.452319861840906112e-01
1.797500000000000142e+01 5.975294801902342190e-01 5.958752910082421028e-01 5.963401849293804569e-01 6.082668740957662967e-01
1.802499999999999858e+01 5.890700748990895796e-01 5.902798688654089521e-01 5.890754304504283168e-01 6.233389643535813818e-01
1.807500000000000284e+01 5.814029262515106877e-01 5.846637946188758539e-01 5.818018599338894425e-01 5.098545591268468513e-01
1.812500000000000000e+01 5.753616170718742762e-01 5.768134450516534395e-01 5.747404170869785389e-01 5.252844951964767972e-01
1.817500000000000071e+01 5.683113321803560103e-01 5.686559699635059806e-01 5.676750002330804845e-01 5.369093884861908528e-01
1.822500000000000142e+01 5.609399974353854734e-01 5.598612389181019111e-01 5.607141075665992291e-01 5.880857468803407651e-01
1.827499999999999858e+01 5.544803476972518519e-01 5.540282379204457541e-01 5.536045177670849693e-01 5.669313074235798888e-01
1.832500000000000284e+01 5.482112208152617461e-01 5.444463279760474173e-01 5.467702410907765431e-01 5.602731523759673093e-01
1.837500000000000000e+01 5.388432158262765892e-01 5.412531390481580829e-01 5.397618615221818628e-01 4.649483682864065659e-01
1.842500000000000071e+01 5.309383215699500225e-01 5.347789476926835261e-01 5.328849753961403257e-01 4.059485331933425645e-01
1.847500000000000142e+01 5.250770995531705010e-01 5.282966006115716873e-01 5.259278132101574688e-01 5.055705042636641222e-01
1.852499999999999858e+01 5.192643515320150005e-01 5.184996079980643824e-01 5.191928776934173762e-01 5.412568390974050736e-01
1.857500000000000284e+01 5.128604806580645548e-01 5.136315322942749395e-01 5.122700148721837099e-01 4.619363406124973315e-01
1.862500000000000000e+01 5.047041434609741417e-01 5.096303781446114289e-01 5.056471339442302204e-01 4.836415537932768904e-01
1.867500000000000071e+01 4.973183447753924957e-01 4.996480265878175397e-01 4.990097831100437364e-01 5.051080035788845235e-01
1.872500000000000142e+01 4.940781278982064317e-01 4.935210292696177725e-01 4.922278153745987539e-01 5.195030156164345270e-01
1.877499999999999858e+01 4.828354640899079064e-01 4.861126817131955491e-01 4.857384737747456049e-01 4.759444681123103926e-01
1.882500000000000284e+01 4.800170095702898654e-01 4.808015334286656617e-01 4.789765550925290660e-01 4.598932962892787746e-01
1.887500000000000000e+01 4.725830936648509617e-01 4.748872120679402120e-01 4.724514931854314481e-01 4.944604456264455328e-01
1.892500000000000071e+01 4.670879614199278662e-01 4.683661052552162141e-01 4.659335030951508583e-01 4.282785626096946574e-01
1.897500000000000142e+01 4.589548303432841592e-01 4.610383562675078317e-01 4.594274179566716909e-01 4.027262569186286778e-01
1.902499999999999858e+01 4.527878154056211857e-01 4.544399269294507326e-01 4.529366378765554146e-01 4.933158658328706814e-01
1.907500000000000284e+01 4.470479427474716716e-01 4.463694795821656625e-01 4.465176743811274940e-01 4.643849820783986782e-01
1.912500000000000000e+01 4.403003017093899407e-01 4.425314702236589071e-01 4.400774666208004393e-01 4.947231213724179177e-01
1.917500000000000426e+01 4.335419064424962388e-01 4.338124240244561336e-01 4.336874709755745294e-01 3.845912610996516379e-01
1.922500000000000142e+01 4.283749029198072877e-01 4.291336050639431576e-01 4.274544804955637822e-01 4.636513103052712914e-01
1.927499999999999858e+01 4.208590493701435675e-01 4.238362018599781678e-01 4.211270640556098455e-01 3.967386308230326786e-01
1.932500000000000284e+01 4.120385478050874184e-01 4.151800100174370400e-01 4.149035549250543187e-01 4.524475709308474203e-01
1.937500000000000000e+01 4.054071041431843159e-01 4.092634117285614548e-01 4.086227730540178960e-01 4.149999884925703042e-01
1.942500000000000426e+01 4.016681122918205893e-01 4.035101312453545641e-01 4.023566018105462772e-01 3.715796854542673944e-01
1.947500000000000142e+01 3.969700075445243836e-01 3.954154803379093530e-01 3.964189592458608469e-01 3.854721935102315422e-01
1.952499999999999858e+01 3.901677230725566492e-01 3.885614219108670109e-01 3.901070419813135182e-01 3.426356685404458036e-01
1.957500000000000284e+01 3.842897069346226102e-01 3.839832208974182648e-01 3.839744078601444732e-01 3.784164336910539883e-01
1.962500000000000000e+01 3.772405242962846850e-01 3.789705144110869228e-01 3.780061693818052571e-01 4.013825985782097927e-01
1.967500000000000426e+01 3.728304687749603441e-01 3.720286828206055829e-01 3.719883768239813371e-01 3.745795385209465533e-01
1.972500000000000142e+01 3.653586395979124823e-01 3.677210182171534170e-01 3.659658109433731044e-01 3.141624760920156412e-01
1.977499999999999858e+01 3.605990882080776783e-01 3.603876398725799346e-01 3.599306969551006596e-01 3.401560179746634938e-01
1.982500000000000284e+01 3.538216992892375679e-01 3.550443605333775676e-01 3.539789134016324557e-01 2.622166259252906584e-01
1.987500000000000000e+01 3.475356132672269838e-01 3.514005582846194686e-01 3.480790111883536597e-01 4.065169798513278421e-01
1.992500000000000426e+01 3.441303890203541438e-01 3.436625211675191638e-01 3.421472511358029656e-01 3.531647663334833709e-01
1.997500000000000142e+01 3.381749328558892875e-01 3.360244914415992379e-01 3.363242137188307002e-01 2.973375698529538425e-01
